timeStamp,elapsed,label,responseCode,responseMessage,threadName,dataType,success,failureMessage,bytes,sentBytes,grpThreads,allThreads,URL,Latency,IdleTime,Connect
1676157885194,390,HTTP Request,200,,Thread-Gruppe  1-93,text,true,,403,129,100,100,http://localhost:7000/randomRequest,385,0,65
1676157885199,475,HTTP Request,200,,Thread-Gruppe  1-52,text,true,,492,129,100,100,http://localhost:7000/randomRequest,475,0,61
1676157885196,480,HTTP Request,200,,Thread-Gruppe  1-67,text,true,,403,129,100,100,http://localhost:7000/randomRequest,480,0,63
1676157885197,479,HTTP Request,200,,Thread-Gruppe  1-40,text,true,,492,129,100,100,http://localhost:7000/randomRequest,479,0,63
1676157885194,483,HTTP Request,200,,Thread-Gruppe  1-88,text,true,,557,129,100,100,http://localhost:7000/randomRequest,483,0,60
1676157885196,489,HTTP Request,200,,Thread-Gruppe  1-54,text,true,,419,129,100,100,http://localhost:7000/randomRequest,489,0,64
1676157885195,553,HTTP Request,200,,Thread-Gruppe  1-38,text,true,,417,129,100,100,http://localhost:7000/randomRequest,553,0,62
1676157885194,582,HTTP Request,200,,Thread-Gruppe  1-85,text,true,,545,129,100,100,http://localhost:7000/randomRequest,582,0,57
1676157885200,576,HTTP Request,200,,Thread-Gruppe  1-98,text,true,,485,129,100,100,http://localhost:7000/randomRequest,576,0,62
1676157885198,578,HTTP Request,200,,Thread-Gruppe  1-33,text,true,,419,129,100,100,http://localhost:7000/randomRequest,578,0,61
1676157885196,580,HTTP Request,200,,Thread-Gruppe  1-18,text,true,,419,129,100,100,http://localhost:7000/randomRequest,580,0,65
1676157885199,577,HTTP Request,200,,Thread-Gruppe  1-48,text,true,,563,129,100,100,http://localhost:7000/randomRequest,577,0,53
1676157885200,576,HTTP Request,200,,Thread-Gruppe  1-31,text,true,,549,129,100,100,http://localhost:7000/randomRequest,576,0,61
1676157885199,577,HTTP Request,200,,Thread-Gruppe  1-83,text,true,,552,129,100,100,http://localhost:7000/randomRequest,577,0,61
1676157885196,580,HTTP Request,200,,Thread-Gruppe  1-21,text,true,,417,129,100,100,http://localhost:7000/randomRequest,580,0,53
1676157885198,590,HTTP Request,200,,Thread-Gruppe  1-62,text,true,,490,129,100,100,http://localhost:7000/randomRequest,590,0,63
1676157885194,606,HTTP Request,200,,Thread-Gruppe  1-69,text,true,,492,129,100,100,http://localhost:7000/randomRequest,606,0,68
1676157885198,602,HTTP Request,200,,Thread-Gruppe  1-30,text,true,,563,129,100,100,http://localhost:7000/randomRequest,602,0,59
1676157885197,603,HTTP Request,200,,Thread-Gruppe  1-94,text,true,,416,129,100,100,http://localhost:7000/randomRequest,603,0,73
1676157885196,604,HTTP Request,200,,Thread-Gruppe  1-1,text,true,,490,129,100,100,http://localhost:7000/randomRequest,604,0,79
1676157885196,607,HTTP Request,200,,Thread-Gruppe  1-5,text,true,,564,129,100,100,http://localhost:7000/randomRequest,607,0,66
1676157885197,606,HTTP Request,200,,Thread-Gruppe  1-76,text,true,,416,129,100,100,http://localhost:7000/randomRequest,606,0,65
1676157885197,606,HTTP Request,200,,Thread-Gruppe  1-97,text,true,,419,129,100,100,http://localhost:7000/randomRequest,606,0,51
1676157885198,605,HTTP Request,200,,Thread-Gruppe  1-4,text,true,,418,129,100,100,http://localhost:7000/randomRequest,605,0,64
1676157885199,616,HTTP Request,200,,Thread-Gruppe  1-43,text,true,,675,129,100,100,http://localhost:7000/randomRequest,616,0,69
1676157885198,678,HTTP Request,200,,Thread-Gruppe  1-25,text,true,,492,129,100,100,http://localhost:7000/randomRequest,678,0,61
1676157885194,683,HTTP Request,200,,Thread-Gruppe  1-100,text,true,,492,129,100,100,http://localhost:7000/randomRequest,683,0,65
1676157885196,685,HTTP Request,200,,Thread-Gruppe  1-9,text,true,,490,129,100,100,http://localhost:7000/randomRequest,685,0,65
1676157885196,685,HTTP Request,200,,Thread-Gruppe  1-92,text,true,,485,129,100,100,http://localhost:7000/randomRequest,685,0,65
1676157885199,683,HTTP Request,200,,Thread-Gruppe  1-16,text,true,,415,129,100,100,http://localhost:7000/randomRequest,683,0,62
1676157885196,691,HTTP Request,200,,Thread-Gruppe  1-17,text,true,,559,129,100,100,http://localhost:7000/randomRequest,691,0,65
1676157885196,717,HTTP Request,200,,Thread-Gruppe  1-34,text,true,,492,129,100,100,http://localhost:7000/randomRequest,717,0,62
1676157885196,718,HTTP Request,200,,Thread-Gruppe  1-58,text,true,,560,129,100,100,http://localhost:7000/randomRequest,718,0,74
1676157885200,716,HTTP Request,200,,Thread-Gruppe  1-60,text,true,,558,129,100,100,http://localhost:7000/randomRequest,715,0,68
1676157885196,781,HTTP Request,200,,Thread-Gruppe  1-57,text,true,,418,129,100,100,http://localhost:7000/randomRequest,781,0,66
1676157885196,816,HTTP Request,200,,Thread-Gruppe  1-27,text,true,,492,129,100,100,http://localhost:7000/randomRequest,816,0,66
1676157885200,812,HTTP Request,200,,Thread-Gruppe  1-20,text,true,,485,129,100,100,http://localhost:7000/randomRequest,812,0,58
1676157885196,816,HTTP Request,200,,Thread-Gruppe  1-79,text,true,,492,129,100,100,http://localhost:7000/randomRequest,816,0,61
1676157885196,816,HTTP Request,200,,Thread-Gruppe  1-39,text,true,,492,129,100,100,http://localhost:7000/randomRequest,816,0,72
1676157885196,816,HTTP Request,200,,Thread-Gruppe  1-91,text,true,,485,129,100,100,http://localhost:7000/randomRequest,816,0,61
1676157885196,816,HTTP Request,200,,Thread-Gruppe  1-64,text,true,,481,129,100,100,http://localhost:7000/randomRequest,816,0,61
1676157885194,818,HTTP Request,200,,Thread-Gruppe  1-19,text,true,,490,129,100,100,http://localhost:7000/randomRequest,818,0,68
1676157885197,815,HTTP Request,200,,Thread-Gruppe  1-12,text,true,,492,129,100,100,http://localhost:7000/randomRequest,815,0,64
1676157885597,425,HTTP Request,200,,Thread-Gruppe  1-93,text,true,,558,129,100,100,http://localhost:7000/randomRequest,424,0,1
1676157885196,891,HTTP Request,200,,Thread-Gruppe  1-24,text,true,,490,129,100,100,http://localhost:7000/randomRequest,891,0,66
1676157885198,917,HTTP Request,200,,Thread-Gruppe  1-29,text,true,,492,129,100,100,http://localhost:7000/randomRequest,917,0,64
1676157885200,915,HTTP Request,200,,Thread-Gruppe  1-56,text,true,,489,129,100,100,http://localhost:7000/randomRequest,915,0,57
1676157885196,919,HTTP Request,200,,Thread-Gruppe  1-55,text,true,,490,129,100,100,http://localhost:7000/randomRequest,919,0,64
1676157885199,916,HTTP Request,200,,Thread-Gruppe  1-35,text,true,,417,129,100,100,http://localhost:7000/randomRequest,916,0,72
1676157885196,919,HTTP Request,200,,Thread-Gruppe  1-28,text,true,,548,129,100,100,http://localhost:7000/randomRequest,919,0,66
1676157885199,967,HTTP Request,200,,Thread-Gruppe  1-49,text,true,,479,129,100,100,http://localhost:7000/randomRequest,967,0,50
1676157885198,980,HTTP Request,200,,Thread-Gruppe  1-11,text,true,,492,129,100,100,http://localhost:7000/randomRequest,980,0,63
1676157885199,984,HTTP Request,200,,Thread-Gruppe  1-89,text,true,,403,129,100,100,http://localhost:7000/randomRequest,984,0,60
1676157885196,1002,HTTP Request,200,,Thread-Gruppe  1-59,text,true,,492,129,100,100,http://localhost:7000/randomRequest,1002,0,64
1676157885196,1019,HTTP Request,200,,Thread-Gruppe  1-81,text,true,,557,129,100,100,http://localhost:7000/randomRequest,1019,0,51
1676157885194,1021,HTTP Request,200,,Thread-Gruppe  1-7,text,true,,401,129,100,100,http://localhost:7000/randomRequest,1021,0,72
1676157885196,1021,HTTP Request,200,,Thread-Gruppe  1-74,text,true,,485,129,100,100,http://localhost:7000/randomRequest,1021,0,61
1676157885196,1021,HTTP Request,200,,Thread-Gruppe  1-61,text,true,,419,129,100,100,http://localhost:7000/randomRequest,1021,0,55
1676157885196,1021,HTTP Request,200,,Thread-Gruppe  1-72,text,true,,419,129,100,100,http://localhost:7000/randomRequest,1021,0,68
1676157885196,1021,HTTP Request,200,,Thread-Gruppe  1-14,text,true,,486,129,100,100,http://localhost:7000/randomRequest,1021,0,62
1676157885199,1018,HTTP Request,200,,Thread-Gruppe  1-15,text,true,,419,129,100,100,http://localhost:7000/randomRequest,1018,0,59
1676157885196,1029,HTTP Request,200,,Thread-Gruppe  1-47,text,true,,563,129,100,100,http://localhost:7000/randomRequest,1029,0,65
1676157885198,1085,HTTP Request,200,,Thread-Gruppe  1-99,text,true,,519,129,100,100,http://localhost:7000/randomRequest,1085,0,61
1676157885675,619,HTTP Request,200,,Thread-Gruppe  1-52,text,true,,489,129,100,100,http://localhost:7000/randomRequest,619,0,0
1676157885196,1120,HTTP Request,200,,Thread-Gruppe  1-46,text,true,,550,129,100,100,http://localhost:7000/randomRequest,1120,0,61
1676157885198,1118,HTTP Request,200,,Thread-Gruppe  1-26,text,true,,419,129,100,100,http://localhost:7000/randomRequest,1118,0,70
1676157885196,1120,HTTP Request,200,,Thread-Gruppe  1-73,text,true,,492,129,100,100,http://localhost:7000/randomRequest,1120,0,62
1676157885196,1121,HTTP Request,200,,Thread-Gruppe  1-84,text,true,,492,129,100,100,http://localhost:7000/randomRequest,1121,0,72
1676157885196,1121,HTTP Request,200,,Thread-Gruppe  1-10,text,true,,492,129,100,100,http://localhost:7000/randomRequest,1121,0,58
1676157885196,1121,HTTP Request,200,,Thread-Gruppe  1-41,text,true,,570,129,100,100,http://localhost:7000/randomRequest,1121,0,51
1676157885803,522,HTTP Request,200,,Thread-Gruppe  1-97,text,true,,419,129,100,100,http://localhost:7000/randomRequest,522,0,1
1676157885803,534,HTTP Request,200,,Thread-Gruppe  1-5,text,true,,414,129,100,100,http://localhost:7000/randomRequest,534,0,1
1676157885801,536,HTTP Request,200,,Thread-Gruppe  1-30,text,true,,488,129,100,100,http://localhost:7000/randomRequest,536,0,1
1676157885199,1151,HTTP Request,200,,Thread-Gruppe  1-45,text,true,,633,129,100,100,http://localhost:7000/randomRequest,1151,0,49
1676157885194,1167,HTTP Request,200,,Thread-Gruppe  1-23,text,true,,417,129,100,100,http://localhost:7000/randomRequest,1167,0,63
1676157885199,1162,HTTP Request,200,,Thread-Gruppe  1-96,text,true,,630,129,100,100,http://localhost:7000/randomRequest,1162,0,62
1676157885677,718,HTTP Request,200,,Thread-Gruppe  1-88,text,true,,489,129,100,100,http://localhost:7000/randomRequest,717,0,1
1676157885196,1199,HTTP Request,200,,Thread-Gruppe  1-3,text,true,,381,129,100,100,http://localhost:7000/randomRequest,1198,0,66
1676157885804,635,HTTP Request,200,,Thread-Gruppe  1-4,text,true,,559,129,100,100,http://localhost:7000/randomRequest,635,0,0
1676157885197,1288,HTTP Request,200,,Thread-Gruppe  1-77,text,true,,643,129,100,100,http://localhost:7000/randomRequest,1288,0,64
1676157885877,622,HTTP Request,200,,Thread-Gruppe  1-25,text,true,,560,129,100,100,http://localhost:7000/randomRequest,622,0,0
1676157885194,1305,HTTP Request,200,,Thread-Gruppe  1-66,text,true,,481,129,100,100,http://localhost:7000/randomRequest,1305,0,67
1676157885194,1324,HTTP Request,200,,Thread-Gruppe  1-90,text,true,,490,129,100,100,http://localhost:7000/randomRequest,1324,0,64
1676157885789,729,HTTP Request,200,,Thread-Gruppe  1-62,text,true,,559,129,100,100,http://localhost:7000/randomRequest,729,0,0
1676157885194,1324,HTTP Request,200,,Thread-Gruppe  1-70,text,true,,555,129,100,100,http://localhost:7000/randomRequest,1324,0,64
1676157885200,1324,HTTP Request,200,,Thread-Gruppe  1-42,text,true,,523,129,100,100,http://localhost:7000/randomRequest,1324,0,68
1676157885195,1363,HTTP Request,200,,Thread-Gruppe  1-53,text,true,,643,129,100,100,http://localhost:7000/randomRequest,1363,0,67
1676157885194,1372,HTTP Request,200,,Thread-Gruppe  1-37,text,true,,417,129,100,100,http://localhost:7000/randomRequest,1372,0,68
1676157885196,1394,HTTP Request,200,,Thread-Gruppe  1-78,text,true,,643,129,100,100,http://localhost:7000/randomRequest,1394,0,66
1676157885196,1394,HTTP Request,200,,Thread-Gruppe  1-71,text,true,,481,129,100,100,http://localhost:7000/randomRequest,1394,0,64
1676157885777,813,HTTP Request,200,,Thread-Gruppe  1-31,text,true,,559,129,100,100,http://localhost:7000/randomRequest,813,0,0
1676157885777,813,HTTP Request,200,,Thread-Gruppe  1-48,text,true,,640,129,100,100,http://localhost:7000/randomRequest,813,0,0
1676157885777,823,HTTP Request,200,,Thread-Gruppe  1-98,text,true,,419,129,100,100,http://localhost:7000/randomRequest,823,0,0
1676157885196,1404,HTTP Request,200,,Thread-Gruppe  1-13,text,true,,403,129,100,100,http://localhost:7000/randomRequest,1404,0,66
1676157885200,1400,HTTP Request,200,,Thread-Gruppe  1-32,text,true,,492,129,100,100,http://localhost:7000/randomRequest,1400,0,51
1676157885777,823,HTTP Request,200,,Thread-Gruppe  1-85,text,true,,485,129,100,100,http://localhost:7000/randomRequest,823,0,0
1676157885881,719,HTTP Request,200,,Thread-Gruppe  1-9,text,true,,419,129,100,100,http://localhost:7000/randomRequest,719,0,1
1676157885686,934,HTTP Request,200,,Thread-Gruppe  1-54,text,true,,492,129,100,100,http://localhost:7000/randomRequest,934,0,0
1676157885801,822,HTTP Request,200,,Thread-Gruppe  1-69,text,true,,481,129,100,100,http://localhost:7000/randomRequest,822,0,1
1676157886116,517,HTTP Request,200,,Thread-Gruppe  1-29,text,true,,419,129,100,100,http://localhost:7000/randomRequest,517,0,1
1676157886116,517,HTTP Request,200,,Thread-Gruppe  1-55,text,true,,557,129,100,100,http://localhost:7000/randomRequest,517,0,1
1676157885803,830,HTTP Request,200,,Thread-Gruppe  1-76,text,true,,419,129,100,100,http://localhost:7000/randomRequest,830,0,1
1676157885916,717,HTTP Request,200,,Thread-Gruppe  1-60,text,true,,552,129,100,100,http://localhost:7000/randomRequest,717,0,3
1676157885801,848,HTTP Request,200,,Thread-Gruppe  1-1,text,true,,418,129,100,100,http://localhost:7000/randomRequest,848,0,1
1676157885815,835,HTTP Request,200,,Thread-Gruppe  1-43,text,true,,1363,129,100,100,http://localhost:7000/randomRequest,835,0,1
1676157885197,1498,HTTP Request,200,,Thread-Gruppe  1-63,text,true,,537,129,100,100,http://localhost:7000/randomRequest,1498,0,56
1676157885195,1500,HTTP Request,200,,Thread-Gruppe  1-87,text,true,,537,129,100,100,http://localhost:7000/randomRequest,1500,0,67
1676157885676,1019,HTTP Request,200,,Thread-Gruppe  1-67,text,true,,631,129,100,100,http://localhost:7000/randomRequest,1019,0,1
1676157885777,923,HTTP Request,200,,Thread-Gruppe  1-83,text,true,,492,129,100,100,http://localhost:7000/randomRequest,923,0,0
1676157885777,923,HTTP Request,200,,Thread-Gruppe  1-18,text,true,,486,129,100,100,http://localhost:7000/randomRequest,923,0,0
1676157885197,1530,HTTP Request,200,,Thread-Gruppe  1-50,text,true,,481,129,100,100,http://localhost:7000/randomRequest,1530,0,65
1676157886215,515,HTTP Request,200,,Thread-Gruppe  1-7,text,true,,419,129,100,100,http://localhost:7000/randomRequest,515,0,1
1676157886012,718,HTTP Request,200,,Thread-Gruppe  1-27,text,true,,485,129,100,100,http://localhost:7000/randomRequest,718,0,1
1676157885914,825,HTTP Request,200,,Thread-Gruppe  1-58,text,true,,552,129,100,100,http://localhost:7000/randomRequest,825,0,2
1676157885801,949,HTTP Request,200,,Thread-Gruppe  1-94,text,true,,492,129,100,100,http://localhost:7000/randomRequest,949,0,1
1676157886217,556,HTTP Request,200,,Thread-Gruppe  1-14,text,true,,540,129,100,100,http://localhost:7000/randomRequest,556,0,1
1676157885196,1577,HTTP Request,200,,Thread-Gruppe  1-80,text,true,,643,129,100,100,http://localhost:7000/randomRequest,1577,0,66
1676157885196,1577,HTTP Request,200,,Thread-Gruppe  1-8,text,true,,474,129,100,100,http://localhost:7000/randomRequest,1577,0,67
1676157885199,1601,HTTP Request,200,,Thread-Gruppe  1-2,text,true,,527,129,100,100,http://localhost:7000/randomRequest,1601,0,53
1676157886283,517,HTTP Request,200,,Thread-Gruppe  1-99,text,true,,490,129,100,100,http://localhost:7000/randomRequest,517,0,0
1676157885749,1051,HTTP Request,200,,Thread-Gruppe  1-38,text,true,,553,129,100,100,http://localhost:7000/randomRequest,1051,0,0
1676157886217,624,HTTP Request,200,,Thread-Gruppe  1-72,text,true,,553,129,100,100,http://localhost:7000/randomRequest,624,0,1
1676157886116,725,HTTP Request,200,,Thread-Gruppe  1-28,text,true,,492,129,100,100,http://localhost:7000/randomRequest,725,0,1
1676157886361,517,HTTP Request,200,,Thread-Gruppe  1-96,text,true,,418,129,100,100,http://localhost:7000/randomRequest,517,0,1
1676157886316,621,HTTP Request,200,,Thread-Gruppe  1-26,text,true,,419,129,100,100,http://localhost:7000/randomRequest,621,0,1
1676157886012,925,HTTP Request,200,,Thread-Gruppe  1-91,text,true,,568,129,100,100,http://localhost:7000/randomRequest,925,0,1
1676157886012,925,HTTP Request,200,,Thread-Gruppe  1-79,text,true,,544,129,100,100,http://localhost:7000/randomRequest,925,0,1
1676157886116,828,HTTP Request,200,,Thread-Gruppe  1-35,text,true,,567,129,100,100,http://localhost:7000/randomRequest,828,0,1
1676157886217,727,HTTP Request,200,,Thread-Gruppe  1-61,text,true,,419,129,100,100,http://localhost:7000/randomRequest,727,0,1
1676157886184,822,HTTP Request,200,,Thread-Gruppe  1-89,text,true,,550,129,100,100,http://localhost:7000/randomRequest,822,0,0
1676157885877,1129,HTTP Request,200,,Thread-Gruppe  1-100,text,true,,485,129,100,100,http://localhost:7000/randomRequest,1129,0,1
1676157886361,645,HTTP Request,200,,Thread-Gruppe  1-23,text,true,,666,129,100,100,http://localhost:7000/randomRequest,645,0,1
1676157886295,711,HTTP Request,200,,Thread-Gruppe  1-52,text,true,,418,129,100,100,http://localhost:7000/randomRequest,711,0,0
1676157886395,612,HTTP Request,200,,Thread-Gruppe  1-88,text,true,,419,129,100,100,http://localhost:7000/randomRequest,612,0,0
1676157885887,1136,HTTP Request,200,,Thread-Gruppe  1-17,text,true,,485,129,100,100,http://localhost:7000/randomRequest,1136,0,1
1676157885196,1835,HTTP Request,200,,Thread-Gruppe  1-36,text,true,,633,129,100,100,http://localhost:7000/randomRequest,1834,0,70
1676157886013,1022,HTTP Request,200,,Thread-Gruppe  1-12,text,true,,485,129,100,100,http://localhost:7000/randomRequest,1022,0,0
1676157886215,820,HTTP Request,200,,Thread-Gruppe  1-81,text,true,,492,129,100,100,http://localhost:7000/randomRequest,820,0,1
1676157886317,721,HTTP Request,200,,Thread-Gruppe  1-84,text,true,,418,129,100,100,http://localhost:7000/randomRequest,721,0,1
1676157886317,721,HTTP Request,200,,Thread-Gruppe  1-10,text,true,,556,129,100,100,http://localhost:7000/randomRequest,721,0,1
1676157885196,1842,HTTP Request,200,,Thread-Gruppe  1-75,text,true,,490,129,100,100,http://localhost:7000/randomRequest,1842,0,66
1676157885913,1132,HTTP Request,200,,Thread-Gruppe  1-34,text,true,,403,129,100,100,http://localhost:7000/randomRequest,1132,0,3
1676157886013,1032,HTTP Request,200,,Thread-Gruppe  1-19,text,true,,555,129,100,100,http://localhost:7000/randomRequest,1032,0,0
1676157886217,828,HTTP Request,200,,Thread-Gruppe  1-74,text,true,,418,129,100,100,http://localhost:7000/randomRequest,828,0,1
1676157885676,1369,HTTP Request,200,,Thread-Gruppe  1-40,text,true,,687,129,100,100,http://localhost:7000/randomRequest,1369,0,1
1676157886012,1033,HTTP Request,200,,Thread-Gruppe  1-39,text,true,,485,129,100,100,http://localhost:7000/randomRequest,1033,0,1
1676157886225,824,HTTP Request,200,,Thread-Gruppe  1-47,text,true,,416,129,100,100,http://localhost:7000/randomRequest,824,0,1
1676157886325,724,HTTP Request,200,,Thread-Gruppe  1-97,text,true,,419,129,100,100,http://localhost:7000/randomRequest,724,0,1
1676157886337,722,HTTP Request,200,,Thread-Gruppe  1-30,text,true,,554,129,100,100,http://localhost:7000/randomRequest,722,0,0
1676157886337,722,HTTP Request,200,,Thread-Gruppe  1-5,text,true,,564,129,100,100,http://localhost:7000/randomRequest,722,0,0
1676157886350,725,HTTP Request,200,,Thread-Gruppe  1-45,text,true,,485,129,100,100,http://localhost:7000/randomRequest,725,0,1
1676157886395,716,HTTP Request,200,,Thread-Gruppe  1-3,text,true,,418,129,100,100,http://localhost:7000/randomRequest,716,0,0
1676157886012,1099,HTTP Request,200,,Thread-Gruppe  1-64,text,true,,537,129,100,100,http://localhost:7000/randomRequest,1099,0,1
1676157886600,516,HTTP Request,200,,Thread-Gruppe  1-13,text,true,,419,129,100,100,http://localhost:7000/randomRequest,516,0,1
1676157886500,624,HTTP Request,200,,Thread-Gruppe  1-25,text,true,,419,129,100,100,http://localhost:7000/randomRequest,624,0,0
1676157886317,819,HTTP Request,200,,Thread-Gruppe  1-41,text,true,,492,129,100,100,http://localhost:7000/randomRequest,819,0,1
1676157886217,928,HTTP Request,200,,Thread-Gruppe  1-15,text,true,,486,129,100,100,http://localhost:7000/randomRequest,928,0,1
1676157886519,644,HTTP Request,200,,Thread-Gruppe  1-70,text,true,,417,129,100,100,http://localhost:7000/randomRequest,644,0,0
1676157886440,723,HTTP Request,200,,Thread-Gruppe  1-4,text,true,,485,129,100,100,http://localhost:7000/randomRequest,723,0,0
1676157885777,1410,HTTP Request,200,,Thread-Gruppe  1-21,text,true,,633,129,100,100,http://localhost:7000/randomRequest,1409,0,0
1676157885194,2000,HTTP Request,200,,Thread-Gruppe  1-95,text,true,,633,129,100,100,http://localhost:7000/randomRequest,2000,0,68
1676157885197,2010,HTTP Request,200,,Thread-Gruppe  1-82,text,true,,492,129,100,100,http://localhost:7000/randomRequest,2010,0,64
1676157886590,621,HTTP Request,200,,Thread-Gruppe  1-71,text,true,,418,129,100,100,http://localhost:7000/randomRequest,621,0,1
1676157886178,1033,HTTP Request,200,,Thread-Gruppe  1-11,text,true,,492,129,100,100,http://localhost:7000/randomRequest,1033,0,1
1676157886316,924,HTTP Request,200,,Thread-Gruppe  1-46,text,true,,490,129,100,100,http://localhost:7000/randomRequest,924,0,1
1676157886116,1133,HTTP Request,200,,Thread-Gruppe  1-56,text,true,,492,129,100,100,http://localhost:7000/randomRequest,1133,0,1
1676157886167,1117,HTTP Request,200,,Thread-Gruppe  1-49,text,true,,536,129,100,100,http://localhost:7000/randomRequest,1117,0,0
1676157886524,760,HTTP Request,200,,Thread-Gruppe  1-42,text,true,,544,129,100,100,http://localhost:7000/randomRequest,760,0,1
1676157886600,717,HTTP Request,200,,Thread-Gruppe  1-85,text,true,,402,129,100,100,http://localhost:7000/randomRequest,717,0,1
1676157886600,717,HTTP Request,200,,Thread-Gruppe  1-32,text,true,,552,129,100,100,http://localhost:7000/randomRequest,717,0,1
1676157886600,734,HTTP Request,200,,Thread-Gruppe  1-98,text,true,,417,129,100,100,http://localhost:7000/randomRequest,734,0,1
1676157886316,1028,HTTP Request,200,,Thread-Gruppe  1-73,text,true,,481,129,100,100,http://localhost:7000/randomRequest,1028,0,1
1676157886633,723,HTTP Request,200,,Thread-Gruppe  1-76,text,true,,548,129,100,100,http://localhost:7000/randomRequest,723,0,1
1676157886022,1345,HTTP Request,200,,Thread-Gruppe  1-93,text,true,,491,129,100,100,http://localhost:7000/randomRequest,1345,0,1
1676157886731,636,HTTP Request,200,,Thread-Gruppe  1-27,text,true,,417,129,100,100,http://localhost:7000/randomRequest,636,0,0
1676157886566,822,HTTP Request,200,,Thread-Gruppe  1-37,text,true,,485,129,100,100,http://localhost:7000/randomRequest,822,0,1
1676157886558,830,HTTP Request,200,,Thread-Gruppe  1-53,text,true,,485,129,100,100,http://localhost:7000/randomRequest,830,0,1
1676157885196,2192,HTTP Request,200,,Thread-Gruppe  1-86,text,true,,537,129,100,100,http://localhost:7000/randomRequest,2192,0,61
1676157886590,825,HTTP Request,200,,Thread-Gruppe  1-48,text,true,,485,129,100,100,http://localhost:7000/randomRequest,825,0,1
1676157885777,1642,HTTP Request,200,,Thread-Gruppe  1-33,text,true,,525,129,100,100,http://localhost:7000/randomRequest,1642,0,0
1676157886800,619,HTTP Request,200,,Thread-Gruppe  1-99,text,true,,419,129,100,100,http://localhost:7000/randomRequest,619,0,0
1676157886590,829,HTTP Request,200,,Thread-Gruppe  1-31,text,true,,558,129,100,100,http://localhost:7000/randomRequest,829,0,1
1676157886600,820,HTTP Request,200,,Thread-Gruppe  1-9,text,true,,419,129,100,100,http://localhost:7000/randomRequest,820,0,1
1676157885883,1551,HTTP Request,200,,Thread-Gruppe  1-16,text,true,,540,129,100,100,http://localhost:7000/randomRequest,1551,0,1
1676157886620,814,HTTP Request,200,,Thread-Gruppe  1-54,text,true,,419,129,100,100,http://localhost:7000/randomRequest,814,0,1
1676157886841,615,HTTP Request,200,,Thread-Gruppe  1-72,text,true,,492,129,100,100,http://localhost:7000/randomRequest,615,0,0
1676157886731,725,HTTP Request,200,,Thread-Gruppe  1-7,text,true,,546,129,100,100,http://localhost:7000/randomRequest,725,0,0
1676157886649,818,HTTP Request,200,,Thread-Gruppe  1-1,text,true,,418,129,100,100,http://localhost:7000/randomRequest,818,0,1
1676157886773,717,HTTP Request,200,,Thread-Gruppe  1-14,text,true,,481,129,100,100,http://localhost:7000/randomRequest,717,0,1
1676157885881,1641,HTTP Request,200,,Thread-Gruppe  1-92,text,true,,647,129,100,100,http://localhost:7000/randomRequest,1641,0,1
1676157887007,516,HTTP Request,200,,Thread-Gruppe  1-88,text,true,,554,129,100,100,http://localhost:7000/randomRequest,516,0,1
1676157886199,1335,HTTP Request,200,,Thread-Gruppe  1-59,text,true,,492,129,100,100,http://localhost:7000/randomRequest,1335,0,1
1676157886623,926,HTTP Request,200,,Thread-Gruppe  1-69,text,true,,564,129,100,100,http://localhost:7000/randomRequest,926,0,0
1676157887035,514,HTTP Request,200,,Thread-Gruppe  1-81,text,true,,481,129,100,100,http://localhost:7000/randomRequest,514,0,1
1676157886938,618,HTTP Request,200,,Thread-Gruppe  1-91,text,true,,419,129,100,100,http://localhost:7000/randomRequest,618,0,0
1676157886938,619,HTTP Request,200,,Thread-Gruppe  1-26,text,true,,492,129,100,100,http://localhost:7000/randomRequest,619,0,0
1676157886633,924,HTTP Request,200,,Thread-Gruppe  1-29,text,true,,492,129,100,100,http://localhost:7000/randomRequest,924,0,1
1676157886750,819,HTTP Request,200,,Thread-Gruppe  1-94,text,true,,486,129,100,100,http://localhost:7000/randomRequest,819,0,0
1676157887060,511,HTTP Request,200,,Thread-Gruppe  1-30,text,true,,555,129,100,100,http://localhost:7000/randomRequest,511,0,0
1676157885196,2394,HTTP Request,200,,Thread-Gruppe  1-6,text,true,,643,129,100,100,http://localhost:7000/randomRequest,2394,0,67
1676157886773,821,HTTP Request,200,,Thread-Gruppe  1-80,text,true,,485,129,100,100,http://localhost:7000/randomRequest,821,0,1
1676157886695,928,HTTP Request,200,,Thread-Gruppe  1-67,text,true,,481,129,100,100,http://localhost:7000/randomRequest,928,0,0
1676157886800,823,HTTP Request,200,,Thread-Gruppe  1-2,text,true,,547,129,100,100,http://localhost:7000/randomRequest,823,0,0
1676157886945,711,HTTP Request,200,,Thread-Gruppe  1-35,text,true,,546,129,100,100,http://localhost:7000/randomRequest,711,0,0
1676157886945,715,HTTP Request,200,,Thread-Gruppe  1-61,text,true,,492,129,100,100,http://localhost:7000/randomRequest,715,0,0
1676157885978,1716,HTTP Request,200,,Thread-Gruppe  1-57,text,true,,527,129,100,100,http://localhost:7000/randomRequest,1716,0,0
1676157886519,1216,HTTP Request,200,,Thread-Gruppe  1-62,text,true,,537,129,100,100,http://localhost:7000/randomRequest,1216,0,0
1676157886727,1018,HTTP Request,200,,Thread-Gruppe  1-50,text,true,,548,129,100,100,http://localhost:7000/randomRequest,1018,0,0
1676157886740,1019,HTTP Request,200,,Thread-Gruppe  1-58,text,true,,492,129,100,100,http://localhost:7000/randomRequest,1019,0,0
1676157886938,822,HTTP Request,200,,Thread-Gruppe  1-79,text,true,,419,129,100,100,http://localhost:7000/randomRequest,822,0,0
1676157887249,518,HTTP Request,200,,Thread-Gruppe  1-56,text,true,,419,129,100,100,http://localhost:7000/randomRequest,518,0,1
1676157887049,723,HTTP Request,200,,Thread-Gruppe  1-97,text,true,,564,129,100,100,http://localhost:7000/randomRequest,723,0,1
1676157886651,1122,HTTP Request,200,,Thread-Gruppe  1-43,text,true,,485,129,100,100,http://localhost:7000/randomRequest,1122,0,0
1676157887367,408,HTTP Request,200,,Thread-Gruppe  1-93,text,true,,564,129,100,100,http://localhost:7000/randomRequest,408,0,1
1676157887388,413,HTTP Request,200,,Thread-Gruppe  1-37,text,true,,557,129,100,100,http://localhost:7000/randomRequest,413,0,1
1676157886878,940,HTTP Request,200,,Thread-Gruppe  1-96,text,true,,415,129,100,100,http://localhost:7000/randomRequest,940,0,0
1676157887211,614,HTTP Request,200,,Thread-Gruppe  1-71,text,true,,416,129,100,100,http://localhost:7000/randomRequest,614,0,1
1676157887111,728,HTTP Request,200,,Thread-Gruppe  1-3,text,true,,417,129,100,100,http://localhost:7000/randomRequest,728,0,0
1676157887240,611,HTTP Request,200,,Thread-Gruppe  1-46,text,true,,492,129,100,100,http://localhost:7000/randomRequest,611,0,1
1676157887145,718,HTTP Request,200,,Thread-Gruppe  1-15,text,true,,416,129,100,100,http://localhost:7000/randomRequest,718,0,1
1676157886841,1022,HTTP Request,200,,Thread-Gruppe  1-28,text,true,,419,129,100,100,http://localhost:7000/randomRequest,1022,0,0
1676157887357,517,HTTP Request,200,,Thread-Gruppe  1-76,text,true,,489,129,100,100,http://localhost:7000/randomRequest,517,0,0
1676157886633,1266,HTTP Request,200,,Thread-Gruppe  1-60,text,true,,544,129,100,100,http://localhost:7000/randomRequest,1266,0,1
1676157886486,1413,HTTP Request,200,,Thread-Gruppe  1-77,text,true,,643,129,100,100,http://localhost:7000/randomRequest,1413,0,0
1676157887284,615,HTTP Request,200,,Thread-Gruppe  1-42,text,true,,485,129,100,100,http://localhost:7000/randomRequest,615,0,1
1676157885196,2733,HTTP Request,200,,Thread-Gruppe  1-44,text,true,,541,129,100,100,http://localhost:7000/randomRequest,2733,0,66
1676157887007,922,HTTP Request,200,,Thread-Gruppe  1-89,text,true,,548,129,100,100,http://localhost:7000/randomRequest,922,0,0
1676157886800,1129,HTTP Request,200,,Thread-Gruppe  1-38,text,true,,551,129,100,100,http://localhost:7000/randomRequest,1129,0,0
1676157885196,2733,HTTP Request,200,,Thread-Gruppe  1-65,text,true,,643,129,100,100,http://localhost:7000/randomRequest,2733,0,65
1676157886012,1917,HTTP Request,200,,Thread-Gruppe  1-20,text,true,,537,129,100,100,http://localhost:7000/randomRequest,1917,0,1
1676157887318,611,HTTP Request,200,,Thread-Gruppe  1-85,text,true,,419,129,100,100,http://localhost:7000/randomRequest,611,0,0
1676157886087,1842,HTTP Request,200,,Thread-Gruppe  1-24,text,true,,643,129,100,100,http://localhost:7000/randomRequest,1842,0,1
1676157887060,893,HTTP Request,200,,Thread-Gruppe  1-5,text,true,,631,129,100,100,http://localhost:7000/randomRequest,893,0,0
1676157887435,518,HTTP Request,200,,Thread-Gruppe  1-16,text,true,,419,129,100,100,http://localhost:7000/randomRequest,518,0,0
1676157887038,918,HTTP Request,200,,Thread-Gruppe  1-75,text,true,,419,129,100,100,http://localhost:7000/randomRequest,918,0,0
1676157887045,917,HTTP Request,200,,Thread-Gruppe  1-19,text,true,,419,129,100,100,http://localhost:7000/randomRequest,917,0,1
1676157887045,922,HTTP Request,200,,Thread-Gruppe  1-40,text,true,,418,129,100,100,http://localhost:7000/randomRequest,922,0,1
1676157887334,689,HTTP Request,200,,Thread-Gruppe  1-98,text,true,,495,129,100,100,http://localhost:7000/randomRequest,689,0,1
1676157887419,615,HTTP Request,200,,Thread-Gruppe  1-31,text,true,,566,129,100,100,http://localhost:7000/randomRequest,615,0,1
1676157885199,2835,HTTP Request,200,,Thread-Gruppe  1-68,text,true,,535,129,100,100,http://localhost:7000/randomRequest,2835,0,64
1676157887549,510,HTTP Request,200,,Thread-Gruppe  1-81,text,true,,419,129,100,100,http://localhost:7000/randomRequest,510,0,1
1676157887367,715,HTTP Request,200,,Thread-Gruppe  1-27,text,true,,490,129,100,100,http://localhost:7000/randomRequest,715,0,1
1676157887284,825,HTTP Request,200,,Thread-Gruppe  1-49,text,true,,489,129,100,100,http://localhost:7000/randomRequest,825,0,1
1676157886700,1409,HTTP Request,200,,Thread-Gruppe  1-83,text,true,,643,129,100,100,http://localhost:7000/randomRequest,1409,0,1
1676157886695,1430,HTTP Request,200,,Thread-Gruppe  1-63,text,true,,488,129,100,100,http://localhost:7000/randomRequest,1430,0,0
1676157886700,1432,HTTP Request,200,,Thread-Gruppe  1-18,text,true,,492,129,100,100,http://localhost:7000/randomRequest,1432,0,1
1676157887420,718,HTTP Request,200,,Thread-Gruppe  1-9,text,true,,419,129,100,100,http://localhost:7000/randomRequest,718,0,1
1676157887435,722,HTTP Request,200,,Thread-Gruppe  1-54,text,true,,485,129,100,100,http://localhost:7000/randomRequest,722,0,0
1676157887035,1127,HTTP Request,200,,Thread-Gruppe  1-12,text,true,,560,129,100,100,http://localhost:7000/randomRequest,1127,0,1
1676157887045,1132,HTTP Request,200,,Thread-Gruppe  1-74,text,true,,492,129,100,100,http://localhost:7000/randomRequest,1132,0,1
1676157887457,720,HTTP Request,200,,Thread-Gruppe  1-7,text,true,,418,129,100,100,http://localhost:7000/randomRequest,720,0,0
1676157887045,1132,HTTP Request,200,,Thread-Gruppe  1-39,text,true,,558,129,100,100,http://localhost:7000/randomRequest,1132,0,1
1676157887388,813,HTTP Request,200,,Thread-Gruppe  1-86,text,true,,1678,129,100,100,http://localhost:7000/randomRequest,813,0,1
1676157887075,1126,HTTP Request,200,,Thread-Gruppe  1-45,text,true,,486,129,100,100,http://localhost:7000/randomRequest,1126,0,1
1676157887187,1023,HTTP Request,200,,Thread-Gruppe  1-21,text,true,,417,129,100,100,http://localhost:7000/randomRequest,1023,0,1
1676157887111,1129,HTTP Request,200,,Thread-Gruppe  1-64,text,true,,419,129,100,100,http://localhost:7000/randomRequest,1129,0,0
1676157887007,1233,HTTP Request,200,,Thread-Gruppe  1-100,text,true,,415,129,100,100,http://localhost:7000/randomRequest,1233,0,1
1676157887416,824,HTTP Request,200,,Thread-Gruppe  1-48,text,true,,481,129,100,100,http://localhost:7000/randomRequest,824,0,0
1676157887211,1029,HTTP Request,200,,Thread-Gruppe  1-11,text,true,,572,129,100,100,http://localhost:7000/randomRequest,1029,0,1
1676157887023,1221,HTTP Request,200,,Thread-Gruppe  1-17,text,true,,492,129,100,100,http://localhost:7000/randomRequest,1221,0,1
1676157887125,1125,HTTP Request,200,,Thread-Gruppe  1-25,text,true,,418,129,100,100,http://localhost:7000/randomRequest,1125,0,0
1676157887419,833,HTTP Request,200,,Thread-Gruppe  1-99,text,true,,417,129,100,100,http://localhost:7000/randomRequest,833,0,1
1676157887457,825,HTTP Request,200,,Thread-Gruppe  1-72,text,true,,492,129,100,100,http://localhost:7000/randomRequest,825,0,0
1676157887557,725,HTTP Request,200,,Thread-Gruppe  1-91,text,true,,545,129,100,100,http://localhost:7000/randomRequest,725,0,0
1676157887038,1244,HTTP Request,200,,Thread-Gruppe  1-10,text,true,,554,129,100,100,http://localhost:7000/randomRequest,1244,0,0
1676157887660,622,HTTP Request,200,,Thread-Gruppe  1-61,text,true,,552,129,100,100,http://localhost:7000/randomRequest,622,0,1
1676157887557,725,HTTP Request,200,,Thread-Gruppe  1-29,text,true,,403,129,100,100,http://localhost:7000/randomRequest,725,0,0
1676157887163,1124,HTTP Request,200,,Thread-Gruppe  1-70,text,true,,552,129,100,100,http://localhost:7000/randomRequest,1124,0,1
1676157887468,819,HTTP Request,200,,Thread-Gruppe  1-1,text,true,,488,129,100,100,http://localhost:7000/randomRequest,819,0,0
1676157887590,716,HTTP Request,200,,Thread-Gruppe  1-6,text,true,,488,129,100,100,http://localhost:7000/randomRequest,716,0,1
1676157887694,612,HTTP Request,200,,Thread-Gruppe  1-57,text,true,,419,129,100,100,http://localhost:7000/randomRequest,612,0,1
1676157887801,514,HTTP Request,200,,Thread-Gruppe  1-37,text,true,,485,129,100,100,http://localhost:7000/randomRequest,514,0,1
1676157887194,1133,HTTP Request,200,,Thread-Gruppe  1-95,text,true,,559,129,100,100,http://localhost:7000/randomRequest,1133,0,1
1676157887007,1337,HTTP Request,200,,Thread-Gruppe  1-52,text,true,,550,129,100,100,http://localhost:7000/randomRequest,1337,0,1
1676157887623,721,HTTP Request,200,,Thread-Gruppe  1-2,text,true,,416,129,100,100,http://localhost:7000/randomRequest,721,0,1
1676157887031,1318,HTTP Request,200,,Thread-Gruppe  1-36,text,true,,492,129,100,100,http://localhost:7000/randomRequest,1317,0,0
1676157886633,1718,HTTP Request,200,,Thread-Gruppe  1-55,text,true,,647,129,100,100,http://localhost:7000/randomRequest,1718,0,1
1676157887116,1235,HTTP Request,200,,Thread-Gruppe  1-13,text,true,,403,129,100,100,http://localhost:7000/randomRequest,1235,0,1
1676157887535,835,HTTP Request,200,,Thread-Gruppe  1-59,text,true,,417,129,100,100,http://localhost:7000/randomRequest,834,0,0
1676157887656,714,HTTP Request,200,,Thread-Gruppe  1-35,text,true,,483,129,100,100,http://localhost:7000/randomRequest,714,0,1
1676157887344,1026,HTTP Request,200,,Thread-Gruppe  1-73,text,true,,492,129,100,100,http://localhost:7000/randomRequest,1026,0,1
1676157887864,520,HTTP Request,200,,Thread-Gruppe  1-28,text,true,,557,129,100,100,http://localhost:7000/randomRequest,520,0,0
1676157887569,822,HTTP Request,200,,Thread-Gruppe  1-94,text,true,,403,129,100,100,http://localhost:7000/randomRequest,821,0,0
1676157887490,917,HTTP Request,200,,Thread-Gruppe  1-14,text,true,,401,129,100,100,http://localhost:7000/randomRequest,917,0,0
1676157887318,1130,HTTP Request,200,,Thread-Gruppe  1-32,text,true,,492,129,100,100,http://localhost:7000/randomRequest,1130,0,0
1676157887523,925,HTTP Request,200,,Thread-Gruppe  1-92,text,true,,565,129,100,100,http://localhost:7000/randomRequest,925,0,0
1676157887623,825,HTTP Request,200,,Thread-Gruppe  1-67,text,true,,488,129,100,100,http://localhost:7000/randomRequest,825,0,1
1676157886500,1948,HTTP Request,200,,Thread-Gruppe  1-66,text,true,,633,129,100,100,http://localhost:7000/randomRequest,1948,0,0
1676157887137,1311,HTTP Request,200,,Thread-Gruppe  1-41,text,true,,647,129,100,100,http://localhost:7000/randomRequest,1311,0,0
1676157887746,722,HTTP Request,200,,Thread-Gruppe  1-50,text,true,,419,129,100,100,http://localhost:7000/randomRequest,722,0,0
1676157887773,722,HTTP Request,200,,Thread-Gruppe  1-43,text,true,,564,129,100,100,http://localhost:7000/randomRequest,722,0,0
1676157887899,620,HTTP Request,200,,Thread-Gruppe  1-42,text,true,,418,129,100,100,http://localhost:7000/randomRequest,620,0,1
1676157887929,622,HTTP Request,200,,Thread-Gruppe  1-20,text,true,,569,129,100,100,http://localhost:7000/randomRequest,622,0,1
1676157887929,623,HTTP Request,200,,Thread-Gruppe  1-65,text,true,,492,129,100,100,http://localhost:7000/randomRequest,623,0,1
1676157887735,820,HTTP Request,200,,Thread-Gruppe  1-62,text,true,,488,129,100,100,http://localhost:7000/randomRequest,820,0,0
1676157887929,627,HTTP Request,200,,Thread-Gruppe  1-85,text,true,,553,129,100,100,http://localhost:7000/randomRequest,627,0,1
1676157887549,1007,HTTP Request,200,,Thread-Gruppe  1-69,text,true,,495,129,100,100,http://localhost:7000/randomRequest,1007,0,1
1676157887864,721,HTTP Request,200,,Thread-Gruppe  1-15,text,true,,492,129,100,100,http://localhost:7000/randomRequest,721,0,0
1676157887775,824,HTTP Request,200,,Thread-Gruppe  1-93,text,true,,492,129,100,100,http://localhost:7000/randomRequest,824,0,0
1676157886773,1826,HTTP Request,200,,Thread-Gruppe  1-8,text,true,,491,129,100,100,http://localhost:7000/randomRequest,1826,0,1
1676157886590,2025,HTTP Request,200,,Thread-Gruppe  1-78,text,true,,647,129,100,100,http://localhost:7000/randomRequest,2025,0,1
1676157887207,1437,HTTP Request,200,,Thread-Gruppe  1-82,text,true,,481,129,100,100,http://localhost:7000/randomRequest,1436,0,1
1676157887929,727,HTTP Request,200,,Thread-Gruppe  1-44,text,true,,478,129,100,100,http://localhost:7000/randomRequest,727,0,1
1676157887594,1118,HTTP Request,200,,Thread-Gruppe  1-80,text,true,,481,129,100,100,http://localhost:7000/randomRequest,1118,0,1
1676157888201,517,HTTP Request,200,,Thread-Gruppe  1-86,text,true,,548,129,100,100,http://localhost:7000/randomRequest,517,0,1
1676157887049,1683,HTTP Request,200,,Thread-Gruppe  1-47,text,true,,678,129,100,100,http://localhost:7000/randomRequest,1683,0,1
1676157887840,925,HTTP Request,200,,Thread-Gruppe  1-3,text,true,,403,129,100,100,http://localhost:7000/randomRequest,925,0,0
1676157887953,827,HTTP Request,200,,Thread-Gruppe  1-5,text,true,,492,129,100,100,http://localhost:7000/randomRequest,827,0,0
1676157887852,932,HTTP Request,200,,Thread-Gruppe  1-46,text,true,,553,129,100,100,http://localhost:7000/randomRequest,932,0,0
1676157887929,855,HTTP Request,200,,Thread-Gruppe  1-24,text,true,,686,129,100,100,http://localhost:7000/randomRequest,855,0,1
1676157887962,822,HTTP Request,200,,Thread-Gruppe  1-19,text,true,,492,129,100,100,http://localhost:7000/randomRequest,822,0,1
1676157887571,1235,HTTP Request,200,,Thread-Gruppe  1-30,text,true,,519,129,100,100,http://localhost:7000/randomRequest,1235,0,0
1676157888082,724,HTTP Request,200,,Thread-Gruppe  1-27,text,true,,488,129,100,100,http://localhost:7000/randomRequest,724,0,1
1676157888201,622,HTTP Request,200,,Thread-Gruppe  1-45,text,true,,492,129,100,100,http://localhost:7000/randomRequest,622,0,1
1676157888316,518,HTTP Request,200,,Thread-Gruppe  1-37,text,true,,546,129,100,100,http://localhost:7000/randomRequest,518,0,0
1676157888125,724,HTTP Request,200,,Thread-Gruppe  1-63,text,true,,492,129,100,100,http://localhost:7000/randomRequest,724,0,0
1676157887899,950,HTTP Request,200,,Thread-Gruppe  1-77,text,true,,417,129,100,100,http://localhost:7000/randomRequest,950,0,1
1676157887818,1033,HTTP Request,200,,Thread-Gruppe  1-96,text,true,,554,129,100,100,http://localhost:7000/randomRequest,1033,0,0
1676157887419,1442,HTTP Request,200,,Thread-Gruppe  1-33,text,true,,492,129,100,100,http://localhost:7000/randomRequest,1442,0,1
1676157887953,908,HTTP Request,200,,Thread-Gruppe  1-16,text,true,,541,129,100,100,http://localhost:7000/randomRequest,908,0,0
1676157886695,2166,HTTP Request,200,,Thread-Gruppe  1-87,text,true,,485,129,100,100,http://localhost:7000/randomRequest,2166,0,0
1676157887523,1338,HTTP Request,200,,Thread-Gruppe  1-88,text,true,,492,129,100,100,http://localhost:7000/randomRequest,1338,0,0
1676157888034,831,HTTP Request,200,,Thread-Gruppe  1-68,text,true,,550,129,100,100,http://localhost:7000/randomRequest,831,0,0
1676157888349,519,HTTP Request,200,,Thread-Gruppe  1-36,text,true,,485,129,100,100,http://localhost:7000/randomRequest,519,0,0
1676157888252,623,HTTP Request,200,,Thread-Gruppe  1-99,text,true,,554,129,100,100,http://localhost:7000/randomRequest,623,0,1
1676157887557,1323,HTTP Request,200,,Thread-Gruppe  1-26,text,true,,527,129,100,100,http://localhost:7000/randomRequest,1323,0,0
1676157887045,1839,HTTP Request,200,,Thread-Gruppe  1-34,text,true,,630,129,100,100,http://localhost:7000/randomRequest,1839,0,1
1676157888178,716,HTTP Request,200,,Thread-Gruppe  1-74,text,true,,492,129,100,100,http://localhost:7000/randomRequest,716,0,0
1676157888282,612,HTTP Request,200,,Thread-Gruppe  1-91,text,true,,488,129,100,100,http://localhost:7000/randomRequest,612,0,1
1676157887875,1031,HTTP Request,200,,Thread-Gruppe  1-76,text,true,,488,129,100,100,http://localhost:7000/randomRequest,1031,0,0
1676157887388,1518,HTTP Request,200,,Thread-Gruppe  1-53,text,true,,527,129,100,100,http://localhost:7000/randomRequest,1518,0,1
1676157887929,1032,HTTP Request,200,,Thread-Gruppe  1-38,text,true,,553,129,100,100,http://localhost:7000/randomRequest,1032,0,1
1676157888162,823,HTTP Request,200,,Thread-Gruppe  1-12,text,true,,567,129,100,100,http://localhost:7000/randomRequest,823,0,0
1676157888178,817,HTTP Request,200,,Thread-Gruppe  1-7,text,true,,419,129,100,100,http://localhost:7000/randomRequest,817,0,0
1676157888385,611,HTTP Request,200,,Thread-Gruppe  1-28,text,true,,490,129,100,100,http://localhost:7000/randomRequest,611,0,0
1676157887967,1031,HTTP Request,200,,Thread-Gruppe  1-40,text,true,,417,129,100,100,http://localhost:7000/randomRequest,1031,0,0
1676157887163,1835,HTTP Request,200,,Thread-Gruppe  1-4,text,true,,527,129,100,100,http://localhost:7000/randomRequest,1835,0,1
1676157888599,411,HTTP Request,200,,Thread-Gruppe  1-93,text,true,,417,129,100,100,http://localhost:7000/randomRequest,411,0,1
1676157888287,723,HTTP Request,200,,Thread-Gruppe  1-1,text,true,,492,129,100,100,http://localhost:7000/randomRequest,723,0,1
1676157888519,519,HTTP Request,200,,Thread-Gruppe  1-42,text,true,,418,129,100,100,http://localhost:7000/randomRequest,519,0,1
1676157888210,833,HTTP Request,200,,Thread-Gruppe  1-21,text,true,,403,129,100,100,http://localhost:7000/randomRequest,833,0,1
1676157888328,717,HTTP Request,200,,Thread-Gruppe  1-95,text,true,,419,129,100,100,http://localhost:7000/randomRequest,717,0,0
1676157888644,415,HTTP Request,200,,Thread-Gruppe  1-82,text,true,,417,129,100,100,http://localhost:7000/randomRequest,415,0,0
1676157888132,927,HTTP Request,200,,Thread-Gruppe  1-18,text,true,,492,129,100,100,http://localhost:7000/randomRequest,927,0,1
1676157888059,1004,HTTP Request,200,,Thread-Gruppe  1-81,text,true,,633,129,100,100,http://localhost:7000/randomRequest,1004,0,1
1676157888240,823,HTTP Request,200,,Thread-Gruppe  1-11,text,true,,558,129,100,100,http://localhost:7000/randomRequest,823,0,1
1676157888448,625,HTTP Request,200,,Thread-Gruppe  1-66,text,true,,3565,129,100,100,http://localhost:7000/randomRequest,625,0,0
1676157888351,726,HTTP Request,200,,Thread-Gruppe  1-13,text,true,,557,129,100,100,http://localhost:7000/randomRequest,726,0,0
1676157888139,949,HTTP Request,200,,Thread-Gruppe  1-9,text,true,,417,129,100,100,http://localhost:7000/randomRequest,949,0,0
1676157887768,1331,HTTP Request,200,,Thread-Gruppe  1-56,text,true,,488,129,100,100,http://localhost:7000/randomRequest,1331,0,0
1676157888282,820,HTTP Request,200,,Thread-Gruppe  1-29,text,true,,492,129,100,100,http://localhost:7000/randomRequest,820,0,1
1676157888495,617,HTTP Request,200,,Thread-Gruppe  1-43,text,true,,488,129,100,100,http://localhost:7000/randomRequest,617,0,1
1676157888282,834,HTTP Request,200,,Thread-Gruppe  1-10,text,true,,417,129,100,100,http://localhost:7000/randomRequest,834,0,1
1676157888408,717,HTTP Request,200,,Thread-Gruppe  1-14,text,true,,547,129,100,100,http://localhost:7000/randomRequest,717,0,0
1676157888109,1035,HTTP Request,200,,Thread-Gruppe  1-49,text,true,,419,129,100,100,http://localhost:7000/randomRequest,1035,0,1
1676157887899,1249,HTTP Request,200,,Thread-Gruppe  1-60,text,true,,490,129,100,100,http://localhost:7000/randomRequest,1249,0,1
1676157888851,308,HTTP Request,200,,Thread-Gruppe  1-96,text,true,,551,129,100,100,http://localhost:7000/randomRequest,308,0,1
1676157888240,925,HTTP Request,200,,Thread-Gruppe  1-100,text,true,,416,129,100,100,http://localhost:7000/randomRequest,925,0,1
1676157888244,938,HTTP Request,200,,Thread-Gruppe  1-17,text,true,,419,129,100,100,http://localhost:7000/randomRequest,938,0,0
1676157887956,1233,HTTP Request,200,,Thread-Gruppe  1-75,text,true,,492,129,100,100,http://localhost:7000/randomRequest,1233,0,1
1676157888282,919,HTTP Request,200,,Thread-Gruppe  1-72,text,true,,550,129,100,100,http://localhost:7000/randomRequest,919,0,1
1676157888282,924,HTTP Request,200,,Thread-Gruppe  1-61,text,true,,539,129,100,100,http://localhost:7000/randomRequest,924,0,1
1676157888615,611,HTTP Request,200,,Thread-Gruppe  1-78,text,true,,419,129,100,100,http://localhost:7000/randomRequest,611,0,1
1676157887929,1339,HTTP Request,200,,Thread-Gruppe  1-89,text,true,,492,129,100,100,http://localhost:7000/randomRequest,1339,0,1
1676157888240,1028,HTTP Request,200,,Thread-Gruppe  1-48,text,true,,416,129,100,100,http://localhost:7000/randomRequest,1028,0,1
1676157888556,722,HTTP Request,200,,Thread-Gruppe  1-69,text,true,,552,129,100,100,http://localhost:7000/randomRequest,722,0,1
1676157888034,1244,HTTP Request,200,,Thread-Gruppe  1-31,text,true,,492,129,100,100,http://localhost:7000/randomRequest,1244,0,0
1676157888251,1036,HTTP Request,200,,Thread-Gruppe  1-25,text,true,,563,129,100,100,http://localhost:7000/randomRequest,1036,0,0
1676157888718,611,HTTP Request,200,,Thread-Gruppe  1-86,text,true,,419,129,100,100,http://localhost:7000/randomRequest,611,0,0
1676157888656,693,HTTP Request,200,,Thread-Gruppe  1-44,text,true,,491,129,100,100,http://localhost:7000/randomRequest,693,0,1
1676157888240,1112,HTTP Request,200,,Thread-Gruppe  1-64,text,true,,643,129,100,100,http://localhost:7000/randomRequest,1112,0,1
1676157888109,1247,HTTP Request,200,,Thread-Gruppe  1-83,text,true,,492,129,100,100,http://localhost:7000/randomRequest,1247,0,1
1676157888351,1012,HTTP Request,200,,Thread-Gruppe  1-55,text,true,,633,129,100,100,http://localhost:7000/randomRequest,1012,0,0
1676157888552,828,HTTP Request,200,,Thread-Gruppe  1-20,text,true,,556,129,100,100,http://localhost:7000/randomRequest,828,0,1
1676157888553,827,HTTP Request,200,,Thread-Gruppe  1-65,text,true,,417,129,100,100,http://localhost:7000/randomRequest,827,0,0
1676157888448,932,HTTP Request,200,,Thread-Gruppe  1-32,text,true,,419,129,100,100,http://localhost:7000/randomRequest,932,0,0
1676157888555,834,HTTP Request,200,,Thread-Gruppe  1-62,text,true,,485,129,100,100,http://localhost:7000/randomRequest,834,0,1
1676157888780,613,HTTP Request,200,,Thread-Gruppe  1-5,text,true,,418,129,100,100,http://localhost:7000/randomRequest,613,0,0
1676157888468,925,HTTP Request,200,,Thread-Gruppe  1-50,text,true,,575,129,100,100,http://localhost:7000/randomRequest,925,0,1
1676157888370,1029,HTTP Request,200,,Thread-Gruppe  1-59,text,true,,492,129,100,100,http://localhost:7000/randomRequest,1029,0,0
1676157887760,1639,HTTP Request,200,,Thread-Gruppe  1-79,text,true,,643,129,100,100,http://localhost:7000/randomRequest,1639,0,1
1676157887773,1626,HTTP Request,200,,Thread-Gruppe  1-97,text,true,,541,129,100,100,http://localhost:7000/randomRequest,1626,0,0
1676157888287,1136,HTTP Request,200,,Thread-Gruppe  1-70,text,true,,492,129,100,100,http://localhost:7000/randomRequest,1136,0,1
1676157888599,824,HTTP Request,200,,Thread-Gruppe  1-8,text,true,,419,129,100,100,http://localhost:7000/randomRequest,824,0,1
1676157888806,618,HTTP Request,200,,Thread-Gruppe  1-27,text,true,,419,129,100,100,http://localhost:7000/randomRequest,618,0,1
1676157887825,1632,HTTP Request,200,,Thread-Gruppe  1-71,text,true,,527,129,100,100,http://localhost:7000/randomRequest,1632,0,1
1676157888306,1155,HTTP Request,200,,Thread-Gruppe  1-57,text,true,,565,129,100,100,http://localhost:7000/randomRequest,1155,0,1
1676157888849,614,HTTP Request,200,,Thread-Gruppe  1-77,text,true,,557,129,100,100,http://localhost:7000/randomRequest,614,0,0
1676157888344,1131,HTTP Request,200,,Thread-Gruppe  1-2,text,true,,540,129,100,100,http://localhost:7000/randomRequest,1131,0,1
1676157888861,614,HTTP Request,200,,Thread-Gruppe  1-33,text,true,,492,129,100,100,http://localhost:7000/randomRequest,614,0,0
1676157887760,1715,HTTP Request,200,,Thread-Gruppe  1-58,text,true,,537,129,100,100,http://localhost:7000/randomRequest,1715,0,0
1676157888868,626,HTTP Request,200,,Thread-Gruppe  1-36,text,true,,555,129,100,100,http://localhost:7000/randomRequest,626,0,0
1676157888370,1130,HTTP Request,200,,Thread-Gruppe  1-35,text,true,,492,129,100,100,http://localhost:7000/randomRequest,1130,0,0
1676157888178,1337,HTTP Request,200,,Thread-Gruppe  1-39,text,true,,480,129,100,100,http://localhost:7000/randomRequest,1337,0,0
1676157888895,620,HTTP Request,200,,Thread-Gruppe  1-74,text,true,,553,129,100,100,http://localhost:7000/randomRequest,620,0,0
1676157889113,412,HTTP Request,200,,Thread-Gruppe  1-43,text,true,,549,129,100,100,http://localhost:7000/randomRequest,412,0,0
1676157888306,1238,HTTP Request,200,,Thread-Gruppe  1-6,text,true,,482,129,100,100,http://localhost:7000/randomRequest,1238,0,1
1676157888344,1235,HTTP Request,200,,Thread-Gruppe  1-52,text,true,,490,129,100,100,http://localhost:7000/randomRequest,1235,0,1
1676157888556,1030,HTTP Request,200,,Thread-Gruppe  1-85,text,true,,555,129,100,100,http://localhost:7000/randomRequest,1029,0,1
1676157888370,1229,HTTP Request,200,,Thread-Gruppe  1-73,text,true,,527,129,100,100,http://localhost:7000/randomRequest,1228,0,0
1676157888157,1450,HTTP Request,200,,Thread-Gruppe  1-54,text,true,,486,129,100,100,http://localhost:7000/randomRequest,1450,0,0
1676157888785,822,HTTP Request,200,,Thread-Gruppe  1-19,text,true,,564,129,100,100,http://localhost:7000/randomRequest,822,0,0
1676157888996,617,HTTP Request,200,,Thread-Gruppe  1-28,text,true,,551,129,100,100,http://localhost:7000/randomRequest,617,0,0
1676157888995,618,HTTP Request,200,,Thread-Gruppe  1-7,text,true,,559,129,100,100,http://localhost:7000/randomRequest,618,0,0
1676157888906,719,HTTP Request,200,,Thread-Gruppe  1-76,text,true,,564,129,100,100,http://localhost:7000/randomRequest,719,0,1
1676157888906,719,HTTP Request,200,,Thread-Gruppe  1-53,text,true,,492,129,100,100,http://localhost:7000/randomRequest,719,0,1
1676157888448,1209,HTTP Request,200,,Thread-Gruppe  1-92,text,true,,494,129,100,100,http://localhost:7000/randomRequest,1209,0,0
1676157888835,826,HTTP Request,200,,Thread-Gruppe  1-37,text,true,,485,129,100,100,http://localhost:7000/randomRequest,826,0,0
1676157889045,623,HTTP Request,200,,Thread-Gruppe  1-95,text,true,,417,129,100,100,http://localhost:7000/randomRequest,623,0,0
1676157888849,819,HTTP Request,200,,Thread-Gruppe  1-63,text,true,,485,129,100,100,http://localhost:7000/randomRequest,819,0,0
1676157888861,820,HTTP Request,200,,Thread-Gruppe  1-88,text,true,,551,129,100,100,http://localhost:7000/randomRequest,820,0,0
1676157888448,1241,HTTP Request,200,,Thread-Gruppe  1-41,text,true,,492,129,100,100,http://localhost:7000/randomRequest,1241,0,0
1676157889077,619,HTTP Request,200,,Thread-Gruppe  1-13,text,true,,417,129,100,100,http://localhost:7000/randomRequest,619,0,0
1676157888881,821,HTTP Request,200,,Thread-Gruppe  1-26,text,true,,417,129,100,100,http://localhost:7000/randomRequest,821,0,0
1676157888985,725,HTTP Request,200,,Thread-Gruppe  1-12,text,true,,419,129,100,100,http://localhost:7000/randomRequest,725,0,1
1676157888895,822,HTTP Request,200,,Thread-Gruppe  1-91,text,true,,419,129,100,100,http://localhost:7000/randomRequest,822,0,0
1676157889102,615,HTTP Request,200,,Thread-Gruppe  1-29,text,true,,416,129,100,100,http://localhost:7000/randomRequest,615,0,0
1676157889116,609,HTTP Request,200,,Thread-Gruppe  1-10,text,true,,419,129,100,100,http://localhost:7000/randomRequest,609,0,0
1676157888391,1334,HTTP Request,200,,Thread-Gruppe  1-94,text,true,,495,129,100,100,http://localhost:7000/randomRequest,1334,0,0
1676157888448,1311,HTTP Request,200,,Thread-Gruppe  1-67,text,true,,633,129,100,100,http://localhost:7000/randomRequest,1311,0,0
1676157889159,616,HTTP Request,200,,Thread-Gruppe  1-96,text,true,,549,129,100,100,http://localhost:7000/randomRequest,616,0,0
1676157889063,718,HTTP Request,200,,Thread-Gruppe  1-81,text,true,,555,129,100,100,http://localhost:7000/randomRequest,718,0,1
1676157889059,722,HTTP Request,200,,Thread-Gruppe  1-18,text,true,,418,129,100,100,http://localhost:7000/randomRequest,722,0,0
1676157888785,1021,HTTP Request,200,,Thread-Gruppe  1-24,text,true,,540,129,100,100,http://localhost:7000/randomRequest,1021,0,0
1676157888875,931,HTTP Request,200,,Thread-Gruppe  1-99,text,true,,402,129,100,100,http://localhost:7000/randomRequest,931,0,1
1676157888785,1025,HTTP Request,200,,Thread-Gruppe  1-46,text,true,,492,129,100,100,http://localhost:7000/randomRequest,1025,0,0
1676157889088,722,HTTP Request,200,,Thread-Gruppe  1-9,text,true,,419,129,100,100,http://localhost:7000/randomRequest,722,0,1
1676157889099,721,HTTP Request,200,,Thread-Gruppe  1-56,text,true,,492,129,100,100,http://localhost:7000/randomRequest,721,0,1
1676157889010,816,HTTP Request,200,,Thread-Gruppe  1-1,text,true,,419,129,100,100,http://localhost:7000/randomRequest,816,0,1
1676157888023,1825,HTTP Request,200,,Thread-Gruppe  1-98,text,true,,535,129,100,100,http://localhost:7000/randomRequest,1825,0,0
1676157888961,920,HTTP Request,200,,Thread-Gruppe  1-38,text,true,,492,129,100,100,http://localhost:7000/randomRequest,920,0,0
1676157889166,715,HTTP Request,200,,Thread-Gruppe  1-100,text,true,,403,129,100,100,http://localhost:7000/randomRequest,715,0,0
1676157889269,612,HTTP Request,200,,Thread-Gruppe  1-89,text,true,,543,129,100,100,http://localhost:7000/randomRequest,612,0,0
1676157889269,617,HTTP Request,200,,Thread-Gruppe  1-48,text,true,,492,129,100,100,http://localhost:7000/randomRequest,617,0,0
1676157889063,823,HTTP Request,200,,Thread-Gruppe  1-11,text,true,,485,129,100,100,http://localhost:7000/randomRequest,823,0,1
1676157889494,412,HTTP Request,200,,Thread-Gruppe  1-36,text,true,,544,129,100,100,http://localhost:7000/randomRequest,412,0,0
1676157889287,619,HTTP Request,200,,Thread-Gruppe  1-25,text,true,,359,129,100,100,http://localhost:7000/randomRequest,619,0,0
1676157889190,720,HTTP Request,200,,Thread-Gruppe  1-75,text,true,,418,129,100,100,http://localhost:7000/randomRequest,720,0,0
1676157889399,511,HTTP Request,200,,Thread-Gruppe  1-79,text,true,,546,129,100,100,http://localhost:7000/randomRequest,511,0,0
1676157888999,926,HTTP Request,200,,Thread-Gruppe  1-40,text,true,,419,129,100,100,http://localhost:7000/randomRequest,926,0,0
1676157888999,926,HTTP Request,200,,Thread-Gruppe  1-4,text,true,,492,129,100,100,http://localhost:7000/randomRequest,926,0,0
1676157888732,1194,HTTP Request,200,,Thread-Gruppe  1-47,text,true,,527,129,100,100,http://localhost:7000/randomRequest,1194,0,1
1676157888865,1111,HTTP Request,200,,Thread-Gruppe  1-68,text,true,,537,129,100,100,http://localhost:7000/randomRequest,1111,0,0
1676157889380,623,HTTP Request,200,,Thread-Gruppe  1-65,text,true,,419,129,100,100,http://localhost:7000/randomRequest,623,0,1
1676157889073,930,HTTP Request,200,,Thread-Gruppe  1-66,text,true,,410,129,100,100,http://localhost:7000/randomRequest,930,0,1
1676157889690,313,HTTP Request,200,,Thread-Gruppe  1-41,text,true,,418,129,100,100,http://localhost:7000/randomRequest,313,0,0
1676157889182,828,HTTP Request,200,,Thread-Gruppe  1-17,text,true,,573,129,100,100,http://localhost:7000/randomRequest,828,0,1
1676157889607,408,HTTP Request,200,,Thread-Gruppe  1-54,text,true,,558,129,100,100,http://localhost:7000/randomRequest,408,0,0
1676157889206,822,HTTP Request,200,,Thread-Gruppe  1-61,text,true,,551,129,100,100,http://localhost:7000/randomRequest,822,0,0
1676157889515,513,HTTP Request,200,,Thread-Gruppe  1-74,text,true,,418,129,100,100,http://localhost:7000/randomRequest,513,0,0
1676157889010,1019,HTTP Request,200,,Thread-Gruppe  1-93,text,true,,488,129,100,100,http://localhost:7000/randomRequest,1019,0,1
1676157888806,1223,HTTP Request,200,,Thread-Gruppe  1-30,text,true,,403,129,100,100,http://localhost:7000/randomRequest,1223,0,1
1676157889330,726,HTTP Request,200,,Thread-Gruppe  1-86,text,true,,419,129,100,100,http://localhost:7000/randomRequest,726,0,0
1676157888861,1208,HTTP Request,200,,Thread-Gruppe  1-16,text,true,,537,129,100,100,http://localhost:7000/randomRequest,1208,0,0
1676157889760,312,HTTP Request,200,,Thread-Gruppe  1-67,text,true,,418,129,100,100,http://localhost:7000/randomRequest,312,0,0
1676157889353,723,HTTP Request,200,,Thread-Gruppe  1-64,text,true,,419,129,100,100,http://localhost:7000/randomRequest,723,0,0
1676157888885,1195,HTTP Request,200,,Thread-Gruppe  1-34,text,true,,495,129,100,100,http://localhost:7000/randomRequest,1195,0,0
1676157889349,740,HTTP Request,200,,Thread-Gruppe  1-44,text,true,,568,129,100,100,http://localhost:7000/randomRequest,740,0,0
1676157889144,950,HTTP Request,200,,Thread-Gruppe  1-49,text,true,,417,129,100,100,http://localhost:7000/randomRequest,950,0,0
1676157888712,1403,HTTP Request,200,,Thread-Gruppe  1-80,text,true,,541,129,100,100,http://localhost:7000/randomRequest,1403,0,0
1676157889613,517,HTTP Request,200,,Thread-Gruppe  1-7,text,true,,3852,129,100,100,http://localhost:7000/randomRequest,517,0,0
1676157889726,414,HTTP Request,200,,Thread-Gruppe  1-10,text,true,,403,129,100,100,http://localhost:7000/randomRequest,414,0,0
1676157888766,1419,HTTP Request,200,,Thread-Gruppe  1-3,text,true,,541,129,100,100,http://localhost:7000/randomRequest,1419,0,0
1676157889059,1135,HTTP Request,200,,Thread-Gruppe  1-82,text,true,,492,129,100,100,http://localhost:7000/randomRequest,1135,0,0
1676157888585,1609,HTTP Request,200,,Thread-Gruppe  1-15,text,true,,537,129,100,100,http://localhost:7000/randomRequest,1609,0,1
1676157889390,829,HTTP Request,200,,Thread-Gruppe  1-62,text,true,,568,129,100,100,http://localhost:7000/randomRequest,829,0,0
1676157888823,1411,HTTP Request,200,,Thread-Gruppe  1-45,text,true,,643,129,100,100,http://localhost:7000/randomRequest,1411,0,0
1676157889201,1033,HTTP Request,200,,Thread-Gruppe  1-72,text,true,,492,129,100,100,http://localhost:7000/randomRequest,1033,0,1
1676157889423,811,HTTP Request,200,,Thread-Gruppe  1-8,text,true,,488,129,100,100,http://localhost:7000/randomRequest,811,0,0
1676157889044,1213,HTTP Request,200,,Thread-Gruppe  1-21,text,true,,537,129,100,100,http://localhost:7000/randomRequest,1213,0,0
1676157889544,726,HTTP Request,200,,Thread-Gruppe  1-6,text,true,,549,129,100,100,http://localhost:7000/randomRequest,726,0,0
1676157889038,1239,HTTP Request,200,,Thread-Gruppe  1-42,text,true,,490,129,100,100,http://localhost:7000/randomRequest,1239,0,1
1676157889668,621,HTTP Request,200,,Thread-Gruppe  1-95,text,true,,489,129,100,100,http://localhost:7000/randomRequest,621,0,1
1676157889461,828,HTTP Request,200,,Thread-Gruppe  1-57,text,true,,418,129,100,100,http://localhost:7000/randomRequest,828,0,0
1676157889363,926,HTTP Request,200,,Thread-Gruppe  1-55,text,true,,485,129,100,100,http://localhost:7000/randomRequest,926,0,1
1676157889781,514,HTTP Request,200,,Thread-Gruppe  1-81,text,true,,488,129,100,100,http://localhost:7000/randomRequest,514,0,0
1676157889681,625,HTTP Request,200,,Thread-Gruppe  1-88,text,true,,492,129,100,100,http://localhost:7000/randomRequest,625,0,0
1676157889380,934,HTTP Request,200,,Thread-Gruppe  1-32,text,true,,492,129,100,100,http://localhost:7000/randomRequest,934,0,1
1676157889710,613,HTTP Request,200,,Thread-Gruppe  1-12,text,true,,416,129,100,100,http://localhost:7000/randomRequest,613,0,0
1676157889806,517,HTTP Request,200,,Thread-Gruppe  1-99,text,true,,485,129,100,100,http://localhost:7000/randomRequest,517,0,1
1676157889810,513,HTTP Request,200,,Thread-Gruppe  1-46,text,true,,419,129,100,100,http://localhost:7000/randomRequest,513,0,1
1676157889607,717,HTTP Request,200,,Thread-Gruppe  1-19,text,true,,492,129,100,100,http://localhost:7000/randomRequest,717,0,0
1676157889717,620,HTTP Request,200,,Thread-Gruppe  1-91,text,true,,548,129,100,100,http://localhost:7000/randomRequest,620,0,1
1676157889726,613,HTTP Request,200,,Thread-Gruppe  1-94,text,true,,490,129,100,100,http://localhost:7000/randomRequest,613,0,0
1676157888861,1514,HTTP Request,200,,Thread-Gruppe  1-87,text,true,,541,129,100,100,http://localhost:7000/randomRequest,1514,0,0
1676157889149,1226,HTTP Request,200,,Thread-Gruppe  1-60,text,true,,541,129,100,100,http://localhost:7000/randomRequest,1226,0,0
1676157889278,1098,HTTP Request,200,,Thread-Gruppe  1-31,text,true,,643,129,100,100,http://localhost:7000/randomRequest,1098,0,0
1676157889464,930,HTTP Request,200,,Thread-Gruppe  1-77,text,true,,417,129,100,100,http://localhost:7000/randomRequest,930,0,0
1676157889882,516,HTTP Request,200,,Thread-Gruppe  1-89,text,true,,564,129,100,100,http://localhost:7000/randomRequest,516,0,0
1676157889475,923,HTTP Request,200,,Thread-Gruppe  1-2,text,true,,492,129,100,100,http://localhost:7000/randomRequest,923,0,0
1676157889882,516,HTTP Request,200,,Thread-Gruppe  1-100,text,true,,485,129,100,100,http://localhost:7000/randomRequest,516,0,0
1676157889278,1137,HTTP Request,200,,Thread-Gruppe  1-69,text,true,,486,129,100,100,http://localhost:7000/randomRequest,1137,0,0
1676157889696,728,HTTP Request,200,,Thread-Gruppe  1-13,text,true,,403,129,100,100,http://localhost:7000/randomRequest,728,0,0
1676157889907,518,HTTP Request,200,,Thread-Gruppe  1-25,text,true,,559,129,100,100,http://localhost:7000/randomRequest,518,0,0
1676157889599,826,HTTP Request,200,,Thread-Gruppe  1-73,text,true,,492,129,100,100,http://localhost:7000/randomRequest,826,0,0
1676157889820,618,HTTP Request,200,,Thread-Gruppe  1-56,text,true,,492,129,100,100,http://localhost:7000/randomRequest,618,0,1
1676157889226,1239,HTTP Request,200,,Thread-Gruppe  1-78,text,true,,490,129,100,100,http://localhost:7000/randomRequest,1239,0,0
1676157889668,826,HTTP Request,200,,Thread-Gruppe  1-63,text,true,,419,129,100,100,http://localhost:7000/randomRequest,826,0,1
1676157889457,1040,HTTP Request,200,,Thread-Gruppe  1-71,text,true,,489,129,100,100,http://localhost:7000/randomRequest,1040,0,1
1676157889475,1027,HTTP Request,200,,Thread-Gruppe  1-58,text,true,,550,129,100,100,http://localhost:7000/randomRequest,1027,0,0
1676157889717,799,HTTP Request,200,,Thread-Gruppe  1-29,text,true,,637,129,100,100,http://localhost:7000/randomRequest,799,0,1
1676157889394,1132,HTTP Request,200,,Thread-Gruppe  1-50,text,true,,490,129,100,100,http://localhost:7000/randomRequest,1132,0,0
1676157889925,617,HTTP Request,200,,Thread-Gruppe  1-4,text,true,,418,129,100,100,http://localhost:7000/randomRequest,617,0,0
1676157889613,933,HTTP Request,200,,Thread-Gruppe  1-28,text,true,,489,129,100,100,http://localhost:7000/randomRequest,933,0,0
1676157889380,1247,HTTP Request,200,,Thread-Gruppe  1-20,text,true,,490,129,100,100,http://localhost:7000/randomRequest,1247,0,1
1676157889703,927,HTTP Request,200,,Thread-Gruppe  1-26,text,true,,419,129,100,100,http://localhost:7000/randomRequest,927,0,0
1676157889925,723,HTTP Request,200,,Thread-Gruppe  1-40,text,true,,552,129,100,100,http://localhost:7000/randomRequest,723,0,0
1676157889926,722,HTTP Request,200,,Thread-Gruppe  1-47,text,true,,542,129,100,100,http://localhost:7000/randomRequest,722,0,0
1676157890003,646,HTTP Request,200,,Thread-Gruppe  1-66,text,true,,570,129,100,100,http://localhost:7000/randomRequest,646,0,0
1676157890028,620,HTTP Request,200,,Thread-Gruppe  1-74,text,true,,419,129,100,100,http://localhost:7000/randomRequest,620,0,0
1676157889423,1225,HTTP Request,200,,Thread-Gruppe  1-70,text,true,,488,129,100,100,http://localhost:7000/randomRequest,1225,0,0
1676157889910,742,HTTP Request,200,,Thread-Gruppe  1-79,text,true,,414,129,100,100,http://localhost:7000/randomRequest,742,0,1
1676157889424,1242,HTTP Request,200,,Thread-Gruppe  1-27,text,true,,492,129,100,100,http://localhost:7000/randomRequest,1242,0,1
1676157890069,608,HTTP Request,200,,Thread-Gruppe  1-16,text,true,,485,129,100,100,http://localhost:7000/randomRequest,608,0,1
1676157889394,1302,HTTP Request,200,,Thread-Gruppe  1-5,text,true,,525,129,100,100,http://localhost:7000/randomRequest,1302,0,0
1676157890080,618,HTTP Request,200,,Thread-Gruppe  1-34,text,true,,560,129,100,100,http://localhost:7000/randomRequest,618,0,1
1676157889500,1198,HTTP Request,200,,Thread-Gruppe  1-35,text,true,,527,129,100,100,http://localhost:7000/randomRequest,1198,0,0
1676157889775,931,HTTP Request,200,,Thread-Gruppe  1-96,text,true,,492,129,100,100,http://localhost:7000/randomRequest,931,0,0
1676157889882,824,HTTP Request,200,,Thread-Gruppe  1-38,text,true,,419,129,100,100,http://localhost:7000/randomRequest,824,0,0
1676157890003,721,HTTP Request,200,,Thread-Gruppe  1-65,text,true,,483,129,100,100,http://localhost:7000/randomRequest,721,0,0
1676157890218,512,HTTP Request,200,,Thread-Gruppe  1-62,text,true,,416,129,100,100,http://localhost:7000/randomRequest,512,0,0
1676157889907,824,HTTP Request,200,,Thread-Gruppe  1-36,text,true,,554,129,100,100,http://localhost:7000/randomRequest,824,0,0
1676157889515,1237,HTTP Request,200,,Thread-Gruppe  1-39,text,true,,403,129,100,100,http://localhost:7000/randomRequest,1237,0,0
1676157889625,1131,HTTP Request,200,,Thread-Gruppe  1-76,text,true,,492,129,100,100,http://localhost:7000/randomRequest,1131,0,1
1676157889826,933,HTTP Request,200,,Thread-Gruppe  1-1,text,true,,481,129,100,100,http://localhost:7000/randomRequest,933,0,0
1676157889849,925,HTTP Request,200,,Thread-Gruppe  1-98,text,true,,418,129,100,100,http://localhost:7000/randomRequest,925,0,0
1676157889657,1129,HTTP Request,200,,Thread-Gruppe  1-92,text,true,,489,129,100,100,http://localhost:7000/randomRequest,1129,0,1
1676157890089,717,HTTP Request,200,,Thread-Gruppe  1-44,text,true,,555,129,100,100,http://localhost:7000/randomRequest,717,0,1
1676157890305,517,HTTP Request,200,,Thread-Gruppe  1-88,text,true,,419,129,100,100,http://localhost:7000/randomRequest,517,0,1
1676157890003,821,HTTP Request,200,,Thread-Gruppe  1-41,text,true,,490,129,100,100,http://localhost:7000/randomRequest,821,0,0
1676157890011,825,HTTP Request,200,,Thread-Gruppe  1-17,text,true,,418,129,100,100,http://localhost:7000/randomRequest,825,0,0
1676157889356,1497,HTTP Request,200,,Thread-Gruppe  1-83,text,true,,647,129,100,100,http://localhost:7000/randomRequest,1497,0,0
1676157890029,827,HTTP Request,200,,Thread-Gruppe  1-93,text,true,,486,129,100,100,http://localhost:7000/randomRequest,827,0,1
1676157889781,1101,HTTP Request,200,,Thread-Gruppe  1-18,text,true,,540,129,100,100,http://localhost:7000/randomRequest,1101,0,0
1676157889976,920,HTTP Request,200,,Thread-Gruppe  1-68,text,true,,484,129,100,100,http://localhost:7000/randomRequest,920,0,1
1676157890193,720,HTTP Request,200,,Thread-Gruppe  1-15,text,true,,490,129,100,100,http://localhost:7000/randomRequest,720,0,1
1676157889579,1335,HTTP Request,200,,Thread-Gruppe  1-52,text,true,,402,129,100,100,http://localhost:7000/randomRequest,1335,0,0
1676157889806,1118,HTTP Request,200,,Thread-Gruppe  1-24,text,true,,525,129,100,100,http://localhost:7000/randomRequest,1118,0,1
1676157889399,1530,HTTP Request,200,,Thread-Gruppe  1-97,text,true,,633,129,100,100,http://localhost:7000/randomRequest,1530,0,0
1676157889810,1119,HTTP Request,200,,Thread-Gruppe  1-9,text,true,,647,129,100,100,http://localhost:7000/randomRequest,1119,0,1
1676157890313,618,HTTP Request,200,,Thread-Gruppe  1-32,text,true,,418,129,100,100,http://localhost:7000/randomRequest,618,0,0
1676157890115,821,HTTP Request,200,,Thread-Gruppe  1-80,text,true,,558,129,100,100,http://localhost:7000/randomRequest,821,0,1
1676157890233,722,HTTP Request,200,,Thread-Gruppe  1-8,text,true,,555,129,100,100,http://localhost:7000/randomRequest,722,0,0
1676157890289,684,HTTP Request,200,,Thread-Gruppe  1-57,text,true,,643,129,100,100,http://localhost:7000/randomRequest,684,0,0
1676157890257,716,HTTP Request,200,,Thread-Gruppe  1-21,text,true,,557,129,100,100,http://localhost:7000/randomRequest,716,0,0
1676157890073,914,HTTP Request,200,,Thread-Gruppe  1-67,text,true,,403,129,100,100,http://localhost:7000/randomRequest,914,0,0
1676157890015,991,HTTP Request,200,,Thread-Gruppe  1-54,text,true,,643,129,100,100,http://localhost:7000/randomRequest,991,0,1
1676157890185,823,HTTP Request,200,,Thread-Gruppe  1-3,text,true,,403,129,100,100,http://localhost:7000/randomRequest,823,0,0
1676157890289,719,HTTP Request,200,,Thread-Gruppe  1-55,text,true,,492,129,100,100,http://localhost:7000/randomRequest,719,0,0
1676157890094,930,HTTP Request,200,,Thread-Gruppe  1-49,text,true,,549,129,100,100,http://localhost:7000/randomRequest,930,0,1
1676157890414,619,HTTP Request,200,,Thread-Gruppe  1-69,text,true,,419,129,100,100,http://localhost:7000/randomRequest,619,0,1
1676157890322,721,HTTP Request,200,,Thread-Gruppe  1-99,text,true,,555,129,100,100,http://localhost:7000/randomRequest,721,0,0
1676157890424,619,HTTP Request,200,,Thread-Gruppe  1-73,text,true,,560,129,100,100,http://localhost:7000/randomRequest,619,0,1
1676157889525,1534,HTTP Request,200,,Thread-Gruppe  1-43,text,true,,489,129,100,100,http://localhost:7000/randomRequest,1534,0,0
1676157890336,724,HTTP Request,200,,Thread-Gruppe  1-91,text,true,,492,129,100,100,http://localhost:7000/randomRequest,724,0,1
1676157890652,408,HTTP Request,200,,Thread-Gruppe  1-79,text,true,,485,129,100,100,http://localhost:7000/randomRequest,408,0,0
1676157890438,622,HTTP Request,200,,Thread-Gruppe  1-56,text,true,,490,129,100,100,http://localhost:7000/randomRequest,622,0,0
1676157890140,921,HTTP Request,200,,Thread-Gruppe  1-10,text,true,,490,129,100,100,http://localhost:7000/randomRequest,921,0,0
1676157889886,1193,HTTP Request,200,,Thread-Gruppe  1-48,text,true,,527,129,100,100,http://localhost:7000/randomRequest,1193,0,0
1676157890269,819,HTTP Request,200,,Thread-Gruppe  1-6,text,true,,556,129,100,100,http://localhost:7000/randomRequest,819,0,0
1676157890056,1033,HTTP Request,200,,Thread-Gruppe  1-86,text,true,,403,129,100,100,http://localhost:7000/randomRequest,1033,0,0
1676157890076,1022,HTTP Request,200,,Thread-Gruppe  1-64,text,true,,492,129,100,100,http://localhost:7000/randomRequest,1022,0,1
1676157890028,1083,HTTP Request,200,,Thread-Gruppe  1-61,text,true,,645,129,100,100,http://localhost:7000/randomRequest,1083,0,0
1676157890398,716,HTTP Request,200,,Thread-Gruppe  1-89,text,true,,419,129,100,100,http://localhost:7000/randomRequest,716,0,0
1676157890233,895,HTTP Request,200,,Thread-Gruppe  1-45,text,true,,643,129,100,100,http://localhost:7000/randomRequest,895,0,0
1676157890323,820,HTTP Request,200,,Thread-Gruppe  1-19,text,true,,540,129,100,100,http://localhost:7000/randomRequest,820,0,0
1676157890424,723,HTTP Request,200,,Thread-Gruppe  1-13,text,true,,481,129,100,100,http://localhost:7000/randomRequest,723,0,0
1676157890193,954,HTTP Request,200,,Thread-Gruppe  1-82,text,true,,474,129,100,100,http://localhost:7000/randomRequest,954,0,0
1676157890338,826,HTTP Request,200,,Thread-Gruppe  1-94,text,true,,561,129,100,100,http://localhost:7000/randomRequest,826,0,0
1676157890648,516,HTTP Request,200,,Thread-Gruppe  1-74,text,true,,419,129,100,100,http://localhost:7000/randomRequest,516,0,0
1676157890774,407,HTTP Request,200,,Thread-Gruppe  1-98,text,true,,492,129,100,100,http://localhost:7000/randomRequest,407,0,0
1676157890393,821,HTTP Request,200,,Thread-Gruppe  1-77,text,true,,418,129,100,100,http://localhost:7000/randomRequest,821,0,0
1676157889910,1305,HTTP Request,200,,Thread-Gruppe  1-75,text,true,,527,129,100,100,http://localhost:7000/randomRequest,1305,0,1
1676157890398,820,HTTP Request,200,,Thread-Gruppe  1-100,text,true,,489,129,100,100,http://localhost:7000/randomRequest,820,0,0
1676157890030,1202,HTTP Request,200,,Thread-Gruppe  1-30,text,true,,537,129,100,100,http://localhost:7000/randomRequest,1202,0,0
1676157890322,925,HTTP Request,200,,Thread-Gruppe  1-12,text,true,,485,129,100,100,http://localhost:7000/randomRequest,925,0,0
1676157890629,623,HTTP Request,200,,Thread-Gruppe  1-26,text,true,,418,129,100,100,http://localhost:7000/randomRequest,623,0,1
1676157890526,726,HTTP Request,200,,Thread-Gruppe  1-50,text,true,,568,129,100,100,http://localhost:7000/randomRequest,726,0,0
1676157890648,617,HTTP Request,200,,Thread-Gruppe  1-70,text,true,,419,129,100,100,http://localhost:7000/randomRequest,617,0,0
1676157890294,993,HTTP Request,200,,Thread-Gruppe  1-81,text,true,,527,129,100,100,http://localhost:7000/randomRequest,993,0,0
1676157889475,1824,HTTP Request,200,,Thread-Gruppe  1-33,text,true,,541,129,100,100,http://localhost:7000/randomRequest,1824,0,0
1676157890823,520,HTTP Request,200,,Thread-Gruppe  1-41,text,true,,492,129,100,100,http://localhost:7000/randomRequest,520,0,1
1676157889586,1758,HTTP Request,200,,Thread-Gruppe  1-85,text,true,,492,129,100,100,http://localhost:7000/randomRequest,1758,0,0
1676157890424,931,HTTP Request,200,,Thread-Gruppe  1-25,text,true,,490,129,100,100,http://localhost:7000/randomRequest,931,0,1
1676157890822,537,HTTP Request,200,,Thread-Gruppe  1-88,text,true,,417,129,100,100,http://localhost:7000/randomRequest,537,0,0
1676157890322,1043,HTTP Request,200,,Thread-Gruppe  1-46,text,true,,417,129,100,100,http://localhost:7000/randomRequest,1043,0,0
1676157890545,820,HTTP Request,200,,Thread-Gruppe  1-28,text,true,,492,129,100,100,http://localhost:7000/randomRequest,820,0,0
1676157890853,512,HTTP Request,200,,Thread-Gruppe  1-83,text,true,,551,129,100,100,http://localhost:7000/randomRequest,512,0,0
1676157890855,510,HTTP Request,200,,Thread-Gruppe  1-93,text,true,,419,129,100,100,http://localhost:7000/randomRequest,510,0,0
1676157890374,1023,HTTP Request,200,,Thread-Gruppe  1-87,text,true,,403,129,100,100,http://localhost:7000/randomRequest,1023,0,1
1676157890881,516,HTTP Request,200,,Thread-Gruppe  1-18,text,true,,488,129,100,100,http://localhost:7000/randomRequest,516,0,0
1676157890398,1007,HTTP Request,200,,Thread-Gruppe  1-2,text,true,,633,129,100,100,http://localhost:7000/randomRequest,1007,0,0
1676157890896,518,HTTP Request,200,,Thread-Gruppe  1-68,text,true,,554,129,100,100,http://localhost:7000/randomRequest,518,0,0
1676157890493,924,HTTP Request,200,,Thread-Gruppe  1-63,text,true,,419,129,100,100,http://localhost:7000/randomRequest,924,0,0
1676157889886,1537,HTTP Request,200,,Thread-Gruppe  1-11,text,true,,488,129,100,100,http://localhost:7000/randomRequest,1537,0,0
1676157890289,1133,HTTP Request,200,,Thread-Gruppe  1-95,text,true,,490,129,100,100,http://localhost:7000/randomRequest,1133,0,0
1676157890730,728,HTTP Request,200,,Thread-Gruppe  1-62,text,true,,492,129,100,100,http://localhost:7000/randomRequest,728,0,0
1676157890835,641,HTTP Request,200,,Thread-Gruppe  1-17,text,true,,669,129,100,100,http://localhost:7000/randomRequest,641,0,1
1676157890130,1357,HTTP Request,200,,Thread-Gruppe  1-7,text,true,,566,129,100,100,http://localhost:7000/randomRequest,1357,0,0
1676157890665,827,HTTP Request,200,,Thread-Gruppe  1-27,text,true,,418,129,100,100,http://localhost:7000/randomRequest,827,0,0
1676157891078,430,HTTP Request,200,,Thread-Gruppe  1-48,text,true,,417,129,100,100,http://localhost:7000/randomRequest,430,0,0
1676157891005,521,HTTP Request,200,,Thread-Gruppe  1-54,text,true,,418,129,100,100,http://localhost:7000/randomRequest,521,0,0
1676157890516,1031,HTTP Request,200,,Thread-Gruppe  1-29,text,true,,482,129,100,100,http://localhost:7000/randomRequest,1031,0,0
1676157890928,620,HTTP Request,200,,Thread-Gruppe  1-9,text,true,,419,129,100,100,http://localhost:7000/randomRequest,620,0,1
1676157891034,521,HTTP Request,200,,Thread-Gruppe  1-69,text,true,,481,129,100,100,http://localhost:7000/randomRequest,521,0,0
1676157891043,515,HTTP Request,200,,Thread-Gruppe  1-99,text,true,,492,129,100,100,http://localhost:7000/randomRequest,515,0,0
1676157891043,515,HTTP Request,200,,Thread-Gruppe  1-73,text,true,,417,129,100,100,http://localhost:7000/randomRequest,515,0,0
1676157890233,1340,HTTP Request,200,,Thread-Gruppe  1-72,text,true,,403,129,100,100,http://localhost:7000/randomRequest,1340,0,0
1676157891058,515,HTTP Request,200,,Thread-Gruppe  1-43,text,true,,490,129,100,100,http://localhost:7000/randomRequest,515,0,1
1676157890648,925,HTTP Request,200,,Thread-Gruppe  1-66,text,true,,419,129,100,100,http://localhost:7000/randomRequest,925,0,0
1676157890541,1032,HTTP Request,200,,Thread-Gruppe  1-4,text,true,,416,129,100,100,http://localhost:7000/randomRequest,1032,0,0
1676157891060,516,HTTP Request,200,,Thread-Gruppe  1-10,text,true,,492,129,100,100,http://localhost:7000/randomRequest,516,0,0
1676157890986,619,HTTP Request,200,,Thread-Gruppe  1-67,text,true,,556,129,100,100,http://localhost:7000/randomRequest,619,0,0
1676157891088,517,HTTP Request,200,,Thread-Gruppe  1-6,text,true,,559,129,100,100,http://localhost:7000/randomRequest,517,0,1
1676157891097,514,HTTP Request,200,,Thread-Gruppe  1-64,text,true,,572,129,100,100,http://localhost:7000/randomRequest,514,0,0
1676157890698,925,HTTP Request,200,,Thread-Gruppe  1-34,text,true,,492,129,100,100,http://localhost:7000/randomRequest,925,0,0
1676157891008,618,HTTP Request,200,,Thread-Gruppe  1-3,text,true,,490,129,100,100,http://localhost:7000/randomRequest,618,0,0
1676157890705,921,HTTP Request,200,,Thread-Gruppe  1-96,text,true,,419,129,100,100,http://localhost:7000/randomRequest,921,0,0
1676157890914,717,HTTP Request,200,,Thread-Gruppe  1-15,text,true,,558,129,100,100,http://localhost:7000/randomRequest,717,0,0
1676157891024,619,HTTP Request,200,,Thread-Gruppe  1-49,text,true,,488,129,100,100,http://localhost:7000/randomRequest,619,0,0
1676157890931,721,HTTP Request,200,,Thread-Gruppe  1-32,text,true,,549,129,100,100,http://localhost:7000/randomRequest,721,0,0
1676157890723,929,HTTP Request,200,,Thread-Gruppe  1-65,text,true,,418,129,100,100,http://localhost:7000/randomRequest,929,0,1
1676157890627,1033,HTTP Request,200,,Thread-Gruppe  1-20,text,true,,403,129,100,100,http://localhost:7000/randomRequest,1033,0,0
1676157891265,409,HTTP Request,200,,Thread-Gruppe  1-70,text,true,,547,129,100,100,http://localhost:7000/randomRequest,409,0,0
1676157891060,614,HTTP Request,200,,Thread-Gruppe  1-56,text,true,,419,129,100,100,http://localhost:7000/randomRequest,614,0,0
1676157890648,1026,HTTP Request,200,,Thread-Gruppe  1-47,text,true,,488,129,100,100,http://localhost:7000/randomRequest,1026,0,0
1676157891164,513,HTTP Request,200,,Thread-Gruppe  1-94,text,true,,419,129,100,100,http://localhost:7000/randomRequest,513,0,1
1676157891060,617,HTTP Request,200,,Thread-Gruppe  1-79,text,true,,481,129,100,100,http://localhost:7000/randomRequest,617,0,0
1676157890276,1418,HTTP Request,200,,Thread-Gruppe  1-42,text,true,,537,129,100,100,http://localhost:7000/randomRequest,1418,0,0
1676157891287,418,HTTP Request,200,,Thread-Gruppe  1-81,text,true,,419,129,100,100,http://localhost:7000/randomRequest,418,0,0
1676157890914,794,HTTP Request,200,,Thread-Gruppe  1-52,text,true,,647,129,100,100,http://localhost:7000/randomRequest,794,0,0
1676157890376,1339,HTTP Request,200,,Thread-Gruppe  1-31,text,true,,541,129,100,100,http://localhost:7000/randomRequest,1339,0,0
1676157890502,1228,HTTP Request,200,,Thread-Gruppe  1-58,text,true,,492,129,100,100,http://localhost:7000/randomRequest,1228,0,0
1676157890496,1234,HTTP Request,200,,Thread-Gruppe  1-71,text,true,,492,129,100,100,http://localhost:7000/randomRequest,1234,0,1
1676157890928,827,HTTP Request,200,,Thread-Gruppe  1-97,text,true,,492,129,100,100,http://localhost:7000/randomRequest,827,0,1
1676157891143,621,HTTP Request,200,,Thread-Gruppe  1-19,text,true,,418,129,100,100,http://localhost:7000/randomRequest,621,0,0
1676157891148,616,HTTP Request,200,,Thread-Gruppe  1-13,text,true,,403,129,100,100,http://localhost:7000/randomRequest,616,0,0
1676157890755,1020,HTTP Request,200,,Thread-Gruppe  1-76,text,true,,419,129,100,100,http://localhost:7000/randomRequest,1020,0,1
1676157891164,617,HTTP Request,200,,Thread-Gruppe  1-74,text,true,,419,129,100,100,http://localhost:7000/randomRequest,617,0,1
1676157890923,887,HTTP Request,200,,Thread-Gruppe  1-24,text,true,,527,129,100,100,http://localhost:7000/randomRequest,887,0,1
1676157890705,1128,HTTP Request,200,,Thread-Gruppe  1-38,text,true,,418,129,100,100,http://localhost:7000/randomRequest,1128,0,0
1676157891343,519,HTTP Request,200,,Thread-Gruppe  1-41,text,true,,419,129,100,100,http://localhost:7000/randomRequest,519,0,1
1676157891248,619,HTTP Request,200,,Thread-Gruppe  1-12,text,true,,485,129,100,100,http://localhost:7000/randomRequest,619,0,0
1676157890730,1137,HTTP Request,200,,Thread-Gruppe  1-36,text,true,,492,129,100,100,http://localhost:7000/randomRequest,1137,0,0
1676157890676,1199,HTTP Request,200,,Thread-Gruppe  1-16,text,true,,647,129,100,100,http://localhost:7000/randomRequest,1199,0,0
1676157890374,1501,HTTP Request,200,,Thread-Gruppe  1-60,text,true,,537,129,100,100,http://localhost:7000/randomRequest,1501,0,1
1676157890974,929,HTTP Request,200,,Thread-Gruppe  1-21,text,true,,567,129,100,100,http://localhost:7000/randomRequest,929,0,0
1676157890695,1208,HTTP Request,200,,Thread-Gruppe  1-5,text,true,,641,129,100,100,http://localhost:7000/randomRequest,1208,0,0
1676157891088,822,HTTP Request,200,,Thread-Gruppe  1-86,text,true,,492,129,100,100,http://localhost:7000/randomRequest,822,0,1
1676157891398,516,HTTP Request,200,,Thread-Gruppe  1-18,text,true,,418,129,100,100,http://localhost:7000/randomRequest,516,0,0
1676157890758,1156,HTTP Request,200,,Thread-Gruppe  1-1,text,true,,417,129,100,100,http://localhost:7000/randomRequest,1156,0,0
1676157890786,1135,HTTP Request,200,,Thread-Gruppe  1-92,text,true,,418,129,100,100,http://localhost:7000/randomRequest,1135,0,0
1676157891114,822,HTTP Request,200,,Thread-Gruppe  1-89,text,true,,492,129,100,100,http://localhost:7000/randomRequest,822,0,0
1676157890806,1130,HTTP Request,200,,Thread-Gruppe  1-44,text,true,,568,129,100,100,http://localhost:7000/randomRequest,1130,0,0
1676157891422,514,HTTP Request,200,,Thread-Gruppe  1-11,text,true,,419,129,100,100,http://localhost:7000/randomRequest,514,0,0
1676157891215,721,HTTP Request,200,,Thread-Gruppe  1-75,text,true,,492,129,100,100,http://localhost:7000/randomRequest,721,0,0
1676157891128,825,HTTP Request,200,,Thread-Gruppe  1-45,text,true,,492,129,100,100,http://localhost:7000/randomRequest,825,0,1
1676157891231,724,HTTP Request,200,,Thread-Gruppe  1-30,text,true,,492,129,100,100,http://localhost:7000/randomRequest,724,0,0
1676157891343,621,HTTP Request,200,,Thread-Gruppe  1-85,text,true,,488,129,100,100,http://localhost:7000/randomRequest,621,0,1
1676157891355,619,HTTP Request,200,,Thread-Gruppe  1-25,text,true,,415,129,100,100,http://localhost:7000/randomRequest,619,0,1
1676157891359,615,HTTP Request,200,,Thread-Gruppe  1-88,text,true,,548,129,100,100,http://localhost:7000/randomRequest,615,0,0
1676157891365,610,HTTP Request,200,,Thread-Gruppe  1-28,text,true,,485,129,100,100,http://localhost:7000/randomRequest,610,0,1
1676157891417,608,HTTP Request,200,,Thread-Gruppe  1-63,text,true,,492,129,100,100,http://localhost:7000/randomRequest,608,0,0
1676157891414,611,HTTP Request,200,,Thread-Gruppe  1-68,text,true,,553,129,100,100,http://localhost:7000/randomRequest,611,0,0
1676157891218,822,HTTP Request,200,,Thread-Gruppe  1-100,text,true,,550,129,100,100,http://localhost:7000/randomRequest,821,0,1
1676157891215,825,HTTP Request,200,,Thread-Gruppe  1-77,text,true,,403,129,100,100,http://localhost:7000/randomRequest,824,0,0
1676157891548,511,HTTP Request,200,,Thread-Gruppe  1-9,text,true,,548,129,100,100,http://localhost:7000/randomRequest,511,0,0
1676157891148,926,HTTP Request,200,,Thread-Gruppe  1-82,text,true,,488,129,100,100,http://localhost:7000/randomRequest,926,0,0
1676157891181,893,HTTP Request,200,,Thread-Gruppe  1-98,text,true,,647,129,100,100,http://localhost:7000/randomRequest,893,0,0
1676157891559,515,HTTP Request,200,,Thread-Gruppe  1-73,text,true,,418,129,100,100,http://localhost:7000/randomRequest,515,0,0
1676157891365,715,HTTP Request,200,,Thread-Gruppe  1-46,text,true,,492,129,100,100,http://localhost:7000/randomRequest,715,0,1
1676157890935,1145,HTTP Request,200,,Thread-Gruppe  1-80,text,true,,670,129,100,100,http://localhost:7000/randomRequest,1145,0,0
1676157890464,1616,HTTP Request,200,,Thread-Gruppe  1-78,text,true,,537,129,100,100,http://localhost:7000/randomRequest,1616,0,1
1676157891060,1029,HTTP Request,200,,Thread-Gruppe  1-91,text,true,,492,129,100,100,http://localhost:7000/randomRequest,1029,0,0
1676157891008,1100,HTTP Request,200,,Thread-Gruppe  1-55,text,true,,541,129,100,100,http://localhost:7000/randomRequest,1100,0,0
1676157891405,718,HTTP Request,200,,Thread-Gruppe  1-2,text,true,,403,129,100,100,http://localhost:7000/randomRequest,718,0,0
1676157891547,617,HTTP Request,200,,Thread-Gruppe  1-29,text,true,,556,129,100,100,http://localhost:7000/randomRequest,617,0,1
1676157891252,922,HTTP Request,200,,Thread-Gruppe  1-26,text,true,,492,129,100,100,http://localhost:7000/randomRequest,922,0,0
1676157891365,849,HTTP Request,200,,Thread-Gruppe  1-93,text,true,,559,129,100,100,http://localhost:7000/randomRequest,849,0,1
1676157891110,1139,HTTP Request,200,,Thread-Gruppe  1-61,text,true,,492,129,100,100,http://localhost:7000/randomRequest,1139,0,1
1676157891643,622,HTTP Request,200,,Thread-Gruppe  1-49,text,true,,488,129,100,100,http://localhost:7000/randomRequest,622,0,0
1676157891555,719,HTTP Request,200,,Thread-Gruppe  1-69,text,true,,419,129,100,100,http://localhost:7000/randomRequest,719,0,0
1676157891252,1022,HTTP Request,200,,Thread-Gruppe  1-50,text,true,,419,129,100,100,http://localhost:7000/randomRequest,1022,0,0
1676157890974,1300,HTTP Request,200,,Thread-Gruppe  1-57,text,true,,537,129,100,100,http://localhost:7000/randomRequest,1300,0,0
1676157891573,708,HTTP Request,200,,Thread-Gruppe  1-72,text,true,,560,129,100,100,http://localhost:7000/randomRequest,708,0,0
1676157891573,708,HTTP Request,200,,Thread-Gruppe  1-43,text,true,,488,129,100,100,http://localhost:7000/randomRequest,708,0,0
1676157891677,620,HTTP Request,200,,Thread-Gruppe  1-79,text,true,,485,129,100,100,http://localhost:7000/randomRequest,620,0,0
1676157891576,721,HTTP Request,200,,Thread-Gruppe  1-10,text,true,,492,129,100,100,http://localhost:7000/randomRequest,721,0,1
1676157891705,620,HTTP Request,200,,Thread-Gruppe  1-81,text,true,,550,129,100,100,http://localhost:7000/randomRequest,620,0,0
1676157891605,720,HTTP Request,200,,Thread-Gruppe  1-6,text,true,,417,129,100,100,http://localhost:7000/randomRequest,720,0,1
1676157891627,723,HTTP Request,200,,Thread-Gruppe  1-3,text,true,,492,129,100,100,http://localhost:7000/randomRequest,723,0,0
1676157891730,620,HTTP Request,200,,Thread-Gruppe  1-58,text,true,,419,129,100,100,http://localhost:7000/randomRequest,620,0,1
1676157891833,520,HTTP Request,200,,Thread-Gruppe  1-38,text,true,,419,129,100,100,http://localhost:7000/randomRequest,520,0,1
1676157891862,514,HTTP Request,200,,Thread-Gruppe  1-41,text,true,,560,129,100,100,http://localhost:7000/randomRequest,514,0,0
1676157890955,1424,HTTP Request,200,,Thread-Gruppe  1-8,text,true,,535,129,100,100,http://localhost:7000/randomRequest,1424,0,1
1676157891764,615,HTTP Request,200,,Thread-Gruppe  1-13,text,true,,419,129,100,100,http://localhost:7000/randomRequest,615,0,1
1676157891573,811,HTTP Request,200,,Thread-Gruppe  1-4,text,true,,403,129,100,100,http://localhost:7000/randomRequest,811,0,0
1676157891677,723,HTTP Request,200,,Thread-Gruppe  1-94,text,true,,419,129,100,100,http://localhost:7000/randomRequest,723,0,0
1676157891903,507,HTTP Request,200,,Thread-Gruppe  1-21,text,true,,551,129,100,100,http://localhost:7000/randomRequest,507,0,1
1676157891422,988,HTTP Request,200,,Thread-Gruppe  1-95,text,true,,537,129,100,100,http://localhost:7000/randomRequest,988,0,0
1676157891914,513,HTTP Request,200,,Thread-Gruppe  1-18,text,true,,419,129,100,100,http://localhost:7000/randomRequest,513,0,0
1676157891605,823,HTTP Request,200,,Thread-Gruppe  1-67,text,true,,555,129,100,100,http://localhost:7000/randomRequest,823,0,1
1676157891810,618,HTTP Request,200,,Thread-Gruppe  1-24,text,true,,415,129,100,100,http://localhost:7000/randomRequest,618,0,0
1676157891624,807,HTTP Request,200,,Thread-Gruppe  1-34,text,true,,486,129,100,100,http://localhost:7000/randomRequest,807,0,0
1676157891526,928,HTTP Request,200,,Thread-Gruppe  1-54,text,true,,492,129,100,100,http://localhost:7000/randomRequest,928,0,0
1676157891730,725,HTTP Request,200,,Thread-Gruppe  1-71,text,true,,492,129,100,100,http://localhost:7000/randomRequest,725,0,1
1676157891627,831,HTTP Request,200,,Thread-Gruppe  1-96,text,true,,485,129,100,100,http://localhost:7000/randomRequest,831,0,0
1676157890648,1823,HTTP Request,200,,Thread-Gruppe  1-40,text,true,,541,129,100,100,http://localhost:7000/randomRequest,1823,0,0
1676157891652,819,HTTP Request,200,,Thread-Gruppe  1-32,text,true,,492,129,100,100,http://localhost:7000/randomRequest,819,0,1
1676157891458,1024,HTTP Request,200,,Thread-Gruppe  1-62,text,true,,485,129,100,100,http://localhost:7000/randomRequest,1024,0,1
1676157891867,615,HTTP Request,200,,Thread-Gruppe  1-36,text,true,,548,129,100,100,http://localhost:7000/randomRequest,615,0,0
1676157891867,615,HTTP Request,200,,Thread-Gruppe  1-12,text,true,,419,129,100,100,http://localhost:7000/randomRequest,615,0,0
1676157891398,1089,HTTP Request,200,,Thread-Gruppe  1-87,text,true,,644,129,100,100,http://localhost:7000/randomRequest,1089,0,0
1676157891674,813,HTTP Request,200,,Thread-Gruppe  1-70,text,true,,485,129,100,100,http://localhost:7000/randomRequest,813,0,0
1676157890752,1735,HTTP Request,200,,Thread-Gruppe  1-39,text,true,,492,129,100,100,http://localhost:7000/randomRequest,1735,0,0
1676157891875,619,HTTP Request,200,,Thread-Gruppe  1-16,text,true,,488,129,100,100,http://localhost:7000/randomRequest,619,0,1
1676157891493,1022,HTTP Request,200,,Thread-Gruppe  1-27,text,true,,419,129,100,100,http://localhost:7000/randomRequest,1022,0,0
1676157891914,617,HTTP Request,200,,Thread-Gruppe  1-1,text,true,,492,129,100,100,http://localhost:7000/randomRequest,617,0,0
1676157891508,1025,HTTP Request,200,,Thread-Gruppe  1-48,text,true,,549,129,100,100,http://localhost:7000/randomRequest,1025,0,0
1676157891937,638,HTTP Request,200,,Thread-Gruppe  1-11,text,true,,417,129,100,100,http://localhost:7000/randomRequest,638,0,0
1676157891954,621,HTTP Request,200,,Thread-Gruppe  1-45,text,true,,419,129,100,100,http://localhost:7000/randomRequest,621,0,0
1676157891955,620,HTTP Request,200,,Thread-Gruppe  1-30,text,true,,418,129,100,100,http://localhost:7000/randomRequest,620,0,0
1676157891559,1024,HTTP Request,200,,Thread-Gruppe  1-99,text,true,,549,129,100,100,http://localhost:7000/randomRequest,1024,0,0
1676157891974,613,HTTP Request,200,,Thread-Gruppe  1-88,text,true,,417,129,100,100,http://localhost:7000/randomRequest,613,0,1
1676157891910,721,HTTP Request,200,,Thread-Gruppe  1-86,text,true,,419,129,100,100,http://localhost:7000/randomRequest,721,0,1
1676157891922,709,HTTP Request,200,,Thread-Gruppe  1-92,text,true,,549,129,100,100,http://localhost:7000/randomRequest,709,0,0
1676157892040,618,HTTP Request,200,,Thread-Gruppe  1-77,text,true,,563,129,100,100,http://localhost:7000/randomRequest,618,0,0
1676157892074,613,HTTP Request,200,,Thread-Gruppe  1-82,text,true,,563,129,100,100,http://localhost:7000/randomRequest,613,0,0
1676157892074,613,HTTP Request,200,,Thread-Gruppe  1-73,text,true,,548,129,100,100,http://localhost:7000/randomRequest,613,0,0
1676157892080,607,HTTP Request,200,,Thread-Gruppe  1-46,text,true,,559,129,100,100,http://localhost:7000/randomRequest,607,0,1
1676157892074,613,HTTP Request,200,,Thread-Gruppe  1-98,text,true,,417,129,100,100,http://localhost:7000/randomRequest,613,0,0
1676157891674,1014,HTTP Request,200,,Thread-Gruppe  1-47,text,true,,3301,129,100,100,http://localhost:7000/randomRequest,1014,0,0
1676157891975,745,HTTP Request,200,,Thread-Gruppe  1-28,text,true,,681,129,100,100,http://localhost:7000/randomRequest,745,0,1
1676157890698,2022,HTTP Request,200,,Thread-Gruppe  1-35,text,true,,527,129,100,100,http://localhost:7000/randomRequest,2022,0,0
1676157891486,1234,HTTP Request,200,,Thread-Gruppe  1-7,text,true,,687,129,100,100,http://localhost:7000/randomRequest,1234,0,1
1676157891937,828,HTTP Request,200,,Thread-Gruppe  1-89,text,true,,366,129,100,100,http://localhost:7000/randomRequest,828,0,0
1676157892249,516,HTTP Request,200,,Thread-Gruppe  1-61,text,true,,415,129,100,100,http://localhost:7000/randomRequest,516,0,1
1676157891573,1198,HTTP Request,200,,Thread-Gruppe  1-66,text,true,,644,129,100,100,http://localhost:7000/randomRequest,1198,0,0
1676157891652,1129,HTTP Request,200,,Thread-Gruppe  1-65,text,true,,554,129,100,100,http://localhost:7000/randomRequest,1129,0,1
1676157891708,1080,HTTP Request,200,,Thread-Gruppe  1-52,text,true,,647,129,100,100,http://localhost:7000/randomRequest,1080,0,0
1676157892080,708,HTTP Request,200,,Thread-Gruppe  1-80,text,true,,487,129,100,100,http://localhost:7000/randomRequest,708,0,1
1676157892080,708,HTTP Request,200,,Thread-Gruppe  1-78,text,true,,492,129,100,100,http://localhost:7000/randomRequest,708,0,1
1676157891775,1031,HTTP Request,200,,Thread-Gruppe  1-76,text,true,,492,129,100,100,http://localhost:7000/randomRequest,1031,0,0
1676157891781,1028,HTTP Request,200,,Thread-Gruppe  1-74,text,true,,485,129,100,100,http://localhost:7000/randomRequest,1028,0,1
1676157892214,613,HTTP Request,200,,Thread-Gruppe  1-93,text,true,,492,129,100,100,http://localhost:7000/randomRequest,613,0,1
1676157891715,1122,HTTP Request,200,,Thread-Gruppe  1-31,text,true,,477,129,100,100,http://localhost:7000/randomRequest,1122,0,0
1676157891660,1195,HTTP Request,200,,Thread-Gruppe  1-20,text,true,,541,129,100,100,http://localhost:7000/randomRequest,1195,0,1
1676157891937,932,HTTP Request,200,,Thread-Gruppe  1-75,text,true,,492,129,100,100,http://localhost:7000/randomRequest,932,0,0
1676157891964,929,HTTP Request,200,,Thread-Gruppe  1-85,text,true,,490,129,100,100,http://localhost:7000/randomRequest,929,0,1
1676157891875,1018,HTTP Request,200,,Thread-Gruppe  1-60,text,true,,527,129,100,100,http://localhost:7000/randomRequest,1018,0,1
1676157892282,611,HTTP Request,200,,Thread-Gruppe  1-72,text,true,,492,129,100,100,http://localhost:7000/randomRequest,611,0,0
1676157891903,1023,HTTP Request,200,,Thread-Gruppe  1-5,text,true,,403,129,100,100,http://localhost:7000/randomRequest,1022,0,1
1676157892298,633,HTTP Request,200,,Thread-Gruppe  1-10,text,true,,417,129,100,100,http://localhost:7000/randomRequest,633,0,0
1676157892123,814,HTTP Request,200,,Thread-Gruppe  1-2,text,true,,419,129,100,100,http://localhost:7000/randomRequest,814,0,0
1676157892325,618,HTTP Request,200,,Thread-Gruppe  1-81,text,true,,419,129,100,100,http://localhost:7000/randomRequest,618,0,0
1676157891631,1340,HTTP Request,200,,Thread-Gruppe  1-15,text,true,,403,129,100,100,http://localhost:7000/randomRequest,1340,0,0
1676157891937,1034,HTTP Request,200,,Thread-Gruppe  1-44,text,true,,418,129,100,100,http://localhost:7000/randomRequest,1034,0,0
1676157892089,887,HTTP Request,200,,Thread-Gruppe  1-91,text,true,,633,129,100,100,http://localhost:7000/randomRequest,887,0,1
1676157891476,1507,HTTP Request,200,,Thread-Gruppe  1-17,text,true,,537,129,100,100,http://localhost:7000/randomRequest,1507,0,0
1676157892164,819,HTTP Request,200,,Thread-Gruppe  1-29,text,true,,485,129,100,100,http://localhost:7000/randomRequest,819,0,1
1676157892482,511,HTTP Request,200,,Thread-Gruppe  1-12,text,true,,560,129,100,100,http://localhost:7000/randomRequest,511,0,0
1676157892482,511,HTTP Request,200,,Thread-Gruppe  1-62,text,true,,546,129,100,100,http://localhost:7000/randomRequest,511,0,0
1676157892275,718,HTTP Request,200,,Thread-Gruppe  1-69,text,true,,553,129,100,100,http://localhost:7000/randomRequest,718,0,0
1676157891694,1299,HTTP Request,200,,Thread-Gruppe  1-42,text,true,,541,129,100,100,http://localhost:7000/randomRequest,1299,0,0
1676157892487,514,HTTP Request,200,,Thread-Gruppe  1-70,text,true,,419,129,100,100,http://localhost:7000/randomRequest,514,0,0
1676157892400,619,HTTP Request,200,,Thread-Gruppe  1-94,text,true,,490,129,100,100,http://localhost:7000/randomRequest,619,0,1
1676157892109,917,HTTP Request,200,,Thread-Gruppe  1-55,text,true,,488,129,100,100,http://localhost:7000/randomRequest,917,0,0
1676157892410,616,HTTP Request,200,,Thread-Gruppe  1-21,text,true,,561,129,100,100,http://localhost:7000/randomRequest,616,0,1
1676157891611,1429,HTTP Request,200,,Thread-Gruppe  1-64,text,true,,527,129,100,100,http://localhost:7000/randomRequest,1429,0,0
1676157892025,1018,HTTP Request,200,,Thread-Gruppe  1-68,text,true,,492,129,100,100,http://localhost:7000/randomRequest,1018,0,1
1676157892325,718,HTTP Request,200,,Thread-Gruppe  1-6,text,true,,553,129,100,100,http://localhost:7000/randomRequest,718,0,0
1676157892025,1018,HTTP Request,200,,Thread-Gruppe  1-63,text,true,,419,129,100,100,http://localhost:7000/randomRequest,1018,0,1
1676157892531,528,HTTP Request,200,,Thread-Gruppe  1-1,text,true,,557,129,100,100,http://localhost:7000/randomRequest,528,0,0
1676157892040,1025,HTTP Request,200,,Thread-Gruppe  1-100,text,true,,485,129,100,100,http://localhost:7000/randomRequest,1025,0,0
1676157892379,714,HTTP Request,200,,Thread-Gruppe  1-8,text,true,,490,129,100,100,http://localhost:7000/randomRequest,714,0,0
1676157892376,733,HTTP Request,200,,Thread-Gruppe  1-41,text,true,,417,129,100,100,http://localhost:7000/randomRequest,733,0,1
1676157892494,615,HTTP Request,200,,Thread-Gruppe  1-16,text,true,,492,129,100,100,http://localhost:7000/randomRequest,615,0,0
1676157892174,949,HTTP Request,200,,Thread-Gruppe  1-26,text,true,,417,129,100,100,http://localhost:7000/randomRequest,949,0,1
1676157892428,712,HTTP Request,200,,Thread-Gruppe  1-67,text,true,,492,129,100,100,http://localhost:7000/randomRequest,712,0,1
1676157892350,818,HTTP Request,200,,Thread-Gruppe  1-3,text,true,,403,129,100,100,http://localhost:7000/randomRequest,818,0,0
1676157892472,713,HTTP Request,200,,Thread-Gruppe  1-32,text,true,,555,129,100,100,http://localhost:7000/randomRequest,713,0,0
1676157892575,611,HTTP Request,200,,Thread-Gruppe  1-45,text,true,,415,129,100,100,http://localhost:7000/randomRequest,611,0,1
1676157892275,918,HTTP Request,200,,Thread-Gruppe  1-50,text,true,,418,129,100,100,http://localhost:7000/randomRequest,918,0,0
1676157891974,1219,HTTP Request,200,,Thread-Gruppe  1-25,text,true,,481,129,100,100,http://localhost:7000/randomRequest,1219,0,1
1676157891674,1519,HTTP Request,200,,Thread-Gruppe  1-56,text,true,,489,129,100,100,http://localhost:7000/randomRequest,1519,0,0
1676157891755,1438,HTTP Request,200,,Thread-Gruppe  1-97,text,true,,403,129,100,100,http://localhost:7000/randomRequest,1438,0,0
1676157892282,911,HTTP Request,200,,Thread-Gruppe  1-43,text,true,,562,129,100,100,http://localhost:7000/randomRequest,911,0,0
1676157892688,520,HTTP Request,200,,Thread-Gruppe  1-82,text,true,,560,129,100,100,http://localhost:7000/randomRequest,520,0,0
1676157892688,520,HTTP Request,200,,Thread-Gruppe  1-46,text,true,,416,129,100,100,http://localhost:7000/randomRequest,520,0,0
1676157892410,823,HTTP Request,200,,Thread-Gruppe  1-95,text,true,,418,129,100,100,http://localhost:7000/randomRequest,823,0,1
1676157892632,611,HTTP Request,200,,Thread-Gruppe  1-86,text,true,,419,129,100,100,http://localhost:7000/randomRequest,611,0,0
1676157892533,714,HTTP Request,200,,Thread-Gruppe  1-48,text,true,,551,129,100,100,http://localhost:7000/randomRequest,714,0,1
1676157892354,933,HTTP Request,200,,Thread-Gruppe  1-38,text,true,,492,129,100,100,http://localhost:7000/randomRequest,933,0,0
1676157892584,714,HTTP Request,200,,Thread-Gruppe  1-99,text,true,,479,129,100,100,http://localhost:7000/randomRequest,714,0,0
1676157892350,949,HTTP Request,200,,Thread-Gruppe  1-58,text,true,,472,129,100,100,http://localhost:7000/randomRequest,949,0,0
1676157892587,719,HTTP Request,200,,Thread-Gruppe  1-88,text,true,,489,129,100,100,http://localhost:7000/randomRequest,719,0,0
1676157892487,819,HTTP Request,200,,Thread-Gruppe  1-39,text,true,,403,129,100,100,http://localhost:7000/randomRequest,819,0,0
1676157892428,895,HTTP Request,200,,Thread-Gruppe  1-18,text,true,,643,129,100,100,http://localhost:7000/randomRequest,895,0,0
1676157892298,1031,HTTP Request,200,,Thread-Gruppe  1-79,text,true,,419,129,100,100,http://localhost:7000/randomRequest,1031,0,0
1676157892720,623,HTTP Request,200,,Thread-Gruppe  1-7,text,true,,417,129,100,100,http://localhost:7000/randomRequest,623,0,1
1676157892431,918,HTTP Request,200,,Thread-Gruppe  1-34,text,true,,481,129,100,100,http://localhost:7000/randomRequest,918,0,0
1676157892575,785,HTTP Request,200,,Thread-Gruppe  1-30,text,true,,647,129,100,100,http://localhost:7000/randomRequest,785,0,1
1676157892688,711,HTTP Request,200,,Thread-Gruppe  1-47,text,true,,567,129,100,100,http://localhost:7000/randomRequest,711,0,0
1676157892782,617,HTTP Request,200,,Thread-Gruppe  1-65,text,true,,414,129,100,100,http://localhost:7000/randomRequest,617,0,0
1676157891365,2034,HTTP Request,200,,Thread-Gruppe  1-83,text,true,,537,129,100,100,http://localhost:7000/randomRequest,2034,0,1
1676157892060,1339,HTTP Request,200,,Thread-Gruppe  1-9,text,true,,401,129,100,100,http://localhost:7000/randomRequest,1339,0,0
1676157892482,924,HTTP Request,200,,Thread-Gruppe  1-36,text,true,,568,129,100,100,http://localhost:7000/randomRequest,924,0,0
1676157892266,1144,HTTP Request,200,,Thread-Gruppe  1-49,text,true,,686,129,100,100,http://localhost:7000/randomRequest,1144,0,0
1676157892516,931,HTTP Request,200,,Thread-Gruppe  1-27,text,true,,558,129,100,100,http://localhost:7000/randomRequest,931,0,0
1676157892837,611,HTTP Request,200,,Thread-Gruppe  1-31,text,true,,549,129,100,100,http://localhost:7000/randomRequest,611,0,0
1676157892658,815,HTTP Request,200,,Thread-Gruppe  1-77,text,true,,419,129,100,100,http://localhost:7000/randomRequest,815,0,1
1676157892458,1024,HTTP Request,200,,Thread-Gruppe  1-96,text,true,,557,129,100,100,http://localhost:7000/randomRequest,1024,0,1
1676157892893,607,HTTP Request,200,,Thread-Gruppe  1-72,text,true,,419,129,100,100,http://localhost:7000/randomRequest,607,0,0
1676157892487,1027,HTTP Request,200,,Thread-Gruppe  1-87,text,true,,485,129,100,100,http://localhost:7000/randomRequest,1027,0,0
1676157892275,1256,HTTP Request,200,,Thread-Gruppe  1-57,text,true,,679,129,100,100,http://localhost:7000/randomRequest,1256,0,0
1676157893140,412,HTTP Request,200,,Thread-Gruppe  1-67,text,true,,416,129,100,100,http://localhost:7000/randomRequest,412,0,1
1676157892983,580,HTTP Request,200,,Thread-Gruppe  1-17,text,true,,647,129,100,100,http://localhost:7000/randomRequest,580,0,1
1676157892575,1023,HTTP Request,200,,Thread-Gruppe  1-11,text,true,,489,129,100,100,http://localhost:7000/randomRequest,1023,0,1
1676157892788,817,HTTP Request,200,,Thread-Gruppe  1-52,text,true,,492,129,100,100,http://localhost:7000/randomRequest,817,0,0
1676157893186,419,HTTP Request,200,,Thread-Gruppe  1-45,text,true,,419,129,100,100,http://localhost:7000/randomRequest,419,0,1
1676157892384,1221,HTTP Request,200,,Thread-Gruppe  1-4,text,true,,489,129,100,100,http://localhost:7000/randomRequest,1221,0,0
1676157892993,612,HTTP Request,200,,Thread-Gruppe  1-62,text,true,,491,129,100,100,http://localhost:7000/randomRequest,612,0,1
1676157893186,419,HTTP Request,200,,Thread-Gruppe  1-32,text,true,,488,129,100,100,http://localhost:7000/randomRequest,419,0,0
1676157893324,305,HTTP Request,200,,Thread-Gruppe  1-18,text,true,,419,129,100,100,http://localhost:7000/randomRequest,305,0,0
1676157893026,621,HTTP Request,200,,Thread-Gruppe  1-21,text,true,,489,129,100,100,http://localhost:7000/randomRequest,621,0,1
1676157893233,414,HTTP Request,200,,Thread-Gruppe  1-95,text,true,,419,129,100,100,http://localhost:7000/randomRequest,414,0,1
1676157892632,1023,HTTP Request,200,,Thread-Gruppe  1-92,text,true,,488,129,100,100,http://localhost:7000/randomRequest,1023,0,0
1676157892454,1201,HTTP Request,200,,Thread-Gruppe  1-54,text,true,,537,129,100,100,http://localhost:7000/randomRequest,1201,0,0
1676157892379,1323,HTTP Request,200,,Thread-Gruppe  1-13,text,true,,481,129,100,100,http://localhost:7000/randomRequest,1323,0,0
1676157892993,716,HTTP Request,200,,Thread-Gruppe  1-42,text,true,,549,129,100,100,http://localhost:7000/randomRequest,716,0,1
1676157893193,517,HTTP Request,200,,Thread-Gruppe  1-50,text,true,,419,129,100,100,http://localhost:7000/randomRequest,517,0,1
1676157893065,687,HTTP Request,200,,Thread-Gruppe  1-100,text,true,,647,129,100,100,http://localhost:7000/randomRequest,687,0,1
1676157892428,1327,HTTP Request,200,,Thread-Gruppe  1-24,text,true,,541,129,100,100,http://localhost:7000/randomRequest,1327,0,1
1676157892931,824,HTTP Request,200,,Thread-Gruppe  1-10,text,true,,545,129,100,100,http://localhost:7000/randomRequest,824,0,0
1676157892972,821,HTTP Request,200,,Thread-Gruppe  1-15,text,true,,492,129,100,100,http://localhost:7000/randomRequest,821,0,0
1676157892870,942,HTTP Request,200,,Thread-Gruppe  1-75,text,true,,670,129,100,100,http://localhost:7000/randomRequest,942,0,0
1676157893193,621,HTTP Request,200,,Thread-Gruppe  1-43,text,true,,487,129,100,100,http://localhost:7000/randomRequest,621,0,1
1676157893193,621,HTTP Request,200,,Thread-Gruppe  1-97,text,true,,419,129,100,100,http://localhost:7000/randomRequest,621,0,1
1676157893299,515,HTTP Request,200,,Thread-Gruppe  1-58,text,true,,555,129,100,100,http://localhost:7000/randomRequest,515,0,2
1676157893002,820,HTTP Request,200,,Thread-Gruppe  1-70,text,true,,418,129,100,100,http://localhost:7000/randomRequest,820,0,0
1676157892809,1030,HTTP Request,200,,Thread-Gruppe  1-74,text,true,,486,129,100,100,http://localhost:7000/randomRequest,1030,0,1
1676157893124,723,HTTP Request,200,,Thread-Gruppe  1-26,text,true,,546,129,100,100,http://localhost:7000/randomRequest,723,0,0
1676157893330,517,HTTP Request,200,,Thread-Gruppe  1-79,text,true,,419,129,100,100,http://localhost:7000/randomRequest,517,0,0
1676157892455,1400,HTTP Request,200,,Thread-Gruppe  1-71,text,true,,537,129,100,100,http://localhost:7000/randomRequest,1400,0,0
1676157892720,1135,HTTP Request,200,,Thread-Gruppe  1-35,text,true,,487,129,100,100,http://localhost:7000/randomRequest,1135,0,1
1676157893248,609,HTTP Request,200,,Thread-Gruppe  1-48,text,true,,565,129,100,100,http://localhost:7000/randomRequest,609,0,0
1676157893349,514,HTTP Request,200,,Thread-Gruppe  1-34,text,true,,419,129,100,100,http://localhost:7000/randomRequest,514,0,0
1676157893482,412,HTTP Request,200,,Thread-Gruppe  1-96,text,true,,403,129,100,100,http://localhost:7000/randomRequest,412,0,0
1676157892972,922,HTTP Request,200,,Thread-Gruppe  1-44,text,true,,419,129,100,100,http://localhost:7000/randomRequest,922,0,0
1676157892772,1133,HTTP Request,200,,Thread-Gruppe  1-66,text,true,,548,129,100,100,http://localhost:7000/randomRequest,1133,0,0
1676157892472,1433,HTTP Request,200,,Thread-Gruppe  1-40,text,true,,647,129,100,100,http://localhost:7000/randomRequest,1433,0,0
1676157893406,510,HTTP Request,200,,Thread-Gruppe  1-36,text,true,,418,129,100,100,http://localhost:7000/randomRequest,510,0,0
1676157893208,714,HTTP Request,200,,Thread-Gruppe  1-82,text,true,,418,129,100,100,http://localhost:7000/randomRequest,714,0,1
1676157893109,813,HTTP Request,200,,Thread-Gruppe  1-41,text,true,,565,129,100,100,http://localhost:7000/randomRequest,813,0,1
1676157892937,1011,HTTP Request,200,,Thread-Gruppe  1-2,text,true,,647,129,100,100,http://localhost:7000/randomRequest,1011,0,0
1676157893059,920,HTTP Request,200,,Thread-Gruppe  1-1,text,true,,490,129,100,100,http://localhost:7000/randomRequest,920,0,1
1676157893598,409,HTTP Request,200,,Thread-Gruppe  1-11,text,true,,403,129,100,100,http://localhost:7000/randomRequest,409,0,0
1676157892993,1023,HTTP Request,200,,Thread-Gruppe  1-12,text,true,,492,129,100,100,http://localhost:7000/randomRequest,1023,0,1
1676157893193,823,HTTP Request,200,,Thread-Gruppe  1-25,text,true,,490,129,100,100,http://localhost:7000/randomRequest,823,0,1
1676157892788,1228,HTTP Request,200,,Thread-Gruppe  1-78,text,true,,492,129,100,100,http://localhost:7000/randomRequest,1228,0,0
1676157892688,1328,HTTP Request,200,,Thread-Gruppe  1-73,text,true,,492,129,100,100,http://localhost:7000/randomRequest,1328,0,0
1676157893399,617,HTTP Request,200,,Thread-Gruppe  1-83,text,true,,403,129,100,100,http://localhost:7000/randomRequest,617,0,0
1676157892926,1101,HTTP Request,200,,Thread-Gruppe  1-5,text,true,,537,129,100,100,http://localhost:7000/randomRequest,1101,0,0
1676157892806,1221,HTTP Request,200,,Thread-Gruppe  1-76,text,true,,544,129,100,100,http://localhost:7000/randomRequest,1221,0,0
1676157893243,815,HTTP Request,200,,Thread-Gruppe  1-86,text,true,,556,129,100,100,http://localhost:7000/randomRequest,815,0,1
1676157893343,715,HTTP Request,200,,Thread-Gruppe  1-7,text,true,,492,129,100,100,http://localhost:7000/randomRequest,715,0,0
1676157893448,610,HTTP Request,200,,Thread-Gruppe  1-27,text,true,,481,129,100,100,http://localhost:7000/randomRequest,610,0,0
1676157893449,616,HTTP Request,200,,Thread-Gruppe  1-31,text,true,,419,129,100,100,http://localhost:7000/randomRequest,616,0,0
1676157893043,1035,HTTP Request,200,,Thread-Gruppe  1-63,text,true,,482,129,100,100,http://localhost:7000/randomRequest,1035,0,0
1676157892943,1135,HTTP Request,200,,Thread-Gruppe  1-81,text,true,,488,129,100,100,http://localhost:7000/randomRequest,1135,0,0
1676157893043,1035,HTTP Request,200,,Thread-Gruppe  1-68,text,true,,489,129,100,100,http://localhost:7000/randomRequest,1035,0,0
1676157893026,1094,HTTP Request,200,,Thread-Gruppe  1-55,text,true,,647,129,100,100,http://localhost:7000/randomRequest,1094,0,1
1676157893298,822,HTTP Request,200,,Thread-Gruppe  1-99,text,true,,527,129,100,100,http://localhost:7000/randomRequest,822,0,2
1676157893514,617,HTTP Request,200,,Thread-Gruppe  1-87,text,true,,419,129,100,100,http://localhost:7000/randomRequest,617,0,1
1676157893306,825,HTTP Request,200,,Thread-Gruppe  1-39,text,true,,539,129,100,100,http://localhost:7000/randomRequest,825,0,1
1676157893630,517,HTTP Request,200,,Thread-Gruppe  1-18,text,true,,490,129,100,100,http://localhost:7000/randomRequest,517,0,0
1676157893532,624,HTTP Request,200,,Thread-Gruppe  1-57,text,true,,488,129,100,100,http://localhost:7000/randomRequest,624,0,0
1676157893019,1137,HTTP Request,200,,Thread-Gruppe  1-94,text,true,,551,129,100,100,http://localhost:7000/randomRequest,1137,0,0
1676157892765,1394,HTTP Request,200,,Thread-Gruppe  1-61,text,true,,645,129,100,100,http://localhost:7000/randomRequest,1394,0,0
1676157892855,1326,HTTP Request,200,,Thread-Gruppe  1-20,text,true,,530,129,100,100,http://localhost:7000/randomRequest,1326,0,0
1676157892688,1493,HTTP Request,200,,Thread-Gruppe  1-98,text,true,,537,129,100,100,http://localhost:7000/randomRequest,1493,0,0
1676157893168,1015,HTTP Request,200,,Thread-Gruppe  1-3,text,true,,492,129,100,100,http://localhost:7000/randomRequest,1015,0,1
1676157892993,1190,HTTP Request,200,,Thread-Gruppe  1-69,text,true,,537,129,100,100,http://localhost:7000/randomRequest,1190,0,1
1676157893473,720,HTTP Request,200,,Thread-Gruppe  1-77,text,true,,489,129,100,100,http://localhost:7000/randomRequest,720,0,0
1676157893399,823,HTTP Request,200,,Thread-Gruppe  1-9,text,true,,403,129,100,100,http://localhost:7000/randomRequest,823,0,0
1676157893093,1129,HTTP Request,200,,Thread-Gruppe  1-8,text,true,,489,129,100,100,http://localhost:7000/randomRequest,1129,0,0
1676157893040,1182,HTTP Request,200,,Thread-Gruppe  1-64,text,true,,630,129,100,100,http://localhost:7000/randomRequest,1182,0,1
1676157893193,1029,HTTP Request,200,,Thread-Gruppe  1-56,text,true,,492,129,100,100,http://localhost:7000/randomRequest,1029,0,1
1676157893109,1122,HTTP Request,200,,Thread-Gruppe  1-16,text,true,,492,129,100,100,http://localhost:7000/randomRequest,1122,0,1
1676157893410,821,HTTP Request,200,,Thread-Gruppe  1-49,text,true,,485,129,100,100,http://localhost:7000/randomRequest,821,0,0
1676157892720,1511,HTTP Request,200,,Thread-Gruppe  1-28,text,true,,480,129,100,100,http://localhost:7000/randomRequest,1511,0,1
1676157893500,793,HTTP Request,200,,Thread-Gruppe  1-72,text,true,,642,129,100,100,http://localhost:7000/randomRequest,793,0,0
1676157893793,516,HTTP Request,200,,Thread-Gruppe  1-15,text,true,,560,129,100,100,http://localhost:7000/randomRequest,516,0,0
1676157892983,1341,HTTP Request,200,,Thread-Gruppe  1-29,text,true,,542,129,100,100,http://localhost:7000/randomRequest,1341,0,1
1676157893605,719,HTTP Request,200,,Thread-Gruppe  1-32,text,true,,547,129,100,100,http://localhost:7000/randomRequest,719,0,0
1676157893605,719,HTTP Request,200,,Thread-Gruppe  1-4,text,true,,4179,129,100,100,http://localhost:7000/randomRequest,719,0,0
1676157893605,738,HTTP Request,200,,Thread-Gruppe  1-52,text,true,,552,129,100,100,http://localhost:7000/randomRequest,738,0,0
1676157893648,715,HTTP Request,200,,Thread-Gruppe  1-95,text,true,,486,129,100,100,http://localhost:7000/randomRequest,715,0,0
1676157893655,708,HTTP Request,200,,Thread-Gruppe  1-92,text,true,,492,129,100,100,http://localhost:7000/randomRequest,708,0,1
1676157893399,990,HTTP Request,200,,Thread-Gruppe  1-47,text,true,,645,129,100,100,http://localhost:7000/randomRequest,990,0,0
1676157892893,1513,HTTP Request,200,,Thread-Gruppe  1-85,text,true,,641,129,100,100,http://localhost:7000/randomRequest,1512,0,0
1676157893895,514,HTTP Request,200,,Thread-Gruppe  1-44,text,true,,418,129,100,100,http://localhost:7000/randomRequest,514,0,0
1676157894017,411,HTTP Request,200,,Thread-Gruppe  1-83,text,true,,418,129,100,100,http://localhost:7000/randomRequest,411,0,0
1676157893709,719,HTTP Request,200,,Thread-Gruppe  1-42,text,true,,492,129,100,100,http://localhost:7000/randomRequest,719,0,0
1676157893605,823,HTTP Request,200,,Thread-Gruppe  1-62,text,true,,552,129,100,100,http://localhost:7000/randomRequest,823,0,0
1676157893605,823,HTTP Request,200,,Thread-Gruppe  1-45,text,true,,560,129,100,100,http://localhost:7000/randomRequest,823,0,0
1676157894016,412,HTTP Request,200,,Thread-Gruppe  1-12,text,true,,403,129,100,100,http://localhost:7000/randomRequest,412,0,1
1676157893287,1151,HTTP Request,200,,Thread-Gruppe  1-38,text,true,,417,129,100,100,http://localhost:7000/randomRequest,1151,0,1
1676157893711,727,HTTP Request,200,,Thread-Gruppe  1-50,text,true,,419,129,100,100,http://localhost:7000/randomRequest,727,0,0
1676157892788,1650,HTTP Request,200,,Thread-Gruppe  1-80,text,true,,417,129,100,100,http://localhost:7000/randomRequest,1650,0,0
1676157892765,1702,HTTP Request,200,,Thread-Gruppe  1-89,text,true,,539,129,100,100,http://localhost:7000/randomRequest,1702,0,0
1676157893648,819,HTTP Request,200,,Thread-Gruppe  1-21,text,true,,485,129,100,100,http://localhost:7000/randomRequest,819,0,0
1676157893756,711,HTTP Request,200,,Thread-Gruppe  1-10,text,true,,539,129,100,100,http://localhost:7000/randomRequest,711,0,0
1676157893857,612,HTTP Request,200,,Thread-Gruppe  1-48,text,true,,417,129,100,100,http://localhost:7000/randomRequest,612,0,1
1676157893553,923,HTTP Request,200,,Thread-Gruppe  1-67,text,true,,492,129,100,100,http://localhost:7000/randomRequest,923,0,0
1676157892976,1515,HTTP Request,200,,Thread-Gruppe  1-91,text,true,,647,129,100,100,http://localhost:7000/randomRequest,1515,0,1
1676157893043,1448,HTTP Request,200,,Thread-Gruppe  1-6,text,true,,486,129,100,100,http://localhost:7000/randomRequest,1448,0,0
1676157893895,619,HTTP Request,200,,Thread-Gruppe  1-96,text,true,,419,129,100,100,http://localhost:7000/randomRequest,619,0,0
1676157893916,612,HTTP Request,200,,Thread-Gruppe  1-36,text,true,,419,129,100,100,http://localhost:7000/randomRequest,612,0,0
1676157893812,716,HTTP Request,200,,Thread-Gruppe  1-75,text,true,,481,129,100,100,http://localhost:7000/randomRequest,716,0,0
1676157893814,714,HTTP Request,200,,Thread-Gruppe  1-58,text,true,,419,129,100,100,http://localhost:7000/randomRequest,714,0,1
1676157893822,721,HTTP Request,200,,Thread-Gruppe  1-70,text,true,,492,129,100,100,http://localhost:7000/randomRequest,721,0,0
1676157893306,1237,HTTP Request,200,,Thread-Gruppe  1-88,text,true,,485,129,100,100,http://localhost:7000/randomRequest,1237,0,1
1676157893563,1001,HTTP Request,200,,Thread-Gruppe  1-17,text,true,,536,129,100,100,http://localhost:7000/randomRequest,1001,0,1
1676157893856,715,HTTP Request,200,,Thread-Gruppe  1-35,text,true,,485,129,100,100,http://localhost:7000/randomRequest,715,0,0
1676157893755,816,HTTP Request,200,,Thread-Gruppe  1-24,text,true,,492,129,100,100,http://localhost:7000/randomRequest,816,0,1
1676157893856,715,HTTP Request,200,,Thread-Gruppe  1-71,text,true,,492,129,100,100,http://localhost:7000/randomRequest,715,0,0
1676157894078,515,HTTP Request,200,,Thread-Gruppe  1-68,text,true,,553,129,100,100,http://localhost:7000/randomRequest,515,0,0
1676157893979,618,HTTP Request,200,,Thread-Gruppe  1-1,text,true,,492,129,100,100,http://localhost:7000/randomRequest,618,0,1
1676157893655,942,HTTP Request,200,,Thread-Gruppe  1-54,text,true,,659,129,100,100,http://localhost:7000/randomRequest,942,0,1
1676157894007,612,HTTP Request,200,,Thread-Gruppe  1-11,text,true,,418,129,100,100,http://localhost:7000/randomRequest,612,0,0
1676157894016,615,HTTP Request,200,,Thread-Gruppe  1-25,text,true,,551,129,100,100,http://localhost:7000/randomRequest,615,0,1
1676157894016,615,HTTP Request,200,,Thread-Gruppe  1-73,text,true,,416,129,100,100,http://localhost:7000/randomRequest,615,0,1
1676157894016,615,HTTP Request,200,,Thread-Gruppe  1-78,text,true,,419,129,100,100,http://localhost:7000/randomRequest,615,0,1
1676157894231,417,HTTP Request,200,,Thread-Gruppe  1-28,text,true,,562,129,100,100,http://localhost:7000/randomRequest,417,0,1
1676157893923,725,HTTP Request,200,,Thread-Gruppe  1-82,text,true,,492,129,100,100,http://localhost:7000/randomRequest,725,0,0
1676157894058,590,HTTP Request,200,,Thread-Gruppe  1-27,text,true,,481,129,100,100,http://localhost:7000/randomRequest,590,0,1
1676157893923,725,HTTP Request,200,,Thread-Gruppe  1-41,text,true,,550,129,100,100,http://localhost:7000/randomRequest,725,0,0
1676157893848,820,HTTP Request,200,,Thread-Gruppe  1-26,text,true,,550,129,100,100,http://localhost:7000/randomRequest,820,0,0
1676157894157,516,HTTP Request,200,,Thread-Gruppe  1-94,text,true,,556,129,100,100,http://localhost:7000/randomRequest,516,0,0
1676157894078,619,HTTP Request,200,,Thread-Gruppe  1-63,text,true,,416,129,100,100,http://localhost:7000/randomRequest,619,0,1
1676157894058,639,HTTP Request,200,,Thread-Gruppe  1-86,text,true,,670,129,100,100,http://localhost:7000/randomRequest,639,0,1
1676157893906,817,HTTP Request,200,,Thread-Gruppe  1-40,text,true,,563,129,100,100,http://localhost:7000/randomRequest,817,0,0
1676157893814,920,HTTP Request,200,,Thread-Gruppe  1-43,text,true,,490,129,100,100,http://localhost:7000/randomRequest,920,0,1
1676157894157,617,HTTP Request,200,,Thread-Gruppe  1-57,text,true,,1865,129,100,100,http://localhost:7000/randomRequest,617,0,0
1676157893702,1099,HTTP Request,200,,Thread-Gruppe  1-13,text,true,,643,129,100,100,http://localhost:7000/randomRequest,1099,0,0
1676157892893,1930,HTTP Request,200,,Thread-Gruppe  1-60,text,true,,536,129,100,100,http://localhost:7000/randomRequest,1930,0,0
1676157894428,416,HTTP Request,200,,Thread-Gruppe  1-83,text,true,,550,129,100,100,http://localhost:7000/randomRequest,416,0,0
1676157894027,828,HTTP Request,200,,Thread-Gruppe  1-5,text,true,,418,129,100,100,http://localhost:7000/randomRequest,828,0,0
1676157894131,724,HTTP Request,200,,Thread-Gruppe  1-39,text,true,,540,129,100,100,http://localhost:7000/randomRequest,724,0,1
1676157893906,949,HTTP Request,200,,Thread-Gruppe  1-66,text,true,,417,129,100,100,http://localhost:7000/randomRequest,949,0,0
1676157893752,1103,HTTP Request,200,,Thread-Gruppe  1-100,text,true,,643,129,100,100,http://localhost:7000/randomRequest,1103,0,1
1676157894131,724,HTTP Request,200,,Thread-Gruppe  1-87,text,true,,550,129,100,100,http://localhost:7000/randomRequest,724,0,1
1676157894343,514,HTTP Request,200,,Thread-Gruppe  1-52,text,true,,485,129,100,100,http://localhost:7000/randomRequest,514,0,0
1676157894231,644,HTTP Request,200,,Thread-Gruppe  1-49,text,true,,672,129,100,100,http://localhost:7000/randomRequest,644,0,1
1676157893360,1515,HTTP Request,200,,Thread-Gruppe  1-30,text,true,,537,129,100,100,http://localhost:7000/randomRequest,1515,0,1
1676157894065,810,HTTP Request,200,,Thread-Gruppe  1-31,text,true,,481,129,100,100,http://localhost:7000/randomRequest,810,0,1
1676157894159,716,HTTP Request,200,,Thread-Gruppe  1-61,text,true,,492,129,100,100,http://localhost:7000/randomRequest,716,0,0
1676157893864,1011,HTTP Request,200,,Thread-Gruppe  1-34,text,true,,647,129,100,100,http://localhost:7000/randomRequest,1011,0,0
1676157894183,723,HTTP Request,200,,Thread-Gruppe  1-3,text,true,,565,129,100,100,http://localhost:7000/randomRequest,723,0,0
1676157894223,683,HTTP Request,200,,Thread-Gruppe  1-9,text,true,,644,129,100,100,http://localhost:7000/randomRequest,683,0,0
1676157894293,614,HTTP Request,200,,Thread-Gruppe  1-72,text,true,,479,129,100,100,http://localhost:7000/randomRequest,613,0,0
1676157893208,1711,HTTP Request,200,,Thread-Gruppe  1-46,text,true,,541,129,100,100,http://localhost:7000/randomRequest,1711,0,1
1676157894309,618,HTTP Request,200,,Thread-Gruppe  1-15,text,true,,553,129,100,100,http://localhost:7000/randomRequest,618,0,0
1676157893814,1129,HTTP Request,200,,Thread-Gruppe  1-97,text,true,,492,129,100,100,http://localhost:7000/randomRequest,1129,0,1
1676157894223,720,HTTP Request,200,,Thread-Gruppe  1-8,text,true,,416,129,100,100,http://localhost:7000/randomRequest,720,0,0
1676157894324,619,HTTP Request,200,,Thread-Gruppe  1-4,text,true,,415,129,100,100,http://localhost:7000/randomRequest,619,0,1
1676157894428,516,HTTP Request,200,,Thread-Gruppe  1-62,text,true,,563,129,100,100,http://localhost:7000/randomRequest,516,0,0
1676157893848,1112,HTTP Request,200,,Thread-Gruppe  1-79,text,true,,527,129,100,100,http://localhost:7000/randomRequest,1112,0,0
1676157893840,1136,HTTP Request,200,,Thread-Gruppe  1-74,text,true,,492,129,100,100,http://localhost:7000/randomRequest,1136,0,0
1676157894598,409,HTTP Request,200,,Thread-Gruppe  1-54,text,true,,492,129,100,100,http://localhost:7000/randomRequest,409,0,0
1676157894182,825,HTTP Request,200,,Thread-Gruppe  1-98,text,true,,492,129,100,100,http://localhost:7000/randomRequest,825,0,0
1676157894223,820,HTTP Request,200,,Thread-Gruppe  1-56,text,true,,485,129,100,100,http://localhost:7000/randomRequest,820,0,0
1676157894528,515,HTTP Request,200,,Thread-Gruppe  1-58,text,true,,565,129,100,100,http://localhost:7000/randomRequest,515,0,0
1676157893949,1109,HTTP Request,200,,Thread-Gruppe  1-2,text,true,,647,129,100,100,http://localhost:7000/randomRequest,1109,0,0
1676157894231,833,HTTP Request,200,,Thread-Gruppe  1-16,text,true,,485,129,100,100,http://localhost:7000/randomRequest,833,0,1
1676157894363,713,HTTP Request,200,,Thread-Gruppe  1-92,text,true,,419,129,100,100,http://localhost:7000/randomRequest,713,0,0
1676157894363,713,HTTP Request,200,,Thread-Gruppe  1-95,text,true,,418,129,100,100,http://localhost:7000/randomRequest,713,0,0
1676157894193,921,HTTP Request,200,,Thread-Gruppe  1-77,text,true,,564,129,100,100,http://localhost:7000/randomRequest,921,0,0
1676157894324,819,HTTP Request,200,,Thread-Gruppe  1-29,text,true,,485,129,100,100,http://localhost:7000/randomRequest,819,0,1
1676157894428,719,HTTP Request,200,,Thread-Gruppe  1-42,text,true,,492,129,100,100,http://localhost:7000/randomRequest,719,0,0
1676157894438,723,HTTP Request,200,,Thread-Gruppe  1-80,text,true,,419,129,100,100,http://localhost:7000/randomRequest,723,0,1
1676157894467,710,HTTP Request,200,,Thread-Gruppe  1-10,text,true,,570,129,100,100,http://localhost:7000/randomRequest,710,0,0
1676157894467,710,HTTP Request,200,,Thread-Gruppe  1-21,text,true,,416,129,100,100,http://localhost:7000/randomRequest,710,0,0
1676157894492,718,HTTP Request,200,,Thread-Gruppe  1-91,text,true,,560,129,100,100,http://localhost:7000/randomRequest,718,0,0
1676157894492,718,HTTP Request,200,,Thread-Gruppe  1-6,text,true,,419,129,100,100,http://localhost:7000/randomRequest,718,0,0
1676157894528,719,HTTP Request,200,,Thread-Gruppe  1-75,text,true,,490,129,100,100,http://localhost:7000/randomRequest,719,0,0
1676157894631,616,HTTP Request,200,,Thread-Gruppe  1-73,text,true,,418,129,100,100,http://localhost:7000/randomRequest,616,0,0
1676157894120,1127,HTTP Request,200,,Thread-Gruppe  1-99,text,true,,485,129,100,100,http://localhost:7000/randomRequest,1127,0,0
1676157894528,719,HTTP Request,200,,Thread-Gruppe  1-36,text,true,,492,129,100,100,http://localhost:7000/randomRequest,719,0,0
1676157894943,307,HTTP Request,200,,Thread-Gruppe  1-8,text,true,,492,129,100,100,http://localhost:7000/randomRequest,307,0,1
1676157894027,1241,HTTP Request,200,,Thread-Gruppe  1-76,text,true,,403,129,100,100,http://localhost:7000/randomRequest,1241,0,0
1676157894572,708,HTTP Request,200,,Thread-Gruppe  1-71,text,true,,419,129,100,100,http://localhost:7000/randomRequest,708,0,0
1676157894668,612,HTTP Request,200,,Thread-Gruppe  1-26,text,true,,402,129,100,100,http://localhost:7000/randomRequest,612,0,0
1676157894875,418,HTTP Request,200,,Thread-Gruppe  1-34,text,true,,403,129,100,100,http://localhost:7000/randomRequest,418,0,1
1676157894598,716,HTTP Request,200,,Thread-Gruppe  1-1,text,true,,417,129,100,100,http://localhost:7000/randomRequest,716,0,0
1676157894389,925,HTTP Request,200,,Thread-Gruppe  1-47,text,true,,492,129,100,100,http://localhost:7000/randomRequest,925,0,1
1676157894801,513,HTTP Request,200,,Thread-Gruppe  1-13,text,true,,569,129,100,100,http://localhost:7000/randomRequest,513,0,0
1676157894919,412,HTTP Request,200,,Thread-Gruppe  1-46,text,true,,572,129,100,100,http://localhost:7000/randomRequest,412,0,0
1676157894723,615,HTTP Request,200,,Thread-Gruppe  1-40,text,true,,547,129,100,100,http://localhost:7000/randomRequest,615,0,1
1676157894960,414,HTTP Request,200,,Thread-Gruppe  1-79,text,true,,555,129,100,100,http://localhost:7000/randomRequest,414,0,1
1676157894855,519,HTTP Request,200,,Thread-Gruppe  1-100,text,true,,490,129,100,100,http://localhost:7000/randomRequest,519,0,1
1676157894648,726,HTTP Request,200,,Thread-Gruppe  1-27,text,true,,560,129,100,100,http://localhost:7000/randomRequest,726,0,0
1676157894324,1050,HTTP Request,200,,Thread-Gruppe  1-32,text,true,,667,129,100,100,http://localhost:7000/randomRequest,1050,0,1
1676157894467,917,HTTP Request,200,,Thread-Gruppe  1-89,text,true,,490,129,100,100,http://localhost:7000/randomRequest,917,0,0
1676157894572,812,HTTP Request,200,,Thread-Gruppe  1-35,text,true,,492,129,100,100,http://localhost:7000/randomRequest,812,0,0
1676157894438,994,HTTP Request,200,,Thread-Gruppe  1-50,text,true,,526,129,100,100,http://localhost:7000/randomRequest,994,0,1
1676157894409,1046,HTTP Request,200,,Thread-Gruppe  1-44,text,true,,474,129,100,100,http://localhost:7000/randomRequest,1046,0,1
1676157894734,721,HTTP Request,200,,Thread-Gruppe  1-43,text,true,,419,129,100,100,http://localhost:7000/randomRequest,721,0,0
1676157895043,415,HTTP Request,200,,Thread-Gruppe  1-56,text,true,,568,129,100,100,http://localhost:7000/randomRequest,415,0,1
1676157894944,514,HTTP Request,200,,Thread-Gruppe  1-62,text,true,,419,129,100,100,http://localhost:7000/randomRequest,514,0,0
1676157894943,515,HTTP Request,200,,Thread-Gruppe  1-97,text,true,,569,129,100,100,http://localhost:7000/randomRequest,515,0,1
1676157894428,1030,HTTP Request,200,,Thread-Gruppe  1-12,text,true,,481,129,100,100,http://localhost:7000/randomRequest,1030,0,0
1676157894875,622,HTTP Request,200,,Thread-Gruppe  1-61,text,true,,492,129,100,100,http://localhost:7000/randomRequest,622,0,1
1676157894875,622,HTTP Request,200,,Thread-Gruppe  1-49,text,true,,554,129,100,100,http://localhost:7000/randomRequest,622,0,1
1676157894183,1339,HTTP Request,200,,Thread-Gruppe  1-69,text,true,,490,129,100,100,http://localhost:7000/randomRequest,1339,0,0
1676157894906,616,HTTP Request,200,,Thread-Gruppe  1-3,text,true,,561,129,100,100,http://localhost:7000/randomRequest,616,0,1
1676157895007,515,HTTP Request,200,,Thread-Gruppe  1-98,text,true,,492,129,100,100,http://localhost:7000/randomRequest,515,0,0
1676157894698,824,HTTP Request,200,,Thread-Gruppe  1-63,text,true,,419,129,100,100,http://localhost:7000/randomRequest,824,0,0
1676157894593,929,HTTP Request,200,,Thread-Gruppe  1-68,text,true,,485,129,100,100,http://localhost:7000/randomRequest,929,0,0
1676157894631,927,HTTP Request,200,,Thread-Gruppe  1-78,text,true,,564,129,100,100,http://localhost:7000/randomRequest,927,0,0
1676157894648,926,HTTP Request,200,,Thread-Gruppe  1-28,text,true,,419,129,100,100,http://localhost:7000/randomRequest,926,0,0
1676157894774,814,HTTP Request,200,,Thread-Gruppe  1-57,text,true,,563,129,100,100,http://localhost:7000/randomRequest,814,0,0
1676157894572,1016,HTTP Request,200,,Thread-Gruppe  1-24,text,true,,556,129,100,100,http://localhost:7000/randomRequest,1016,0,0
1676157894182,1406,HTTP Request,200,,Thread-Gruppe  1-20,text,true,,633,129,100,100,http://localhost:7000/randomRequest,1406,0,0
1676157894673,915,HTTP Request,200,,Thread-Gruppe  1-94,text,true,,492,129,100,100,http://localhost:7000/randomRequest,915,0,1
1676157894543,1045,HTTP Request,200,,Thread-Gruppe  1-70,text,true,,692,129,100,100,http://localhost:7000/randomRequest,1045,0,0
1676157894875,726,HTTP Request,200,,Thread-Gruppe  1-31,text,true,,857,129,100,100,http://localhost:7000/randomRequest,726,0,1
1676157894875,726,HTTP Request,200,,Thread-Gruppe  1-30,text,true,,492,129,100,100,http://localhost:7000/randomRequest,726,0,1
1676157894631,993,HTTP Request,200,,Thread-Gruppe  1-25,text,true,,633,129,100,100,http://localhost:7000/randomRequest,993,0,0
1676157895007,617,HTTP Request,200,,Thread-Gruppe  1-54,text,true,,419,129,100,100,http://localhost:7000/randomRequest,617,0,0
1676157894855,789,HTTP Request,200,,Thread-Gruppe  1-39,text,true,,495,129,100,100,http://localhost:7000/randomRequest,789,0,1
1676157894844,815,HTTP Request,200,,Thread-Gruppe  1-83,text,true,,488,129,100,100,http://localhost:7000/randomRequest,815,0,0
1676157894858,817,HTTP Request,200,,Thread-Gruppe  1-52,text,true,,492,129,100,100,http://localhost:7000/randomRequest,817,0,0
1676157895159,514,HTTP Request,200,,Thread-Gruppe  1-80,text,true,,485,129,100,100,http://localhost:7000/randomRequest,514,0,0
1676157894855,820,HTTP Request,200,,Thread-Gruppe  1-87,text,true,,419,129,100,100,http://localhost:7000/randomRequest,820,0,1
1676157894438,1237,HTTP Request,200,,Thread-Gruppe  1-38,text,true,,490,129,100,100,http://localhost:7000/randomRequest,1237,0,1
1676157894058,1617,HTTP Request,200,,Thread-Gruppe  1-7,text,true,,541,129,100,100,http://localhost:7000/randomRequest,1617,0,1
1676157894469,1224,HTTP Request,200,,Thread-Gruppe  1-48,text,true,,486,129,100,100,http://localhost:7000/randomRequest,1224,0,1
1676157894648,1049,HTTP Request,200,,Thread-Gruppe  1-82,text,true,,417,129,100,100,http://localhost:7000/randomRequest,1049,0,0
1676157895291,412,HTTP Request,200,,Thread-Gruppe  1-34,text,true,,419,129,100,100,http://localhost:7000/randomRequest,412,0,0
1676157894698,1007,HTTP Request,200,,Thread-Gruppe  1-86,text,true,,537,129,100,100,http://localhost:7000/randomRequest,1007,0,0
1676157894476,1237,HTTP Request,200,,Thread-Gruppe  1-67,text,true,,492,129,100,100,http://localhost:7000/randomRequest,1237,0,1
1676157894907,821,HTTP Request,200,,Thread-Gruppe  1-72,text,true,,1021,129,100,100,http://localhost:7000/randomRequest,821,0,0
1676157894120,1608,HTTP Request,200,,Thread-Gruppe  1-55,text,true,,537,129,100,100,http://localhost:7000/randomRequest,1608,0,0
1676157894855,889,HTTP Request,200,,Thread-Gruppe  1-66,text,true,,537,129,100,100,http://localhost:7000/randomRequest,889,0,1
1676157894148,1596,HTTP Request,200,,Thread-Gruppe  1-18,text,true,,541,129,100,100,http://localhost:7000/randomRequest,1596,0,0
1676157895246,529,HTTP Request,200,,Thread-Gruppe  1-75,text,true,,675,129,100,100,http://localhost:7000/randomRequest,528,0,0
1676157894406,1388,HTTP Request,200,,Thread-Gruppe  1-85,text,true,,633,129,100,100,http://localhost:7000/randomRequest,1388,0,0
1676157895278,514,HTTP Request,200,,Thread-Gruppe  1-26,text,true,,563,129,100,100,http://localhost:7000/randomRequest,514,0,1
1676157894927,887,HTTP Request,200,,Thread-Gruppe  1-15,text,true,,644,129,100,100,http://localhost:7000/randomRequest,887,0,0
1676157895043,791,HTTP Request,200,,Thread-Gruppe  1-58,text,true,,493,129,100,100,http://localhost:7000/randomRequest,790,0,1
1676157894564,1295,HTTP Request,200,,Thread-Gruppe  1-17,text,true,,489,129,100,100,http://localhost:7000/randomRequest,1295,0,1
1676157895143,734,HTTP Request,200,,Thread-Gruppe  1-29,text,true,,474,129,100,100,http://localhost:7000/randomRequest,734,0,1
1676157895372,509,HTTP Request,200,,Thread-Gruppe  1-79,text,true,,403,129,100,100,http://localhost:7000/randomRequest,509,0,0
1676157895372,509,HTTP Request,200,,Thread-Gruppe  1-100,text,true,,489,129,100,100,http://localhost:7000/randomRequest,509,0,0
1676157894078,1837,HTTP Request,200,,Thread-Gruppe  1-81,text,true,,541,129,100,100,http://localhost:7000/randomRequest,1837,0,0
1676157895114,824,HTTP Request,200,,Thread-Gruppe  1-77,text,true,,492,129,100,100,http://localhost:7000/randomRequest,824,0,0
1676157894619,1328,HTTP Request,200,,Thread-Gruppe  1-11,text,true,,492,129,100,100,http://localhost:7000/randomRequest,1328,0,0
1676157895076,888,HTTP Request,200,,Thread-Gruppe  1-92,text,true,,495,129,100,100,http://localhost:7000/randomRequest,888,0,1
1676157894943,1021,HTTP Request,200,,Thread-Gruppe  1-4,text,true,,402,129,100,100,http://localhost:7000/randomRequest,1021,0,1
1676157894855,1122,HTTP Request,200,,Thread-Gruppe  1-5,text,true,,403,129,100,100,http://localhost:7000/randomRequest,1122,0,1
1676157895372,610,HTTP Request,200,,Thread-Gruppe  1-32,text,true,,530,129,100,100,http://localhost:7000/randomRequest,610,0,0
1676157895382,617,HTTP Request,200,,Thread-Gruppe  1-89,text,true,,419,129,100,100,http://localhost:7000/randomRequest,617,0,0
1676157895496,510,HTTP Request,200,,Thread-Gruppe  1-49,text,true,,574,129,100,100,http://localhost:7000/randomRequest,510,0,0
1676157895175,831,HTTP Request,200,,Thread-Gruppe  1-21,text,true,,417,129,100,100,http://localhost:7000/randomRequest,831,0,0
1676157894223,1820,HTTP Request,200,,Thread-Gruppe  1-64,text,true,,537,129,100,100,http://localhost:7000/randomRequest,1820,0,0
1676157895336,709,HTTP Request,200,,Thread-Gruppe  1-40,text,true,,492,129,100,100,http://localhost:7000/randomRequest,709,0,0
1676157895329,716,HTTP Request,200,,Thread-Gruppe  1-46,text,true,,486,129,100,100,http://localhost:7000/randomRequest,716,0,0
1676157894648,1399,HTTP Request,200,,Thread-Gruppe  1-41,text,true,,527,129,100,100,http://localhost:7000/randomRequest,1399,0,0
1676157895248,818,HTTP Request,200,,Thread-Gruppe  1-8,text,true,,548,129,100,100,http://localhost:7000/randomRequest,818,0,1
1676157895058,1019,HTTP Request,200,,Thread-Gruppe  1-2,text,true,,418,129,100,100,http://localhost:7000/randomRequest,1019,0,1
1676157895175,928,HTTP Request,200,,Thread-Gruppe  1-10,text,true,,419,129,100,100,http://localhost:7000/randomRequest,928,0,0
1676157895703,407,HTTP Request,200,,Thread-Gruppe  1-86,text,true,,419,129,100,100,http://localhost:7000/randomRequest,407,0,0
1676157895712,415,HTTP Request,200,,Thread-Gruppe  1-67,text,true,,558,129,100,100,http://localhost:7000/randomRequest,415,0,0
1676157895520,616,HTTP Request,200,,Thread-Gruppe  1-63,text,true,,492,129,100,100,http://localhost:7000/randomRequest,616,0,0
1676157895520,621,HTTP Request,200,,Thread-Gruppe  1-98,text,true,,419,129,100,100,http://localhost:7000/randomRequest,621,0,0
1676157895313,828,HTTP Request,200,,Thread-Gruppe  1-13,text,true,,419,129,100,100,http://localhost:7000/randomRequest,828,0,0
1676157895208,933,HTTP Request,200,,Thread-Gruppe  1-91,text,true,,418,129,100,100,http://localhost:7000/randomRequest,933,0,1
1676157895313,828,HTTP Request,200,,Thread-Gruppe  1-47,text,true,,403,129,100,100,http://localhost:7000/randomRequest,828,0,0
1676157895520,621,HTTP Request,200,,Thread-Gruppe  1-68,text,true,,416,129,100,100,http://localhost:7000/randomRequest,621,0,0
1676157894543,1606,HTTP Request,200,,Thread-Gruppe  1-88,text,true,,537,129,100,100,http://localhost:7000/randomRequest,1606,0,0
1676157895278,893,HTTP Request,200,,Thread-Gruppe  1-71,text,true,,537,129,100,100,http://localhost:7000/randomRequest,893,0,1
1676157895453,718,HTTP Request,200,,Thread-Gruppe  1-43,text,true,,492,129,100,100,http://localhost:7000/randomRequest,718,0,1
1676157895657,517,HTTP Request,200,,Thread-Gruppe  1-83,text,true,,492,129,100,100,http://localhost:7000/randomRequest,517,0,0
1676157895065,1112,HTTP Request,200,,Thread-Gruppe  1-16,text,true,,492,129,100,100,http://localhost:7000/randomRequest,1112,0,0
1676157895267,912,HTTP Request,200,,Thread-Gruppe  1-76,text,true,,492,129,100,100,http://localhost:7000/randomRequest,912,0,0
1676157895573,612,HTTP Request,200,,Thread-Gruppe  1-28,text,true,,485,129,100,100,http://localhost:7000/randomRequest,612,0,0
1676157895673,512,HTTP Request,200,,Thread-Gruppe  1-52,text,true,,490,129,100,100,http://localhost:7000/randomRequest,512,0,0
1676157895673,512,HTTP Request,200,,Thread-Gruppe  1-38,text,true,,550,129,100,100,http://localhost:7000/randomRequest,512,0,0
1676157895586,620,HTTP Request,200,,Thread-Gruppe  1-94,text,true,,403,129,100,100,http://localhost:7000/randomRequest,620,0,1
1676157895703,505,HTTP Request,200,,Thread-Gruppe  1-34,text,true,,557,129,100,100,http://localhost:7000/randomRequest,505,0,0
1676157894824,1400,HTTP Request,200,,Thread-Gruppe  1-60,text,true,,527,129,100,100,http://localhost:7000/randomRequest,1400,0,0
1676157895812,415,HTTP Request,200,,Thread-Gruppe  1-15,text,true,,419,129,100,100,http://localhost:7000/randomRequest,415,0,1
1676157895726,515,HTTP Request,200,,Thread-Gruppe  1-55,text,true,,554,129,100,100,http://localhost:7000/randomRequest,515,0,1
1676157895208,1033,HTTP Request,200,,Thread-Gruppe  1-6,text,true,,492,129,100,100,http://localhost:7000/randomRequest,1033,0,1
1676157894428,1815,HTTP Request,200,,Thread-Gruppe  1-45,text,true,,537,129,100,100,http://localhost:7000/randomRequest,1815,0,0
1676157895430,821,HTTP Request,200,,Thread-Gruppe  1-50,text,true,,419,129,100,100,http://localhost:7000/randomRequest,821,0,0
1676157895246,1026,HTTP Request,200,,Thread-Gruppe  1-73,text,true,,489,129,100,100,http://localhost:7000/randomRequest,1026,0,0
1676157895456,818,HTTP Request,200,,Thread-Gruppe  1-62,text,true,,416,129,100,100,http://localhost:7000/randomRequest,818,0,1
1676157895246,1029,HTTP Request,200,,Thread-Gruppe  1-36,text,true,,690,129,100,100,http://localhost:7000/randomRequest,1029,0,0
1676157895372,918,HTTP Request,200,,Thread-Gruppe  1-27,text,true,,492,129,100,100,http://localhost:7000/randomRequest,918,0,0
1676157895586,721,HTTP Request,200,,Thread-Gruppe  1-24,text,true,,555,129,100,100,http://localhost:7000/randomRequest,721,0,1
1676157895793,514,HTTP Request,200,,Thread-Gruppe  1-26,text,true,,492,129,100,100,http://localhost:7000/randomRequest,514,0,0
1676157895076,1233,HTTP Request,200,,Thread-Gruppe  1-95,text,true,,559,129,100,100,http://localhost:7000/randomRequest,1233,0,1
1676157894976,1333,HTTP Request,200,,Thread-Gruppe  1-74,text,true,,483,129,100,100,http://localhost:7000/randomRequest,1333,0,0
1676157894514,1812,HTTP Request,200,,Thread-Gruppe  1-96,text,true,,537,129,100,100,http://localhost:7000/randomRequest,1811,0,1
1676157895622,723,HTTP Request,200,,Thread-Gruppe  1-54,text,true,,511,129,100,100,http://localhost:7000/randomRequest,723,0,1
1676157895726,619,HTTP Request,200,,Thread-Gruppe  1-72,text,true,,485,129,100,100,http://localhost:7000/randomRequest,619,0,1
1676157895382,990,HTTP Request,200,,Thread-Gruppe  1-35,text,true,,527,129,100,100,http://localhost:7000/randomRequest,990,0,0
1676157895858,514,HTTP Request,200,,Thread-Gruppe  1-17,text,true,,419,129,100,100,http://localhost:7000/randomRequest,514,0,0
1676157895962,410,HTTP Request,200,,Thread-Gruppe  1-4,text,true,,419,129,100,100,http://localhost:7000/randomRequest,410,0,1
1676157895147,1227,HTTP Request,200,,Thread-Gruppe  1-42,text,true,,418,129,100,100,http://localhost:7000/randomRequest,1227,0,1
1676157895456,919,HTTP Request,200,,Thread-Gruppe  1-56,text,true,,492,129,100,100,http://localhost:7000/randomRequest,919,0,1
1676157895673,718,HTTP Request,200,,Thread-Gruppe  1-80,text,true,,562,129,100,100,http://localhost:7000/randomRequest,718,0,0
1676157895673,718,HTTP Request,200,,Thread-Gruppe  1-7,text,true,,419,129,100,100,http://localhost:7000/randomRequest,718,0,0
1676157894906,1505,HTTP Request,200,,Thread-Gruppe  1-9,text,true,,647,129,100,100,http://localhost:7000/randomRequest,1505,0,1
1676157896006,403,HTTP Request,200,,Thread-Gruppe  1-49,text,true,,543,129,100,100,http://localhost:7000/randomRequest,403,0,1
1676157895696,713,HTTP Request,200,,Thread-Gruppe  1-82,text,true,,551,129,100,100,http://localhost:7000/randomRequest,713,0,0
1676157895622,825,HTTP Request,200,,Thread-Gruppe  1-25,text,true,,554,129,100,100,http://localhost:7000/randomRequest,825,0,1
1676157895313,1134,HTTP Request,200,,Thread-Gruppe  1-1,text,true,,485,129,100,100,http://localhost:7000/randomRequest,1134,0,0
1676157895937,510,HTTP Request,200,,Thread-Gruppe  1-77,text,true,,563,129,100,100,http://localhost:7000/randomRequest,510,0,0
1676157895520,927,HTTP Request,200,,Thread-Gruppe  1-3,text,true,,403,129,100,100,http://localhost:7000/randomRequest,927,0,0
1676157896141,309,HTTP Request,200,,Thread-Gruppe  1-91,text,true,,557,129,100,100,http://localhost:7000/randomRequest,309,0,1
1676157895742,721,HTTP Request,200,,Thread-Gruppe  1-66,text,true,,486,129,100,100,http://localhost:7000/randomRequest,721,0,0
1676157895453,1014,HTTP Request,200,,Thread-Gruppe  1-44,text,true,,492,129,100,100,http://localhost:7000/randomRequest,1014,0,1
1676157895600,879,HTTP Request,200,,Thread-Gruppe  1-30,text,true,,631,129,100,100,http://localhost:7000/randomRequest,879,0,0
1676157896075,414,HTTP Request,200,,Thread-Gruppe  1-2,text,true,,417,129,100,100,http://localhost:7000/randomRequest,414,0,1
1676157895586,926,HTTP Request,200,,Thread-Gruppe  1-20,text,true,,548,129,100,100,http://localhost:7000/randomRequest,926,0,1
1676157895793,719,HTTP Request,200,,Thread-Gruppe  1-85,text,true,,558,129,100,100,http://localhost:7000/randomRequest,719,0,0
1676157895520,1027,HTTP Request,200,,Thread-Gruppe  1-69,text,true,,479,129,100,100,http://localhost:7000/randomRequest,1027,0,0
1676157895246,1301,HTTP Request,200,,Thread-Gruppe  1-99,text,true,,647,129,100,100,http://localhost:7000/randomRequest,1301,0,0
1676157896147,415,HTTP Request,200,,Thread-Gruppe  1-88,text,true,,419,129,100,100,http://localhost:7000/randomRequest,415,0,0
1676157895742,825,HTTP Request,200,,Thread-Gruppe  1-18,text,true,,555,129,100,100,http://localhost:7000/randomRequest,825,0,0
1676157895962,617,HTTP Request,200,,Thread-Gruppe  1-92,text,true,,565,129,100,100,http://localhost:7000/randomRequest,617,0,1
1676157896209,436,HTTP Request,200,,Thread-Gruppe  1-34,text,true,,417,129,100,100,http://localhost:7000/randomRequest,436,0,0
1676157895556,1089,HTTP Request,200,,Thread-Gruppe  1-78,text,true,,633,129,100,100,http://localhost:7000/randomRequest,1089,0,0
1676157896141,517,HTTP Request,200,,Thread-Gruppe  1-13,text,true,,419,129,100,100,http://localhost:7000/randomRequest,517,0,1
1676157896141,517,HTTP Request,200,,Thread-Gruppe  1-47,text,true,,528,129,100,100,http://localhost:7000/randomRequest,517,0,1
1676157895975,683,HTTP Request,200,,Thread-Gruppe  1-5,text,true,,491,129,100,100,http://localhost:7000/randomRequest,683,0,1
1676157896275,406,HTTP Request,200,,Thread-Gruppe  1-62,text,true,,419,129,100,100,http://localhost:7000/randomRequest,406,0,0
1676157895875,816,HTTP Request,200,,Thread-Gruppe  1-29,text,true,,545,129,100,100,http://localhost:7000/randomRequest,816,0,0
1676157895775,924,HTTP Request,200,,Thread-Gruppe  1-75,text,true,,492,129,100,100,http://localhost:7000/randomRequest,924,0,0
1676157895882,817,HTTP Request,200,,Thread-Gruppe  1-79,text,true,,558,129,100,100,http://localhost:7000/randomRequest,817,0,0
1676157896000,720,HTTP Request,200,,Thread-Gruppe  1-89,text,true,,485,129,100,100,http://localhost:7000/randomRequest,720,0,0
1676157895586,1134,HTTP Request,200,,Thread-Gruppe  1-70,text,true,,492,129,100,100,http://localhost:7000/randomRequest,1134,0,1
1676157896206,514,HTTP Request,200,,Thread-Gruppe  1-94,text,true,,418,129,100,100,http://localhost:7000/randomRequest,514,0,1
1676157895496,1224,HTTP Request,200,,Thread-Gruppe  1-61,text,true,,492,129,100,100,http://localhost:7000/randomRequest,1224,0,0
1676157896307,413,HTTP Request,200,,Thread-Gruppe  1-26,text,true,,419,129,100,100,http://localhost:7000/randomRequest,413,0,0
1676157896110,611,HTTP Request,200,,Thread-Gruppe  1-86,text,true,,419,129,100,100,http://localhost:7000/randomRequest,611,0,1
1676157896447,311,HTTP Request,200,,Thread-Gruppe  1-25,text,true,,419,129,100,100,http://localhost:7000/randomRequest,311,0,0
1676157896046,723,HTTP Request,200,,Thread-Gruppe  1-46,text,true,,492,129,100,100,http://localhost:7000/randomRequest,723,0,0
1676157896251,518,HTTP Request,200,,Thread-Gruppe  1-50,text,true,,554,129,100,100,http://localhost:7000/randomRequest,518,0,1
1676157896171,609,HTTP Request,200,,Thread-Gruppe  1-43,text,true,,492,129,100,100,http://localhost:7000/randomRequest,609,0,0
1676157896175,616,HTTP Request,200,,Thread-Gruppe  1-16,text,true,,492,129,100,100,http://localhost:7000/randomRequest,616,0,1
1676157895673,1130,HTTP Request,200,,Thread-Gruppe  1-87,text,true,,492,129,100,100,http://localhost:7000/randomRequest,1130,0,0
1676157896185,628,HTTP Request,200,,Thread-Gruppe  1-38,text,true,,417,129,100,100,http://localhost:7000/randomRequest,628,0,0
1676157895600,1223,HTTP Request,200,,Thread-Gruppe  1-31,text,true,,418,129,100,100,http://localhost:7000/randomRequest,1223,0,0
1676157895832,991,HTTP Request,200,,Thread-Gruppe  1-58,text,true,,627,129,100,100,http://localhost:7000/randomRequest,991,0,0
1676157895691,1132,HTTP Request,200,,Thread-Gruppe  1-48,text,true,,419,129,100,100,http://localhost:7000/randomRequest,1132,0,0
1676157896373,513,HTTP Request,200,,Thread-Gruppe  1-42,text,true,,489,129,100,100,http://localhost:7000/randomRequest,513,0,0
1676157896275,611,HTTP Request,200,,Thread-Gruppe  1-36,text,true,,419,129,100,100,http://localhost:7000/randomRequest,611,0,1
1676157896180,711,HTTP Request,200,,Thread-Gruppe  1-76,text,true,,552,129,100,100,http://localhost:7000/randomRequest,711,0,0
1676157896185,722,HTTP Request,200,,Thread-Gruppe  1-52,text,true,,560,129,100,100,http://localhost:7000/randomRequest,722,0,0
1676157895983,924,HTTP Request,200,,Thread-Gruppe  1-32,text,true,,545,129,100,100,http://localhost:7000/randomRequest,924,0,0
1676157895913,994,HTTP Request,200,,Thread-Gruppe  1-81,text,true,,527,129,100,100,http://localhost:7000/randomRequest,994,0,1
1676157895586,1337,HTTP Request,200,,Thread-Gruppe  1-57,text,true,,417,129,100,100,http://localhost:7000/randomRequest,1337,0,1
1676157896103,820,HTTP Request,200,,Thread-Gruppe  1-10,text,true,,419,129,100,100,http://localhost:7000/randomRequest,820,0,0
1676157895642,1309,HTTP Request,200,,Thread-Gruppe  1-39,text,true,,541,129,100,100,http://localhost:7000/randomRequest,1309,0,0
1676157896127,824,HTTP Request,200,,Thread-Gruppe  1-67,text,true,,418,129,100,100,http://localhost:7000/randomRequest,824,0,0
1676157896241,716,HTTP Request,200,,Thread-Gruppe  1-55,text,true,,492,129,100,100,http://localhost:7000/randomRequest,716,0,1
1676157896241,716,HTTP Request,200,,Thread-Gruppe  1-45,text,true,,488,129,100,100,http://localhost:7000/randomRequest,716,0,1
1676157896346,617,HTTP Request,200,,Thread-Gruppe  1-54,text,true,,541,129,100,100,http://localhost:7000/randomRequest,617,0,0
1676157896467,512,HTTP Request,200,,Thread-Gruppe  1-44,text,true,,416,129,100,100,http://localhost:7000/randomRequest,512,0,0
1676157896375,616,HTTP Request,200,,Thread-Gruppe  1-56,text,true,,569,129,100,100,http://localhost:7000/randomRequest,616,0,1
1676157896373,618,HTTP Request,200,,Thread-Gruppe  1-4,text,true,,488,129,100,100,http://localhost:7000/randomRequest,618,0,0
1676157895456,1535,HTTP Request,200,,Thread-Gruppe  1-97,text,true,,485,129,100,100,http://localhost:7000/randomRequest,1535,0,1
1676157896479,512,HTTP Request,200,,Thread-Gruppe  1-30,text,true,,419,129,100,100,http://localhost:7000/randomRequest,512,0,0
1676157896699,308,HTTP Request,200,,Thread-Gruppe  1-79,text,true,,419,129,100,100,http://localhost:7000/randomRequest,308,0,0
1676157896699,308,HTTP Request,200,,Thread-Gruppe  1-75,text,true,,418,129,100,100,http://localhost:7000/randomRequest,308,0,0
1676157896007,1000,HTTP Request,200,,Thread-Gruppe  1-21,text,true,,633,129,100,100,http://localhost:7000/randomRequest,1000,0,0
1676157896391,616,HTTP Request,200,,Thread-Gruppe  1-80,text,true,,418,129,100,100,http://localhost:7000/randomRequest,616,0,0
1676157896307,721,HTTP Request,200,,Thread-Gruppe  1-95,text,true,,418,129,100,100,http://localhost:7000/randomRequest,721,0,0
1676157896512,516,HTTP Request,200,,Thread-Gruppe  1-85,text,true,,558,129,100,100,http://localhost:7000/randomRequest,516,0,1
1676157896324,721,HTTP Request,200,,Thread-Gruppe  1-96,text,true,,564,129,100,100,http://localhost:7000/randomRequest,721,0,0
1676157896547,524,HTTP Request,200,,Thread-Gruppe  1-69,text,true,,418,129,100,100,http://localhost:7000/randomRequest,524,0,0
1676157896346,725,HTTP Request,200,,Thread-Gruppe  1-72,text,true,,492,129,100,100,http://localhost:7000/randomRequest,725,0,0
1676157896562,515,HTTP Request,200,,Thread-Gruppe  1-88,text,true,,403,129,100,100,http://localhost:7000/randomRequest,515,0,0
1676157896171,915,HTTP Request,200,,Thread-Gruppe  1-71,text,true,,492,129,100,100,http://localhost:7000/randomRequest,915,0,0
1676157896174,921,HTTP Request,200,,Thread-Gruppe  1-83,text,true,,488,129,100,100,http://localhost:7000/randomRequest,921,0,1
1676157895456,1639,HTTP Request,200,,Thread-Gruppe  1-12,text,true,,492,129,100,100,http://localhost:7000/randomRequest,1639,0,1
1676157896409,698,HTTP Request,200,,Thread-Gruppe  1-9,text,true,,537,129,100,100,http://localhost:7000/randomRequest,698,0,0
1676157896185,925,HTTP Request,200,,Thread-Gruppe  1-28,text,true,,554,129,100,100,http://localhost:7000/randomRequest,925,0,0
1676157896307,825,HTTP Request,200,,Thread-Gruppe  1-74,text,true,,418,129,100,100,http://localhost:7000/randomRequest,825,0,0
1676157896141,991,HTTP Request,200,,Thread-Gruppe  1-98,text,true,,643,129,100,100,http://localhost:7000/randomRequest,991,0,1
1676157896720,412,HTTP Request,200,,Thread-Gruppe  1-89,text,true,,557,129,100,100,http://localhost:7000/randomRequest,412,0,0
1676157896512,620,HTTP Request,200,,Thread-Gruppe  1-20,text,true,,555,129,100,100,http://localhost:7000/randomRequest,620,0,1
1676157895946,1200,HTTP Request,200,,Thread-Gruppe  1-11,text,true,,541,129,100,100,http://localhost:7000/randomRequest,1200,0,0
1676157896241,931,HTTP Request,200,,Thread-Gruppe  1-6,text,true,,415,129,100,100,http://localhost:7000/randomRequest,931,0,1
1676157896464,718,HTTP Request,200,,Thread-Gruppe  1-66,text,true,,418,129,100,100,http://localhost:7000/randomRequest,718,0,0
1676157896567,615,HTTP Request,200,,Thread-Gruppe  1-18,text,true,,554,129,100,100,http://localhost:7000/randomRequest,615,0,0
1676157895882,1300,HTTP Request,200,,Thread-Gruppe  1-100,text,true,,541,129,100,100,http://localhost:7000/randomRequest,1300,0,0
1676157896391,820,HTTP Request,200,,Thread-Gruppe  1-7,text,true,,416,129,100,100,http://localhost:7000/randomRequest,820,0,0
1676157896290,921,HTTP Request,200,,Thread-Gruppe  1-27,text,true,,486,129,100,100,http://localhost:7000/randomRequest,921,0,1
1676157896409,820,HTTP Request,200,,Thread-Gruppe  1-49,text,true,,419,129,100,100,http://localhost:7000/randomRequest,820,0,0
1676157896447,788,HTTP Request,200,,Thread-Gruppe  1-77,text,true,,647,129,100,100,http://localhost:7000/randomRequest,788,0,0
1676157896046,1189,HTTP Request,200,,Thread-Gruppe  1-40,text,true,,537,129,100,100,http://localhost:7000/randomRequest,1189,0,0
1676157896720,515,HTTP Request,200,,Thread-Gruppe  1-70,text,true,,485,129,100,100,http://localhost:7000/randomRequest,515,0,0
1676157896450,823,HTTP Request,200,,Thread-Gruppe  1-91,text,true,,482,129,100,100,http://localhost:7000/randomRequest,823,0,1
1676157896658,615,HTTP Request,200,,Thread-Gruppe  1-5,text,true,,419,129,100,100,http://localhost:7000/randomRequest,615,0,1
1676157896041,1232,HTTP Request,200,,Thread-Gruppe  1-64,text,true,,492,129,100,100,http://localhost:7000/randomRequest,1232,0,0
1676157896066,1225,HTTP Request,200,,Thread-Gruppe  1-8,text,true,,403,129,100,100,http://localhost:7000/randomRequest,1225,0,1
1676157896691,607,HTTP Request,200,,Thread-Gruppe  1-29,text,true,,567,129,100,100,http://localhost:7000/randomRequest,607,0,0
1676157896373,925,HTTP Request,200,,Thread-Gruppe  1-17,text,true,,559,129,100,100,http://localhost:7000/randomRequest,925,0,0
1676157896489,821,HTTP Request,200,,Thread-Gruppe  1-2,text,true,,492,129,100,100,http://localhost:7000/randomRequest,821,0,1
1676157896658,695,HTTP Request,200,,Thread-Gruppe  1-47,text,true,,489,129,100,100,http://localhost:7000/randomRequest,695,0,1
1676157896658,715,HTTP Request,200,,Thread-Gruppe  1-13,text,true,,492,129,100,100,http://localhost:7000/randomRequest,715,0,1
1676157896758,615,HTTP Request,200,,Thread-Gruppe  1-25,text,true,,485,129,100,100,http://localhost:7000/randomRequest,615,0,1
1676157896447,927,HTTP Request,200,,Thread-Gruppe  1-1,text,true,,554,129,100,100,http://localhost:7000/randomRequest,927,0,0
1676157896447,927,HTTP Request,200,,Thread-Gruppe  1-3,text,true,,565,129,100,100,http://localhost:7000/randomRequest,927,0,0
1676157896720,679,HTTP Request,200,,Thread-Gruppe  1-26,text,true,,647,129,100,100,http://localhost:7000/randomRequest,679,0,0
1676157896141,1300,HTTP Request,200,,Thread-Gruppe  1-68,text,true,,537,129,100,100,http://localhost:7000/randomRequest,1300,0,1
1676157896227,1214,HTTP Request,200,,Thread-Gruppe  1-15,text,true,,537,129,100,100,http://localhost:7000/randomRequest,1214,0,0
1676157896924,517,HTTP Request,200,,Thread-Gruppe  1-10,text,true,,418,129,100,100,http://localhost:7000/randomRequest,517,0,0
1676157896272,1185,HTTP Request,200,,Thread-Gruppe  1-73,text,true,,537,129,100,100,http://localhost:7000/randomRequest,1185,0,0
1676157896136,1343,HTTP Request,200,,Thread-Gruppe  1-63,text,true,,481,129,100,100,http://localhost:7000/randomRequest,1343,0,1
1676157896307,1196,HTTP Request,200,,Thread-Gruppe  1-24,text,true,,539,129,100,100,http://localhost:7000/randomRequest,1196,0,0
1676157896823,719,HTTP Request,200,,Thread-Gruppe  1-48,text,true,,553,129,100,100,http://localhost:7000/randomRequest,719,0,0
1676157896924,618,HTTP Request,200,,Thread-Gruppe  1-57,text,true,,563,129,100,100,http://localhost:7000/randomRequest,618,0,0
1676157896720,822,HTTP Request,200,,Thread-Gruppe  1-61,text,true,,1027,129,100,100,http://localhost:7000/randomRequest,822,0,0
1676157896720,822,HTTP Request,200,,Thread-Gruppe  1-94,text,true,,415,129,100,100,http://localhost:7000/randomRequest,822,0,0
1676157896951,611,HTTP Request,200,,Thread-Gruppe  1-67,text,true,,482,129,100,100,http://localhost:7000/randomRequest,611,0,1
1676157896681,901,HTTP Request,200,,Thread-Gruppe  1-62,text,true,,627,129,100,100,http://localhost:7000/randomRequest,901,0,0
1676157896991,616,HTTP Request,200,,Thread-Gruppe  1-4,text,true,,403,129,100,100,http://localhost:7000/randomRequest,616,0,1
1676157896373,1234,HTTP Request,200,,Thread-Gruppe  1-35,text,true,,492,129,100,100,http://localhost:7000/randomRequest,1234,0,0
1676157896823,784,HTTP Request,200,,Thread-Gruppe  1-31,text,true,,537,129,100,100,http://localhost:7000/randomRequest,784,0,0
1676157896991,617,HTTP Request,200,,Thread-Gruppe  1-97,text,true,,492,129,100,100,http://localhost:7000/randomRequest,617,0,1
1676157897096,512,HTTP Request,200,,Thread-Gruppe  1-12,text,true,,556,129,100,100,http://localhost:7000/randomRequest,512,0,0
1676157896886,722,HTTP Request,200,,Thread-Gruppe  1-36,text,true,,492,129,100,100,http://localhost:7000/randomRequest,722,0,1
1676157896770,838,HTTP Request,200,,Thread-Gruppe  1-50,text,true,,683,129,100,100,http://localhost:7000/randomRequest,838,0,0
1676157896891,717,HTTP Request,200,,Thread-Gruppe  1-76,text,true,,412,129,100,100,http://localhost:7000/randomRequest,717,0,0
1676157896907,714,HTTP Request,200,,Thread-Gruppe  1-32,text,true,,489,129,100,100,http://localhost:7000/randomRequest,714,0,1
1676157897007,614,HTTP Request,200,,Thread-Gruppe  1-80,text,true,,569,129,100,100,http://localhost:7000/randomRequest,614,0,1
1676157896907,714,HTTP Request,200,,Thread-Gruppe  1-81,text,true,,492,129,100,100,http://localhost:7000/randomRequest,714,0,1
1676157897236,407,HTTP Request,200,,Thread-Gruppe  1-77,text,true,,419,129,100,100,http://localhost:7000/randomRequest,407,0,0
1676157897132,511,HTTP Request,200,,Thread-Gruppe  1-20,text,true,,557,129,100,100,http://localhost:7000/randomRequest,511,0,0
1676157897229,416,HTTP Request,200,,Thread-Gruppe  1-49,text,true,,551,129,100,100,http://localhost:7000/randomRequest,416,0,1
1676157897147,511,HTTP Request,200,,Thread-Gruppe  1-11,text,true,,417,129,100,100,http://localhost:7000/randomRequest,511,0,0
1676157896646,1021,HTTP Request,200,,Thread-Gruppe  1-78,text,true,,492,129,100,100,http://localhost:7000/randomRequest,1021,0,0
1676157897096,585,HTTP Request,200,,Thread-Gruppe  1-83,text,true,,491,129,100,100,http://localhost:7000/randomRequest,585,0,0
1676157897274,409,HTTP Request,200,,Thread-Gruppe  1-64,text,true,,419,129,100,100,http://localhost:7000/randomRequest,409,0,0
1676157897071,612,HTTP Request,200,,Thread-Gruppe  1-69,text,true,,548,129,100,100,http://localhost:7000/randomRequest,612,0,1
1676157897173,510,HTTP Request,200,,Thread-Gruppe  1-6,text,true,,418,129,100,100,http://localhost:7000/randomRequest,510,0,0
1676157896958,725,HTTP Request,200,,Thread-Gruppe  1-55,text,true,,488,129,100,100,http://localhost:7000/randomRequest,725,0,0
1676157896770,921,HTTP Request,200,,Thread-Gruppe  1-46,text,true,,492,129,100,100,http://localhost:7000/randomRequest,921,0,0
1676157897182,511,HTTP Request,200,,Thread-Gruppe  1-66,text,true,,492,129,100,100,http://localhost:7000/randomRequest,511,0,1
1676157896580,1132,HTTP Request,200,,Thread-Gruppe  1-92,text,true,,403,129,100,100,http://localhost:7000/randomRequest,1132,0,0
1676157897211,504,HTTP Request,200,,Thread-Gruppe  1-27,text,true,,417,129,100,100,http://localhost:7000/randomRequest,504,0,0
1676157896992,755,HTTP Request,200,,Thread-Gruppe  1-30,text,true,,564,129,100,100,http://localhost:7000/randomRequest,755,0,0
1676157896964,823,HTTP Request,200,,Thread-Gruppe  1-54,text,true,,485,129,100,100,http://localhost:7000/randomRequest,823,0,0
1676157896980,811,HTTP Request,200,,Thread-Gruppe  1-44,text,true,,550,129,100,100,http://localhost:7000/randomRequest,811,0,0
1676157896886,927,HTTP Request,200,,Thread-Gruppe  1-42,text,true,,555,129,100,100,http://localhost:7000/randomRequest,927,0,1
1676157896409,1411,HTTP Request,200,,Thread-Gruppe  1-82,text,true,,633,129,100,100,http://localhost:7000/randomRequest,1411,0,0
1676157896803,1017,HTTP Request,200,,Thread-Gruppe  1-87,text,true,,485,129,100,100,http://localhost:7000/randomRequest,1017,0,1
1676157897086,734,HTTP Request,200,,Thread-Gruppe  1-71,text,true,,417,129,100,100,http://localhost:7000/randomRequest,733,0,0
1676157896813,1028,HTTP Request,200,,Thread-Gruppe  1-38,text,true,,419,129,100,100,http://localhost:7000/randomRequest,1028,0,0
1676157897028,822,HTTP Request,200,,Thread-Gruppe  1-95,text,true,,550,129,100,100,http://localhost:7000/randomRequest,822,0,0
1676157896721,1129,HTTP Request,200,,Thread-Gruppe  1-86,text,true,,481,129,100,100,http://localhost:7000/randomRequest,1129,0,0
1676157896823,1030,HTTP Request,200,,Thread-Gruppe  1-58,text,true,,561,129,100,100,http://localhost:7000/randomRequest,1030,0,0
1676157897442,411,HTTP Request,200,,Thread-Gruppe  1-15,text,true,,416,129,100,100,http://localhost:7000/randomRequest,411,0,0
1676157897353,513,HTTP Request,200,,Thread-Gruppe  1-47,text,true,,563,129,100,100,http://localhost:7000/randomRequest,513,0,1
1676157897046,820,HTTP Request,200,,Thread-Gruppe  1-96,text,true,,419,129,100,100,http://localhost:7000/randomRequest,820,0,0
1676157896951,920,HTTP Request,200,,Thread-Gruppe  1-39,text,true,,552,129,100,100,http://localhost:7000/randomRequest,920,0,1
1676157897374,517,HTTP Request,200,,Thread-Gruppe  1-13,text,true,,560,129,100,100,http://localhost:7000/randomRequest,517,0,0
1676157897374,517,HTTP Request,200,,Thread-Gruppe  1-25,text,true,,547,129,100,100,http://localhost:7000/randomRequest,517,0,0
1676157897078,817,HTTP Request,200,,Thread-Gruppe  1-88,text,true,,492,129,100,100,http://localhost:7000/randomRequest,817,0,0
1676157897007,900,HTTP Request,200,,Thread-Gruppe  1-21,text,true,,536,129,100,100,http://localhost:7000/randomRequest,900,0,1
1676157897400,513,HTTP Request,200,,Thread-Gruppe  1-26,text,true,,559,129,100,100,http://localhost:7000/randomRequest,513,0,0
1676157897298,615,HTTP Request,200,,Thread-Gruppe  1-29,text,true,,548,129,100,100,http://localhost:7000/randomRequest,615,0,0
1676157896907,1017,HTTP Request,200,,Thread-Gruppe  1-52,text,true,,490,129,100,100,http://localhost:7000/randomRequest,1017,0,1
1676157897310,614,HTTP Request,200,,Thread-Gruppe  1-2,text,true,,419,129,100,100,http://localhost:7000/randomRequest,614,0,0
1676157897108,816,HTTP Request,200,,Thread-Gruppe  1-9,text,true,,419,129,100,100,http://localhost:7000/randomRequest,816,0,0
1676157897291,633,HTTP Request,200,,Thread-Gruppe  1-8,text,true,,417,129,100,100,http://localhost:7000/randomRequest,633,0,0
1676157897236,717,HTTP Request,200,,Thread-Gruppe  1-70,text,true,,416,129,100,100,http://localhost:7000/randomRequest,717,0,0
1676157897236,720,HTTP Request,200,,Thread-Gruppe  1-40,text,true,,488,129,100,100,http://localhost:7000/randomRequest,720,0,0
1676157896958,1012,HTTP Request,200,,Thread-Gruppe  1-45,text,true,,481,129,100,100,http://localhost:7000/randomRequest,1012,0,0
1676157897110,888,HTTP Request,200,,Thread-Gruppe  1-28,text,true,,527,129,100,100,http://localhost:7000/randomRequest,888,0,0
1676157897182,823,HTTP Request,200,,Thread-Gruppe  1-18,text,true,,492,129,100,100,http://localhost:7000/randomRequest,823,0,1
1676157896780,1229,HTTP Request,200,,Thread-Gruppe  1-43,text,true,,492,129,100,100,http://localhost:7000/randomRequest,1229,0,0
1676157897298,716,HTTP Request,200,,Thread-Gruppe  1-17,text,true,,419,129,100,100,http://localhost:7000/randomRequest,716,0,0
1676157897374,640,HTTP Request,200,,Thread-Gruppe  1-3,text,true,,684,129,100,100,http://localhost:7000/randomRequest,640,0,0
1676157897007,1017,HTTP Request,200,,Thread-Gruppe  1-75,text,true,,419,129,100,100,http://localhost:7000/randomRequest,1017,0,1
1676157897132,924,HTTP Request,200,,Thread-Gruppe  1-98,text,true,,488,129,100,100,http://localhost:7000/randomRequest,924,0,0
1676157897643,413,HTTP Request,200,,Thread-Gruppe  1-77,text,true,,419,129,100,100,http://localhost:7000/randomRequest,413,0,0
1676157897442,644,HTTP Request,200,,Thread-Gruppe  1-68,text,true,,679,129,100,100,http://localhost:7000/randomRequest,644,0,0
1676157897374,724,HTTP Request,200,,Thread-Gruppe  1-1,text,true,,560,129,100,100,http://localhost:7000/randomRequest,724,0,0
1676157897683,415,HTTP Request,200,,Thread-Gruppe  1-55,text,true,,419,129,100,100,http://localhost:7000/randomRequest,415,0,0
1676157897479,619,HTTP Request,200,,Thread-Gruppe  1-63,text,true,,490,129,100,100,http://localhost:7000/randomRequest,619,0,0
1676157897182,916,HTTP Request,200,,Thread-Gruppe  1-100,text,true,,643,129,100,100,http://localhost:7000/randomRequest,916,0,1
1676157897608,507,HTTP Request,200,,Thread-Gruppe  1-76,text,true,,559,129,100,100,http://localhost:7000/randomRequest,507,0,1
1676157897622,502,HTTP Request,200,,Thread-Gruppe  1-80,text,true,,415,129,100,100,http://localhost:7000/randomRequest,502,0,0
1676157897643,516,HTTP Request,200,,Thread-Gruppe  1-20,text,true,,488,129,100,100,http://localhost:7000/randomRequest,516,0,0
1676157896547,1612,HTTP Request,200,,Thread-Gruppe  1-99,text,true,,641,129,100,100,http://localhost:7000/randomRequest,1612,0,0
1676157897542,617,HTTP Request,200,,Thread-Gruppe  1-57,text,true,,492,129,100,100,http://localhost:7000/randomRequest,617,0,1
1676157897542,617,HTTP Request,200,,Thread-Gruppe  1-94,text,true,,419,129,100,100,http://localhost:7000/randomRequest,617,0,1
1676157897457,722,HTTP Request,200,,Thread-Gruppe  1-73,text,true,,492,129,100,100,http://localhost:7000/randomRequest,722,0,1
1676157897273,930,HTTP Request,200,,Thread-Gruppe  1-91,text,true,,541,129,100,100,http://localhost:7000/randomRequest,930,0,1
1676157897582,621,HTTP Request,200,,Thread-Gruppe  1-62,text,true,,492,129,100,100,http://localhost:7000/randomRequest,621,0,1
1676157897274,929,HTTP Request,200,,Thread-Gruppe  1-5,text,true,,492,129,100,100,http://localhost:7000/randomRequest,929,0,0
1676157897608,611,HTTP Request,200,,Thread-Gruppe  1-31,text,true,,485,129,100,100,http://localhost:7000/randomRequest,611,0,0
1676157897132,1097,HTTP Request,200,,Thread-Gruppe  1-74,text,true,,525,129,100,100,http://localhost:7000/randomRequest,1097,0,0
1676157896223,2006,HTTP Request,200,,Thread-Gruppe  1-60,text,true,,537,129,100,100,http://localhost:7000/randomRequest,2006,0,0
1676157897622,607,HTTP Request,200,,Thread-Gruppe  1-81,text,true,,419,129,100,100,http://localhost:7000/randomRequest,607,0,0
1676157897132,1125,HTTP Request,200,,Thread-Gruppe  1-89,text,true,,495,129,100,100,http://localhost:7000/randomRequest,1125,0,0
1676157897645,617,HTTP Request,200,,Thread-Gruppe  1-49,text,true,,492,129,100,100,http://localhost:7000/randomRequest,617,0,1
1676157897788,518,HTTP Request,200,,Thread-Gruppe  1-54,text,true,,419,129,100,100,http://localhost:7000/randomRequest,518,0,0
1676157897683,623,HTTP Request,200,,Thread-Gruppe  1-69,text,true,,417,129,100,100,http://localhost:7000/randomRequest,623,0,0
1676157897683,632,HTTP Request,200,,Thread-Gruppe  1-6,text,true,,417,129,100,100,http://localhost:7000/randomRequest,632,0,0
1676157897820,513,HTTP Request,200,,Thread-Gruppe  1-82,text,true,,488,129,100,100,http://localhost:7000/randomRequest,513,0,0
1676157897622,711,HTTP Request,200,,Thread-Gruppe  1-32,text,true,,558,129,100,100,http://localhost:7000/randomRequest,711,0,0
1676157897813,520,HTTP Request,200,,Thread-Gruppe  1-42,text,true,,417,129,100,100,http://localhost:7000/randomRequest,520,0,1
1676157897747,615,HTTP Request,200,,Thread-Gruppe  1-30,text,true,,419,129,100,100,http://localhost:7000/randomRequest,615,0,1
1676157896646,1734,HTTP Request,200,,Thread-Gruppe  1-34,text,true,,527,129,100,100,http://localhost:7000/randomRequest,1733,0,0
1676157897658,722,HTTP Request,200,,Thread-Gruppe  1-11,text,true,,486,129,100,100,http://localhost:7000/randomRequest,721,0,0
1676157897866,520,HTTP Request,200,,Thread-Gruppe  1-96,text,true,,561,129,100,100,http://localhost:7000/randomRequest,520,0,1
1676157897563,823,HTTP Request,200,,Thread-Gruppe  1-67,text,true,,492,129,100,100,http://localhost:7000/randomRequest,823,0,0
1676157897866,520,HTTP Request,200,,Thread-Gruppe  1-47,text,true,,557,129,100,100,http://localhost:7000/randomRequest,520,0,1
1676157897683,723,HTTP Request,200,,Thread-Gruppe  1-64,text,true,,492,129,100,100,http://localhost:7000/randomRequest,723,0,0
1676157897712,712,HTTP Request,200,,Thread-Gruppe  1-92,text,true,,488,129,100,100,http://localhost:7000/randomRequest,712,0,0
1676157897608,816,HTTP Request,200,,Thread-Gruppe  1-4,text,true,,545,129,100,100,http://localhost:7000/randomRequest,816,0,0
1676157897693,762,HTTP Request,200,,Thread-Gruppe  1-66,text,true,,609,129,100,100,http://localhost:7000/randomRequest,762,0,0
1676157897841,616,HTTP Request,200,,Thread-Gruppe  1-38,text,true,,492,129,100,100,http://localhost:7000/randomRequest,616,0,0
1676157896991,1475,HTTP Request,200,,Thread-Gruppe  1-56,text,true,,564,129,100,100,http://localhost:7000/randomRequest,1475,0,1
1676157897542,924,HTTP Request,200,,Thread-Gruppe  1-61,text,true,,492,129,100,100,http://localhost:7000/randomRequest,924,0,1
1676157897998,511,HTTP Request,200,,Thread-Gruppe  1-28,text,true,,419,129,100,100,http://localhost:7000/randomRequest,511,0,0
1676157897891,618,HTTP Request,200,,Thread-Gruppe  1-13,text,true,,489,129,100,100,http://localhost:7000/randomRequest,618,0,0
1676157897791,718,HTTP Request,200,,Thread-Gruppe  1-44,text,true,,492,129,100,100,http://localhost:7000/randomRequest,718,0,0
1676157897691,819,HTTP Request,200,,Thread-Gruppe  1-46,text,true,,419,129,100,100,http://localhost:7000/randomRequest,819,0,0
1676157898014,510,HTTP Request,200,,Thread-Gruppe  1-3,text,true,,555,129,100,100,http://localhost:7000/randomRequest,510,0,0
1676157898014,510,HTTP Request,200,,Thread-Gruppe  1-17,text,true,,562,129,100,100,http://localhost:7000/randomRequest,510,0,0
1676157897924,618,HTTP Request,200,,Thread-Gruppe  1-52,text,true,,565,129,100,100,http://localhost:7000/randomRequest,618,0,0
1676157897442,1100,HTTP Request,200,,Thread-Gruppe  1-10,text,true,,643,129,100,100,http://localhost:7000/randomRequest,1100,0,0
1676157897924,618,HTTP Request,200,,Thread-Gruppe  1-2,text,true,,486,129,100,100,http://localhost:7000/randomRequest,618,0,0
1676157897028,1514,HTTP Request,200,,Thread-Gruppe  1-85,text,true,,541,129,100,100,http://localhost:7000/randomRequest,1514,0,0
1676157897851,718,HTTP Request,200,,Thread-Gruppe  1-86,text,true,,551,129,100,100,http://localhost:7000/randomRequest,718,0,0
1676157897853,716,HTTP Request,200,,Thread-Gruppe  1-15,text,true,,549,129,100,100,http://localhost:7000/randomRequest,716,0,1
1676157897956,615,HTTP Request,200,,Thread-Gruppe  1-40,text,true,,554,129,100,100,http://localhost:7000/randomRequest,615,0,1
1676157897667,924,HTTP Request,200,,Thread-Gruppe  1-78,text,true,,419,129,100,100,http://localhost:7000/randomRequest,924,0,1
1676157897871,724,HTTP Request,200,,Thread-Gruppe  1-39,text,true,,492,129,100,100,http://localhost:7000/randomRequest,724,0,0
1676157897608,1002,HTTP Request,200,,Thread-Gruppe  1-35,text,true,,633,129,100,100,http://localhost:7000/randomRequest,1002,0,0
1676157898099,511,HTTP Request,200,,Thread-Gruppe  1-55,text,true,,545,129,100,100,http://localhost:7000/randomRequest,511,0,0
1676157898203,407,HTTP Request,200,,Thread-Gruppe  1-62,text,true,,553,129,100,100,http://localhost:7000/randomRequest,407,0,1
1676157897608,1020,HTTP Request,200,,Thread-Gruppe  1-97,text,true,,554,129,100,100,http://localhost:7000/randomRequest,1019,0,1
1676157898116,512,HTTP Request,200,,Thread-Gruppe  1-76,text,true,,488,129,100,100,http://localhost:7000/randomRequest,512,0,0
1676157897608,1020,HTTP Request,200,,Thread-Gruppe  1-36,text,true,,554,129,100,100,http://localhost:7000/randomRequest,1019,0,1
1676157897608,1020,HTTP Request,200,,Thread-Gruppe  1-12,text,true,,492,129,100,100,http://localhost:7000/randomRequest,1019,0,1
1676157897914,714,HTTP Request,200,,Thread-Gruppe  1-26,text,true,,419,129,100,100,http://localhost:7000/randomRequest,714,0,0
1676157898024,618,HTTP Request,200,,Thread-Gruppe  1-75,text,true,,485,129,100,100,http://localhost:7000/randomRequest,618,0,1
1676157898386,317,HTTP Request,200,,Thread-Gruppe  1-96,text,true,,418,129,100,100,http://localhost:7000/randomRequest,317,0,6
1676157898005,708,HTTP Request,200,,Thread-Gruppe  1-18,text,true,,418,129,100,100,http://localhost:7000/randomRequest,708,0,1
1676157896791,1922,HTTP Request,200,,Thread-Gruppe  1-16,text,true,,527,129,100,100,http://localhost:7000/randomRequest,1922,0,0
1676157897007,1716,HTTP Request,200,,Thread-Gruppe  1-79,text,true,,527,129,100,100,http://localhost:7000/randomRequest,1716,0,1
1676157897895,835,HTTP Request,200,,Thread-Gruppe  1-88,text,true,,417,129,100,100,http://localhost:7000/randomRequest,834,0,1
1676157898220,510,HTTP Request,200,,Thread-Gruppe  1-31,text,true,,418,129,100,100,http://localhost:7000/randomRequest,509,0,0
1676157897715,1030,HTTP Request,200,,Thread-Gruppe  1-27,text,true,,490,129,100,100,http://localhost:7000/randomRequest,1030,0,0
1676157898229,518,HTTP Request,200,,Thread-Gruppe  1-81,text,true,,492,129,100,100,http://localhost:7000/randomRequest,518,0,0
1676157897924,823,HTTP Request,200,,Thread-Gruppe  1-8,text,true,,419,129,100,100,http://localhost:7000/randomRequest,823,0,0
1676157898333,414,HTTP Request,200,,Thread-Gruppe  1-82,text,true,,545,129,100,100,http://localhost:7000/randomRequest,414,0,1
1676157897954,823,HTTP Request,200,,Thread-Gruppe  1-70,text,true,,418,129,100,100,http://localhost:7000/randomRequest,823,0,0
1676157898159,618,HTTP Request,200,,Thread-Gruppe  1-99,text,true,,563,129,100,100,http://localhost:7000/randomRequest,618,0,0
1676157897542,1253,HTTP Request,200,,Thread-Gruppe  1-48,text,true,,541,129,100,100,http://localhost:7000/randomRequest,1253,0,1
1676157898086,720,HTTP Request,200,,Thread-Gruppe  1-68,text,true,,419,129,100,100,http://localhost:7000/randomRequest,720,0,0
1676157898159,672,HTTP Request,200,,Thread-Gruppe  1-20,text,true,,643,129,100,100,http://localhost:7000/randomRequest,672,0,0
1676157897820,1029,HTTP Request,200,,Thread-Gruppe  1-87,text,true,,492,129,100,100,http://localhost:7000/randomRequest,1029,0,0
1676157898124,725,HTTP Request,200,,Thread-Gruppe  1-80,text,true,,403,129,100,100,http://localhost:7000/randomRequest,725,0,1
1676157898333,516,HTTP Request,200,,Thread-Gruppe  1-42,text,true,,558,129,100,100,http://localhost:7000/randomRequest,516,0,1
1676157897820,1029,HTTP Request,200,,Thread-Gruppe  1-71,text,true,,485,129,100,100,http://localhost:7000/randomRequest,1029,0,0
1676157897853,1012,HTTP Request,200,,Thread-Gruppe  1-58,text,true,,527,129,100,100,http://localhost:7000/randomRequest,1012,0,1
1676157898257,614,HTTP Request,200,,Thread-Gruppe  1-89,text,true,,562,129,100,100,http://localhost:7000/randomRequest,614,0,0
1676157898159,722,HTTP Request,200,,Thread-Gruppe  1-94,text,true,,419,129,100,100,http://localhost:7000/randomRequest,722,0,0
1676157897851,1030,HTTP Request,200,,Thread-Gruppe  1-95,text,true,,492,129,100,100,http://localhost:7000/randomRequest,1030,0,0
1676157897608,1307,HTTP Request,200,,Thread-Gruppe  1-50,text,true,,527,129,100,100,http://localhost:7000/randomRequest,1307,0,1
1676157898099,817,HTTP Request,200,,Thread-Gruppe  1-63,text,true,,564,129,100,100,http://localhost:7000/randomRequest,817,0,0
1676157897211,1705,HTTP Request,200,,Thread-Gruppe  1-7,text,true,,541,129,100,100,http://localhost:7000/randomRequest,1705,0,0
1676157898406,510,HTTP Request,200,,Thread-Gruppe  1-64,text,true,,416,129,100,100,http://localhost:7000/randomRequest,510,0,1
1676157898229,724,HTTP Request,200,,Thread-Gruppe  1-60,text,true,,556,129,100,100,http://localhost:7000/randomRequest,724,0,0
1676157898542,413,HTTP Request,200,,Thread-Gruppe  1-10,text,true,,419,129,100,100,http://localhost:7000/randomRequest,413,0,1
1676157898455,515,HTTP Request,200,,Thread-Gruppe  1-66,text,true,,481,129,100,100,http://localhost:7000/randomRequest,515,0,1
1676157898056,930,HTTP Request,200,,Thread-Gruppe  1-98,text,true,,561,129,100,100,http://localhost:7000/randomRequest,930,0,1
1676157898203,817,HTTP Request,200,,Thread-Gruppe  1-5,text,true,,853,129,100,100,http://localhost:7000/randomRequest,817,0,1
1676157898306,714,HTTP Request,200,,Thread-Gruppe  1-69,text,true,,403,129,100,100,http://localhost:7000/randomRequest,714,0,1
1676157898610,410,HTTP Request,200,,Thread-Gruppe  1-35,text,true,,419,129,100,100,http://localhost:7000/randomRequest,410,0,0
1676157897914,1127,HTTP Request,200,,Thread-Gruppe  1-29,text,true,,485,129,100,100,http://localhost:7000/randomRequest,1127,0,0
1676157898229,827,HTTP Request,200,,Thread-Gruppe  1-74,text,true,,550,129,100,100,http://localhost:7000/randomRequest,827,0,0
1676157898180,891,HTTP Request,200,,Thread-Gruppe  1-73,text,true,,643,129,100,100,http://localhost:7000/randomRequest,891,0,0
1676157898363,728,HTTP Request,200,,Thread-Gruppe  1-30,text,true,,547,129,100,100,http://localhost:7000/randomRequest,728,0,0
1676157898466,625,HTTP Request,200,,Thread-Gruppe  1-56,text,true,,482,129,100,100,http://localhost:7000/randomRequest,625,0,0
1676157898466,625,HTTP Request,200,,Thread-Gruppe  1-61,text,true,,540,129,100,100,http://localhost:7000/randomRequest,625,0,0
1676157898571,520,HTTP Request,200,,Thread-Gruppe  1-40,text,true,,418,129,100,100,http://localhost:7000/randomRequest,520,0,1
1676157898570,521,HTTP Request,200,,Thread-Gruppe  1-15,text,true,,562,129,100,100,http://localhost:7000/randomRequest,521,0,0
1676157898099,992,HTTP Request,200,,Thread-Gruppe  1-100,text,true,,537,129,100,100,http://localhost:7000/randomRequest,992,0,0
1676157898386,722,HTTP Request,200,,Thread-Gruppe  1-67,text,true,,551,129,100,100,http://localhost:7000/randomRequest,722,0,6
1676157898262,846,HTTP Request,200,,Thread-Gruppe  1-49,text,true,,677,129,100,100,http://localhost:7000/randomRequest,846,0,0
1676157897503,1617,HTTP Request,200,,Thread-Gruppe  1-24,text,true,,647,129,100,100,http://localhost:7000/randomRequest,1617,0,0
1676157898099,1024,HTTP Request,200,,Thread-Gruppe  1-1,text,true,,403,129,100,100,http://localhost:7000/randomRequest,1024,0,0
1676157898850,307,HTTP Request,200,,Thread-Gruppe  1-87,text,true,,547,129,100,100,http://localhost:7000/randomRequest,307,0,0
1676157897970,1238,HTTP Request,200,,Thread-Gruppe  1-45,text,true,,486,129,100,100,http://localhost:7000/randomRequest,1238,0,0
1676157898386,822,HTTP Request,200,,Thread-Gruppe  1-47,text,true,,492,129,100,100,http://localhost:7000/randomRequest,822,0,6
1676157898832,419,HTTP Request,200,,Thread-Gruppe  1-20,text,true,,419,129,100,100,http://localhost:7000/randomRequest,419,0,0
1676157898424,829,HTTP Request,200,,Thread-Gruppe  1-4,text,true,,555,129,100,100,http://localhost:7000/randomRequest,829,0,0
1676157898746,511,HTTP Request,200,,Thread-Gruppe  1-27,text,true,,403,129,100,100,http://localhost:7000/randomRequest,511,0,0
1676157898457,818,HTTP Request,200,,Thread-Gruppe  1-38,text,true,,403,129,100,100,http://localhost:7000/randomRequest,818,0,0
1676157898570,735,HTTP Request,200,,Thread-Gruppe  1-86,text,true,,488,129,100,100,http://localhost:7000/randomRequest,735,0,0
1676157898306,1017,HTTP Request,200,,Thread-Gruppe  1-54,text,true,,419,129,100,100,http://localhost:7000/randomRequest,1017,0,1
1676157898610,713,HTTP Request,200,,Thread-Gruppe  1-55,text,true,,414,129,100,100,http://localhost:7000/randomRequest,713,0,0
1676157898713,610,HTTP Request,200,,Thread-Gruppe  1-16,text,true,,550,129,100,100,http://localhost:7000/randomRequest,610,0,0
1676157897907,1417,HTTP Request,200,,Thread-Gruppe  1-21,text,true,,492,129,100,100,http://localhost:7000/randomRequest,1417,0,1
1676157898628,727,HTTP Request,200,,Thread-Gruppe  1-97,text,true,,555,129,100,100,http://localhost:7000/randomRequest,727,0,0
1676157898628,727,HTTP Request,200,,Thread-Gruppe  1-36,text,true,,419,129,100,100,http://localhost:7000/randomRequest,727,0,0
1676157898424,931,HTTP Request,200,,Thread-Gruppe  1-92,text,true,,551,129,100,100,http://localhost:7000/randomRequest,931,0,0
1676157898203,1152,HTTP Request,200,,Thread-Gruppe  1-91,text,true,,417,129,100,100,http://localhost:7000/randomRequest,1152,0,1
1676157898333,1024,HTTP Request,200,,Thread-Gruppe  1-32,text,true,,488,129,100,100,http://localhost:7000/randomRequest,1024,0,1
1676157898642,715,HTTP Request,200,,Thread-Gruppe  1-75,text,true,,419,129,100,100,http://localhost:7000/randomRequest,715,0,1
1676157898850,507,HTTP Request,200,,Thread-Gruppe  1-80,text,true,,560,129,100,100,http://localhost:7000/randomRequest,507,0,0
1676157897682,1693,HTTP Request,200,,Thread-Gruppe  1-83,text,true,,647,129,100,100,http://localhost:7000/randomRequest,1693,0,0
1676157898881,525,HTTP Request,200,,Thread-Gruppe  1-94,text,true,,559,129,100,100,http://localhost:7000/randomRequest,525,0,1
1676157898509,897,HTTP Request,200,,Thread-Gruppe  1-28,text,true,,537,129,100,100,http://localhost:7000/randomRequest,897,0,0
1676157898380,1030,HTTP Request,200,,Thread-Gruppe  1-34,text,true,,490,129,100,100,http://localhost:7000/randomRequest,1030,0,0
1676157898380,1030,HTTP Request,200,,Thread-Gruppe  1-11,text,true,,539,129,100,100,http://localhost:7000/randomRequest,1030,0,0
1676157898316,1101,HTTP Request,200,,Thread-Gruppe  1-6,text,true,,541,129,100,100,http://localhost:7000/randomRequest,1101,0,0
1676157898806,616,HTTP Request,200,,Thread-Gruppe  1-68,text,true,,403,129,100,100,http://localhost:7000/randomRequest,616,0,0
1676157898509,914,HTTP Request,200,,Thread-Gruppe  1-44,text,true,,482,129,100,100,http://localhost:7000/randomRequest,914,0,0
1676157898524,899,HTTP Request,200,,Thread-Gruppe  1-17,text,true,,526,129,100,100,http://localhost:7000/randomRequest,899,0,0
1676157898509,914,HTTP Request,200,,Thread-Gruppe  1-13,text,true,,492,129,100,100,http://localhost:7000/randomRequest,914,0,0
1676157899020,403,HTTP Request,200,,Thread-Gruppe  1-5,text,true,,418,129,100,100,http://localhost:7000/randomRequest,403,0,0
1676157898730,726,HTTP Request,200,,Thread-Gruppe  1-31,text,true,,554,129,100,100,http://localhost:7000/randomRequest,726,0,0
1676157898542,917,HTTP Request,200,,Thread-Gruppe  1-85,text,true,,491,129,100,100,http://localhost:7000/randomRequest,917,0,1
1676157898056,1403,HTTP Request,200,,Thread-Gruppe  1-77,text,true,,527,129,100,100,http://localhost:7000/randomRequest,1403,0,1
1676157898510,949,HTTP Request,200,,Thread-Gruppe  1-46,text,true,,417,129,100,100,http://localhost:7000/randomRequest,949,0,0
1676157898628,831,HTTP Request,200,,Thread-Gruppe  1-12,text,true,,564,129,100,100,http://localhost:7000/randomRequest,831,0,0
1676157898730,729,HTTP Request,200,,Thread-Gruppe  1-88,text,true,,492,129,100,100,http://localhost:7000/randomRequest,729,0,0
1676157898159,1303,HTTP Request,200,,Thread-Gruppe  1-57,text,true,,647,129,100,100,http://localhost:7000/randomRequest,1303,0,0
1676157898542,920,HTTP Request,200,,Thread-Gruppe  1-52,text,true,,416,129,100,100,http://localhost:7000/randomRequest,920,0,1
1676157898953,509,HTTP Request,200,,Thread-Gruppe  1-60,text,true,,417,129,100,100,http://localhost:7000/randomRequest,509,0,0
1676157898865,610,HTTP Request,200,,Thread-Gruppe  1-58,text,true,,492,129,100,100,http://localhost:7000/randomRequest,610,0,1
1676157898009,1502,HTTP Request,200,,Thread-Gruppe  1-43,text,true,,527,129,100,100,http://localhost:7000/randomRequest,1502,0,1
1676157898595,924,HTTP Request,200,,Thread-Gruppe  1-39,text,true,,419,129,100,100,http://localhost:7000/randomRequest,924,0,1
1676157898610,917,HTTP Request,200,,Thread-Gruppe  1-62,text,true,,481,129,100,100,http://localhost:7000/randomRequest,917,0,0
1676157898916,644,HTTP Request,200,,Thread-Gruppe  1-7,text,true,,417,129,100,100,http://localhost:7000/randomRequest,644,0,0
1676157898542,1021,HTTP Request,200,,Thread-Gruppe  1-2,text,true,,630,129,100,100,http://localhost:7000/randomRequest,1021,0,1
1676157898850,713,HTTP Request,200,,Thread-Gruppe  1-71,text,true,,481,129,100,100,http://localhost:7000/randomRequest,713,0,0
1676157898777,835,HTTP Request,200,,Thread-Gruppe  1-99,text,true,,489,129,100,100,http://localhost:7000/randomRequest,835,0,0
1676157897891,1721,HTTP Request,200,,Thread-Gruppe  1-25,text,true,,536,129,100,100,http://localhost:7000/randomRequest,1721,0,0
1676157898591,1031,HTTP Request,200,,Thread-Gruppe  1-78,text,true,,485,129,100,100,http://localhost:7000/randomRequest,1031,0,0
1676157898724,921,HTTP Request,200,,Thread-Gruppe  1-79,text,true,,553,129,100,100,http://localhost:7000/randomRequest,921,0,0
1676157898628,1036,HTTP Request,200,,Thread-Gruppe  1-76,text,true,,490,129,100,100,http://localhost:7000/randomRequest,1036,0,0
1676157898955,709,HTTP Request,200,,Thread-Gruppe  1-10,text,true,,485,129,100,100,http://localhost:7000/randomRequest,709,0,0
1676157898628,1036,HTTP Request,200,,Thread-Gruppe  1-26,text,true,,492,129,100,100,http://localhost:7000/randomRequest,1036,0,0
1676157898747,917,HTTP Request,200,,Thread-Gruppe  1-81,text,true,,541,129,100,100,http://localhost:7000/randomRequest,917,0,1
1676157898796,886,HTTP Request,200,,Thread-Gruppe  1-48,text,true,,643,129,100,100,http://localhost:7000/randomRequest,886,0,0
1676157898987,728,HTTP Request,200,,Thread-Gruppe  1-98,text,true,,417,129,100,100,http://localhost:7000/randomRequest,728,0,0
1676157898713,1002,HTTP Request,200,,Thread-Gruppe  1-18,text,true,,643,129,100,100,http://localhost:7000/randomRequest,1002,0,0
1676157898871,844,HTTP Request,200,,Thread-Gruppe  1-89,text,true,,488,129,100,100,http://localhost:7000/randomRequest,844,0,1
1676157898881,834,HTTP Request,200,,Thread-Gruppe  1-95,text,true,,481,129,100,100,http://localhost:7000/randomRequest,834,0,1
1676157899108,614,HTTP Request,200,,Thread-Gruppe  1-67,text,true,,416,129,100,100,http://localhost:7000/randomRequest,614,0,0
1676157898703,1019,HTTP Request,200,,Thread-Gruppe  1-96,text,true,,530,129,100,100,http://localhost:7000/randomRequest,1019,0,1
1676157897924,1813,HTTP Request,200,,Thread-Gruppe  1-9,text,true,,526,129,100,100,http://localhost:7000/randomRequest,1813,0,0
1676157899020,717,HTTP Request,200,,Thread-Gruppe  1-35,text,true,,548,129,100,100,http://localhost:7000/randomRequest,717,0,0
1676157899108,638,HTTP Request,200,,Thread-Gruppe  1-49,text,true,,564,129,100,100,http://localhost:7000/randomRequest,638,0,0
1676157898915,849,HTTP Request,200,,Thread-Gruppe  1-50,text,true,,689,129,100,100,http://localhost:7000/randomRequest,849,0,0
1676157898777,987,HTTP Request,200,,Thread-Gruppe  1-70,text,true,,535,129,100,100,http://localhost:7000/randomRequest,987,0,0
1676157899355,409,HTTP Request,200,,Thread-Gruppe  1-36,text,true,,556,129,100,100,http://localhost:7000/randomRequest,409,0,0
1676157899056,717,HTTP Request,200,,Thread-Gruppe  1-74,text,true,,555,129,100,100,http://localhost:7000/randomRequest,717,0,1
1676157899375,417,HTTP Request,200,,Thread-Gruppe  1-83,text,true,,568,129,100,100,http://localhost:7000/randomRequest,417,0,0
1676157899091,728,HTTP Request,200,,Thread-Gruppe  1-30,text,true,,485,129,100,100,http://localhost:7000/randomRequest,728,0,1
1676157899091,728,HTTP Request,200,,Thread-Gruppe  1-15,text,true,,490,129,100,100,http://localhost:7000/randomRequest,728,0,1
1676157899323,518,HTTP Request,200,,Thread-Gruppe  1-55,text,true,,550,129,100,100,http://localhost:7000/randomRequest,518,0,1
1676157899020,821,HTTP Request,200,,Thread-Gruppe  1-69,text,true,,417,129,100,100,http://localhost:7000/randomRequest,821,0,0
1676157899323,518,HTTP Request,200,,Thread-Gruppe  1-54,text,true,,419,129,100,100,http://localhost:7000/randomRequest,518,0,1
1676157898916,925,HTTP Request,200,,Thread-Gruppe  1-64,text,true,,492,129,100,100,http://localhost:7000/randomRequest,925,0,0
1676157898850,1020,HTTP Request,200,,Thread-Gruppe  1-42,text,true,,403,129,100,100,http://localhost:7000/randomRequest,1020,0,0
1676157899041,829,HTTP Request,200,,Thread-Gruppe  1-29,text,true,,492,129,100,100,http://localhost:7000/randomRequest,829,0,0
1676157899208,715,HTTP Request,200,,Thread-Gruppe  1-47,text,true,,419,129,100,100,http://localhost:7000/randomRequest,715,0,1
1676157899519,404,HTTP Request,200,,Thread-Gruppe  1-39,text,true,,419,129,100,100,http://localhost:7000/randomRequest,404,0,1
1676157899123,818,HTTP Request,200,,Thread-Gruppe  1-1,text,true,,492,129,100,100,http://localhost:7000/randomRequest,818,0,0
1676157899253,719,HTTP Request,200,,Thread-Gruppe  1-4,text,true,,419,129,100,100,http://localhost:7000/randomRequest,719,0,0
1676157899091,898,HTTP Request,200,,Thread-Gruppe  1-40,text,true,,479,129,100,100,http://localhost:7000/randomRequest,898,0,1
1676157899406,617,HTTP Request,200,,Thread-Gruppe  1-94,text,true,,546,129,100,100,http://localhost:7000/randomRequest,617,0,0
1676157899091,932,HTTP Request,200,,Thread-Gruppe  1-61,text,true,,403,129,100,100,http://localhost:7000/randomRequest,932,0,1
1676157898916,1127,HTTP Request,200,,Thread-Gruppe  1-63,text,true,,488,129,100,100,http://localhost:7000/randomRequest,1127,0,0
1676157899092,951,HTTP Request,200,,Thread-Gruppe  1-100,text,true,,633,129,100,100,http://localhost:7000/randomRequest,951,0,0
1676157899323,720,HTTP Request,200,,Thread-Gruppe  1-16,text,true,,419,129,100,100,http://localhost:7000/randomRequest,719,0,1
1676157898747,1296,HTTP Request,200,,Thread-Gruppe  1-82,text,true,,630,129,100,100,http://localhost:7000/randomRequest,1296,0,1
1676157899208,845,HTTP Request,200,,Thread-Gruppe  1-45,text,true,,474,129,100,100,http://localhost:7000/randomRequest,845,0,1
1676157899456,603,HTTP Request,200,,Thread-Gruppe  1-31,text,true,,419,129,100,100,http://localhost:7000/randomRequest,603,0,0
1676157898747,1329,HTTP Request,200,,Thread-Gruppe  1-8,text,true,,492,129,100,100,http://localhost:7000/randomRequest,1329,0,1
1676157899251,825,HTTP Request,200,,Thread-Gruppe  1-20,text,true,,490,129,100,100,http://localhost:7000/randomRequest,825,0,0
1676157899355,721,HTTP Request,200,,Thread-Gruppe  1-91,text,true,,481,129,100,100,http://localhost:7000/randomRequest,721,0,0
1676157899460,616,HTTP Request,200,,Thread-Gruppe  1-77,text,true,,545,129,100,100,http://localhost:7000/randomRequest,616,0,0
1676157899460,616,HTTP Request,200,,Thread-Gruppe  1-85,text,true,,419,129,100,100,http://localhost:7000/randomRequest,616,0,0
1676157899157,921,HTTP Request,200,,Thread-Gruppe  1-87,text,true,,485,129,100,100,http://localhost:7000/randomRequest,921,0,0
1676157899406,672,HTTP Request,200,,Thread-Gruppe  1-28,text,true,,643,129,100,100,http://localhost:7000/randomRequest,672,0,0
1676157899072,1027,HTTP Request,200,,Thread-Gruppe  1-73,text,true,,403,129,100,100,http://localhost:7000/randomRequest,1027,0,0
1676157899423,695,HTTP Request,200,,Thread-Gruppe  1-5,text,true,,633,129,100,100,http://localhost:7000/randomRequest,695,0,1
1676157899305,823,HTTP Request,200,,Thread-Gruppe  1-86,text,true,,486,129,100,100,http://localhost:7000/randomRequest,823,0,0
1676157899411,717,HTTP Request,200,,Thread-Gruppe  1-34,text,true,,419,129,100,100,http://localhost:7000/randomRequest,717,0,0
1676157899091,1037,HTTP Request,200,,Thread-Gruppe  1-56,text,true,,550,129,100,100,http://localhost:7000/randomRequest,1037,0,1
1676157899120,1024,HTTP Request,200,,Thread-Gruppe  1-24,text,true,,419,129,100,100,http://localhost:7000/randomRequest,1024,0,0
1676157899422,722,HTTP Request,200,,Thread-Gruppe  1-68,text,true,,492,129,100,100,http://localhost:7000/randomRequest,722,0,0
1676157899357,787,HTTP Request,200,,Thread-Gruppe  1-75,text,true,,541,129,100,100,http://localhost:7000/randomRequest,787,0,1
1676157899664,513,HTTP Request,200,,Thread-Gruppe  1-26,text,true,,565,129,100,100,http://localhost:7000/randomRequest,513,0,0
1676157899462,715,HTTP Request,200,,Thread-Gruppe  1-60,text,true,,559,129,100,100,http://localhost:7000/randomRequest,715,0,0
1676157899460,717,HTTP Request,200,,Thread-Gruppe  1-12,text,true,,492,129,100,100,http://localhost:7000/randomRequest,717,0,0
1676157899792,411,HTTP Request,200,,Thread-Gruppe  1-83,text,true,,545,129,100,100,http://localhost:7000/randomRequest,411,0,0
1676157899682,521,HTTP Request,200,,Thread-Gruppe  1-48,text,true,,416,129,100,100,http://localhost:7000/randomRequest,521,0,0
1676157899411,821,HTTP Request,200,,Thread-Gruppe  1-11,text,true,,555,129,100,100,http://localhost:7000/randomRequest,821,0,0
1676157899423,823,HTTP Request,200,,Thread-Gruppe  1-13,text,true,,492,129,100,100,http://localhost:7000/randomRequest,823,0,1
1676157899737,509,HTTP Request,200,,Thread-Gruppe  1-35,text,true,,488,129,100,100,http://localhost:7000/randomRequest,509,0,1
1676157899324,922,HTTP Request,200,,Thread-Gruppe  1-21,text,true,,403,129,100,100,http://localhost:7000/randomRequest,922,0,0
1676157899746,510,HTTP Request,200,,Thread-Gruppe  1-49,text,true,,552,129,100,100,http://localhost:7000/randomRequest,510,0,0
1676157899357,920,HTTP Request,200,,Thread-Gruppe  1-80,text,true,,546,129,100,100,http://localhost:7000/randomRequest,920,0,1
1676157899460,817,HTTP Request,200,,Thread-Gruppe  1-88,text,true,,419,129,100,100,http://localhost:7000/randomRequest,817,0,0
1676157899765,512,HTTP Request,200,,Thread-Gruppe  1-50,text,true,,492,129,100,100,http://localhost:7000/randomRequest,512,0,0
1676157899765,513,HTTP Request,200,,Thread-Gruppe  1-36,text,true,,557,129,100,100,http://localhost:7000/randomRequest,513,0,0
1676157899664,619,HTTP Request,200,,Thread-Gruppe  1-10,text,true,,492,129,100,100,http://localhost:7000/randomRequest,619,0,0
1676157899664,619,HTTP Request,200,,Thread-Gruppe  1-81,text,true,,401,129,100,100,http://localhost:7000/randomRequest,619,0,0
1676157899773,510,HTTP Request,200,,Thread-Gruppe  1-74,text,true,,556,129,100,100,http://localhost:7000/randomRequest,510,0,0
1676157898970,1367,HTTP Request,200,,Thread-Gruppe  1-66,text,true,,558,129,100,100,http://localhost:7000/randomRequest,1366,0,0
1676157899511,826,HTTP Request,200,,Thread-Gruppe  1-43,text,true,,416,129,100,100,http://localhost:7000/randomRequest,825,0,0
1676157899622,715,HTTP Request,200,,Thread-Gruppe  1-78,text,true,,419,129,100,100,http://localhost:7000/randomRequest,714,0,0
1676157899722,615,HTTP Request,200,,Thread-Gruppe  1-67,text,true,,418,129,100,100,http://localhost:7000/randomRequest,614,0,0
1676157899423,924,HTTP Request,200,,Thread-Gruppe  1-17,text,true,,562,129,100,100,http://localhost:7000/randomRequest,924,0,1
1676157899841,512,HTTP Request,200,,Thread-Gruppe  1-55,text,true,,403,129,100,100,http://localhost:7000/randomRequest,512,0,1
1676157899646,710,HTTP Request,200,,Thread-Gruppe  1-79,text,true,,547,129,100,100,http://localhost:7000/randomRequest,710,0,0
1676157899357,1022,HTTP Request,200,,Thread-Gruppe  1-32,text,true,,419,129,100,100,http://localhost:7000/randomRequest,1022,0,1
1676157899460,921,HTTP Request,200,,Thread-Gruppe  1-46,text,true,,403,129,100,100,http://localhost:7000/randomRequest,921,0,0
1676157899560,821,HTTP Request,200,,Thread-Gruppe  1-7,text,true,,551,129,100,100,http://localhost:7000/randomRequest,821,0,1
1676157899990,408,HTTP Request,200,,Thread-Gruppe  1-40,text,true,,415,129,100,100,http://localhost:7000/randomRequest,408,0,0
1676157899612,827,HTTP Request,200,,Thread-Gruppe  1-99,text,true,,419,129,100,100,http://localhost:7000/randomRequest,827,0,1
1676157899841,615,HTTP Request,200,,Thread-Gruppe  1-69,text,true,,485,129,100,100,http://localhost:7000/randomRequest,615,0,1
1676157899765,721,HTTP Request,200,,Thread-Gruppe  1-70,text,true,,555,129,100,100,http://localhost:7000/randomRequest,721,0,0
1676157899870,621,HTTP Request,200,,Thread-Gruppe  1-29,text,true,,558,129,100,100,http://localhost:7000/randomRequest,621,0,0
1676157899355,1153,HTTP Request,200,,Thread-Gruppe  1-97,text,true,,669,129,100,100,http://localhost:7000/randomRequest,1153,0,0
1676157899475,1033,HTTP Request,200,,Thread-Gruppe  1-58,text,true,,492,129,100,100,http://localhost:7000/randomRequest,1033,0,0
1676157899462,1046,HTTP Request,200,,Thread-Gruppe  1-52,text,true,,571,129,100,100,http://localhost:7000/randomRequest,1046,0,0
1676157899715,827,HTTP Request,200,,Thread-Gruppe  1-18,text,true,,413,129,100,100,http://localhost:7000/randomRequest,827,0,1
1676157899923,619,HTTP Request,200,,Thread-Gruppe  1-47,text,true,,403,129,100,100,http://localhost:7000/randomRequest,619,0,1
1676157899612,930,HTTP Request,200,,Thread-Gruppe  1-25,text,true,,481,129,100,100,http://localhost:7000/randomRequest,930,0,1
1676157899527,1023,HTTP Request,200,,Thread-Gruppe  1-62,text,true,,488,129,100,100,http://localhost:7000/randomRequest,1023,0,0
1676157899715,835,HTTP Request,200,,Thread-Gruppe  1-98,text,true,,417,129,100,100,http://localhost:7000/randomRequest,835,0,1
1676157899820,733,HTTP Request,200,,Thread-Gruppe  1-30,text,true,,417,129,100,100,http://localhost:7000/randomRequest,733,0,0
1676157899275,1285,HTTP Request,200,,Thread-Gruppe  1-38,text,true,,525,129,100,100,http://localhost:7000/randomRequest,1285,0,0
1676157900043,517,HTTP Request,200,,Thread-Gruppe  1-16,text,true,,492,129,100,100,http://localhost:7000/randomRequest,517,0,0
1676157899563,997,HTTP Request,200,,Thread-Gruppe  1-71,text,true,,647,129,100,100,http://localhost:7000/randomRequest,997,0,0
1676157899355,1231,HTTP Request,200,,Thread-Gruppe  1-92,text,true,,403,129,100,100,http://localhost:7000/randomRequest,1231,0,0
1676157899870,724,HTTP Request,200,,Thread-Gruppe  1-42,text,true,,492,129,100,100,http://localhost:7000/randomRequest,724,0,0
1676157899664,930,HTTP Request,200,,Thread-Gruppe  1-76,text,true,,492,129,100,100,http://localhost:7000/randomRequest,930,0,0
1676157899972,622,HTTP Request,200,,Thread-Gruppe  1-4,text,true,,552,129,100,100,http://localhost:7000/randomRequest,622,0,1
1676157899462,1150,HTTP Request,200,,Thread-Gruppe  1-57,text,true,,541,129,100,100,http://localhost:7000/randomRequest,1150,0,0
1676157899417,1195,HTTP Request,200,,Thread-Gruppe  1-6,text,true,,527,129,100,100,http://localhost:7000/randomRequest,1195,0,0
1676157899722,921,HTTP Request,200,,Thread-Gruppe  1-96,text,true,,419,129,100,100,http://localhost:7000/randomRequest,921,0,0
1676157900128,515,HTTP Request,200,,Thread-Gruppe  1-86,text,true,,551,129,100,100,http://localhost:7000/randomRequest,515,0,0
1676157900024,630,HTTP Request,200,,Thread-Gruppe  1-61,text,true,,417,129,100,100,http://localhost:7000/randomRequest,630,0,0
1676157900128,534,HTTP Request,200,,Thread-Gruppe  1-56,text,true,,415,129,100,100,http://localhost:7000/randomRequest,534,0,0
1676157900060,602,HTTP Request,200,,Thread-Gruppe  1-31,text,true,,492,129,100,100,http://localhost:7000/randomRequest,602,0,0
1676157899841,845,HTTP Request,200,,Thread-Gruppe  1-54,text,true,,547,129,100,100,http://localhost:7000/randomRequest,845,0,1
1676157899563,1128,HTTP Request,200,,Thread-Gruppe  1-2,text,true,,492,129,100,100,http://localhost:7000/randomRequest,1128,0,0
1676157900118,612,HTTP Request,200,,Thread-Gruppe  1-5,text,true,,403,129,100,100,http://localhost:7000/randomRequest,612,0,0
1676157899737,1004,HTTP Request,200,,Thread-Gruppe  1-9,text,true,,540,129,100,100,http://localhost:7000/randomRequest,1004,0,1
1676157899820,923,HTTP Request,200,,Thread-Gruppe  1-15,text,true,,403,129,100,100,http://localhost:7000/randomRequest,923,0,0
1676157899423,1320,HTTP Request,200,,Thread-Gruppe  1-44,text,true,,647,129,100,100,http://localhost:7000/randomRequest,1320,0,1
1676157899257,1500,HTTP Request,200,,Thread-Gruppe  1-27,text,true,,526,129,100,100,http://localhost:7000/randomRequest,1500,0,0
1676157900043,720,HTTP Request,200,,Thread-Gruppe  1-82,text,true,,403,129,100,100,http://localhost:7000/randomRequest,720,0,0
1676157900053,738,HTTP Request,200,,Thread-Gruppe  1-45,text,true,,417,129,100,100,http://localhost:7000/randomRequest,738,0,1
1676157900277,513,HTTP Request,200,,Thread-Gruppe  1-36,text,true,,492,129,100,100,http://localhost:7000/randomRequest,513,0,0
1676157900078,719,HTTP Request,200,,Thread-Gruppe  1-28,text,true,,552,129,100,100,http://localhost:7000/randomRequest,719,0,0
1676157899941,891,HTTP Request,200,,Thread-Gruppe  1-1,text,true,,481,129,100,100,http://localhost:7000/randomRequest,891,0,0
1676157900025,818,HTTP Request,200,,Thread-Gruppe  1-94,text,true,,417,129,100,100,http://localhost:7000/randomRequest,818,0,0
1676157899923,920,HTTP Request,200,,Thread-Gruppe  1-39,text,true,,556,129,100,100,http://localhost:7000/randomRequest,920,0,1
1676157900277,614,HTTP Request,200,,Thread-Gruppe  1-50,text,true,,555,129,100,100,http://localhost:7000/randomRequest,614,0,0
1676157900076,824,HTTP Request,200,,Thread-Gruppe  1-91,text,true,,417,129,100,100,http://localhost:7000/randomRequest,824,0,2
1676157900078,822,HTTP Request,200,,Thread-Gruppe  1-87,text,true,,555,129,100,100,http://localhost:7000/randomRequest,822,0,0
1676157899715,1221,HTTP Request,200,,Thread-Gruppe  1-95,text,true,,495,129,100,100,http://localhost:7000/randomRequest,1221,0,1
1676157900043,928,HTTP Request,200,,Thread-Gruppe  1-63,text,true,,492,129,100,100,http://localhost:7000/randomRequest,928,0,0
1676157900144,827,HTTP Request,200,,Thread-Gruppe  1-75,text,true,,553,129,100,100,http://localhost:7000/randomRequest,827,0,0
1676157900378,616,HTTP Request,200,,Thread-Gruppe  1-32,text,true,,419,129,100,100,http://localhost:7000/randomRequest,616,0,0
1676157900685,309,HTTP Request,200,,Thread-Gruppe  1-54,text,true,,417,129,100,100,http://localhost:7000/randomRequest,309,0,0
1676157900485,509,HTTP Request,200,,Thread-Gruppe  1-70,text,true,,403,129,100,100,http://localhost:7000/randomRequest,509,0,0
1676157900177,817,HTTP Request,200,,Thread-Gruppe  1-60,text,true,,419,129,100,100,http://localhost:7000/randomRequest,817,0,0
1676157900177,817,HTTP Request,200,,Thread-Gruppe  1-12,text,true,,488,129,100,100,http://localhost:7000/randomRequest,817,0,0
1676157900277,717,HTTP Request,200,,Thread-Gruppe  1-80,text,true,,418,129,100,100,http://localhost:7000/randomRequest,717,0,0
1676157900076,927,HTTP Request,200,,Thread-Gruppe  1-85,text,true,,492,129,100,100,http://localhost:7000/randomRequest,927,0,2
1676157900283,719,HTTP Request,200,,Thread-Gruppe  1-81,text,true,,419,129,100,100,http://localhost:7000/randomRequest,719,0,0
1676157900177,832,HTTP Request,200,,Thread-Gruppe  1-26,text,true,,417,129,100,100,http://localhost:7000/randomRequest,832,0,0
1676157900202,814,HTTP Request,200,,Thread-Gruppe  1-83,text,true,,546,129,100,100,http://localhost:7000/randomRequest,814,0,1
1676157900100,917,HTTP Request,200,,Thread-Gruppe  1-73,text,true,,402,129,100,100,http://localhost:7000/randomRequest,917,0,0
1676157899715,1326,HTTP Request,200,,Thread-Gruppe  1-89,text,true,,539,129,100,100,http://localhost:7000/randomRequest,1326,0,1
1676157900507,534,HTTP Request,200,,Thread-Gruppe  1-52,text,true,,417,129,100,100,http://localhost:7000/randomRequest,534,0,1
1676157900438,607,HTTP Request,200,,Thread-Gruppe  1-99,text,true,,403,129,100,100,http://localhost:7000/randomRequest,607,0,1
1676157900336,709,HTTP Request,200,,Thread-Gruppe  1-78,text,true,,419,129,100,100,http://localhost:7000/randomRequest,709,0,0
1676157900336,709,HTTP Request,200,,Thread-Gruppe  1-66,text,true,,403,129,100,100,http://localhost:7000/randomRequest,709,0,0
1676157900336,709,HTTP Request,200,,Thread-Gruppe  1-67,text,true,,555,129,100,100,http://localhost:7000/randomRequest,709,0,0
1676157900552,508,HTTP Request,200,,Thread-Gruppe  1-30,text,true,,418,129,100,100,http://localhost:7000/randomRequest,508,0,0
1676157900346,714,HTTP Request,200,,Thread-Gruppe  1-17,text,true,,417,129,100,100,http://localhost:7000/randomRequest,714,0,0
1676157900246,814,HTTP Request,200,,Thread-Gruppe  1-13,text,true,,492,129,100,100,http://localhost:7000/randomRequest,814,0,0
1676157900653,407,HTTP Request,200,,Thread-Gruppe  1-61,text,true,,492,129,100,100,http://localhost:7000/randomRequest,407,0,1
1676157900559,514,HTTP Request,200,,Thread-Gruppe  1-16,text,true,,548,129,100,100,http://localhost:7000/randomRequest,514,0,0
1676157900144,930,HTTP Request,200,,Thread-Gruppe  1-68,text,true,,556,129,100,100,http://localhost:7000/randomRequest,930,0,0
1676157900043,1031,HTTP Request,200,,Thread-Gruppe  1-100,text,true,,403,129,100,100,http://localhost:7000/randomRequest,1031,0,0
1676157900277,821,HTTP Request,200,,Thread-Gruppe  1-88,text,true,,418,129,100,100,http://localhost:7000/randomRequest,821,0,0
1676157900283,822,HTTP Request,200,,Thread-Gruppe  1-74,text,true,,418,129,100,100,http://localhost:7000/randomRequest,822,0,0
1676157900507,613,HTTP Request,200,,Thread-Gruppe  1-58,text,true,,482,129,100,100,http://localhost:7000/randomRequest,613,0,1
1676157900742,413,HTTP Request,200,,Thread-Gruppe  1-44,text,true,,555,129,100,100,http://localhost:7000/randomRequest,413,0,0
1676157900246,915,HTTP Request,200,,Thread-Gruppe  1-35,text,true,,1535,129,100,100,http://localhost:7000/randomRequest,915,0,0
1676157900352,821,HTTP Request,200,,Thread-Gruppe  1-55,text,true,,403,129,100,100,http://localhost:7000/randomRequest,821,0,0
1676157900076,1131,HTTP Request,200,,Thread-Gruppe  1-77,text,true,,492,129,100,100,http://localhost:7000/randomRequest,1131,0,2
1676157900128,1119,HTTP Request,200,,Thread-Gruppe  1-34,text,true,,492,129,100,100,http://localhost:7000/randomRequest,1119,0,0
1676157900550,715,HTTP Request,200,,Thread-Gruppe  1-98,text,true,,557,129,100,100,http://localhost:7000/randomRequest,715,0,0
1676157900662,611,HTTP Request,200,,Thread-Gruppe  1-31,text,true,,551,129,100,100,http://localhost:7000/randomRequest,611,0,0
1676157900381,924,HTTP Request,200,,Thread-Gruppe  1-7,text,true,,419,129,100,100,http://localhost:7000/randomRequest,924,0,0
1676157900283,1024,HTTP Request,200,,Thread-Gruppe  1-10,text,true,,485,129,100,100,http://localhost:7000/randomRequest,1024,0,0
1676157900593,719,HTTP Request,200,,Thread-Gruppe  1-76,text,true,,418,129,100,100,http://localhost:7000/randomRequest,719,0,0
1676157900397,918,HTTP Request,200,,Thread-Gruppe  1-40,text,true,,403,129,100,100,http://localhost:7000/randomRequest,918,0,0
1676157900202,1120,HTTP Request,200,,Thread-Gruppe  1-48,text,true,,492,129,100,100,http://localhost:7000/randomRequest,1120,0,1
1676157900507,815,HTTP Request,200,,Thread-Gruppe  1-97,text,true,,403,129,100,100,http://localhost:7000/randomRequest,815,0,1
1676157899841,1509,HTTP Request,200,,Thread-Gruppe  1-64,text,true,,536,129,100,100,http://localhost:7000/randomRequest,1509,0,1
1676157900831,518,HTTP Request,200,,Thread-Gruppe  1-1,text,true,,485,129,100,100,http://localhost:7000/randomRequest,518,0,0
1676157900740,609,HTTP Request,200,,Thread-Gruppe  1-9,text,true,,492,129,100,100,http://localhost:7000/randomRequest,609,0,0
1676157900336,1013,HTTP Request,200,,Thread-Gruppe  1-43,text,true,,492,129,100,100,http://localhost:7000/randomRequest,1013,0,0
1676157900642,715,HTTP Request,200,,Thread-Gruppe  1-86,text,true,,489,129,100,100,http://localhost:7000/randomRequest,715,0,0
1676157900542,815,HTTP Request,200,,Thread-Gruppe  1-18,text,true,,492,129,100,100,http://localhost:7000/randomRequest,815,0,0
1676157900144,1230,HTTP Request,200,,Thread-Gruppe  1-24,text,true,,492,129,100,100,http://localhost:7000/randomRequest,1230,0,0
1676157900762,611,HTTP Request,200,,Thread-Gruppe  1-82,text,true,,492,129,100,100,http://localhost:7000/randomRequest,611,0,0
1676157900550,840,HTTP Request,200,,Thread-Gruppe  1-62,text,true,,553,129,100,100,http://localhost:7000/randomRequest,840,0,0
1676157900661,735,HTTP Request,200,,Thread-Gruppe  1-56,text,true,,665,129,100,100,http://localhost:7000/randomRequest,735,0,0
1676157900790,620,HTTP Request,200,,Thread-Gruppe  1-36,text,true,,553,129,100,100,http://localhost:7000/randomRequest,620,0,1
1676157900995,415,HTTP Request,200,,Thread-Gruppe  1-54,text,true,,555,129,100,100,http://localhost:7000/randomRequest,415,0,0
1676157900900,514,HTTP Request,200,,Thread-Gruppe  1-91,text,true,,492,129,100,100,http://localhost:7000/randomRequest,514,0,0
1676157900455,997,HTTP Request,200,,Thread-Gruppe  1-69,text,true,,481,129,100,100,http://localhost:7000/randomRequest,997,0,1
1676157900076,1395,HTTP Request,200,,Thread-Gruppe  1-8,text,true,,525,129,100,100,http://localhost:7000/randomRequest,1395,0,0
1676157900231,1242,HTTP Request,200,,Thread-Gruppe  1-11,text,true,,575,129,100,100,http://localhost:7000/randomRequest,1242,0,0
1676157900381,1126,HTTP Request,200,,Thread-Gruppe  1-46,text,true,,403,129,100,100,http://localhost:7000/randomRequest,1126,0,0
1676157900790,717,HTTP Request,200,,Thread-Gruppe  1-45,text,true,,566,129,100,100,http://localhost:7000/randomRequest,717,0,0
1676157900246,1295,HTTP Request,200,,Thread-Gruppe  1-21,text,true,,644,129,100,100,http://localhost:7000/randomRequest,1295,0,0
1676157900559,1015,HTTP Request,200,,Thread-Gruppe  1-71,text,true,,490,129,100,100,http://localhost:7000/randomRequest,1015,0,0
1676157900356,1218,HTTP Request,200,,Thread-Gruppe  1-79,text,true,,492,129,100,100,http://localhost:7000/randomRequest,1218,0,0
1676157900585,1017,HTTP Request,200,,Thread-Gruppe  1-92,text,true,,537,129,100,100,http://localhost:7000/randomRequest,1017,0,0
1676157900729,931,HTTP Request,200,,Thread-Gruppe  1-5,text,true,,492,129,100,100,http://localhost:7000/randomRequest,931,0,0
1676157900842,818,HTTP Request,200,,Thread-Gruppe  1-94,text,true,,557,129,100,100,http://localhost:7000/randomRequest,818,0,0
1676157900559,1112,HTTP Request,200,,Thread-Gruppe  1-38,text,true,,540,129,100,100,http://localhost:7000/randomRequest,1112,0,0
1676157900593,1081,HTTP Request,200,,Thread-Gruppe  1-42,text,true,,537,129,100,100,http://localhost:7000/randomRequest,1081,0,0
1676157901045,1132,HTTP Request,200,,Thread-Gruppe  1-67,text,true,,485,129,100,100,http://localhost:7000/randomRequest,1132,0,0
1676157900076,2106,HTTP Request,200,,Thread-Gruppe  1-20,text,true,,541,129,100,100,http://localhost:7000/randomRequest,2106,0,0
1676157900756,1463,HTTP Request,200,,Thread-Gruppe  1-27,text,true,,669,129,100,100,http://localhost:7000/randomRequest,1463,0,0
1676157900995,1235,HTTP Request,200,,Thread-Gruppe  1-32,text,true,,492,129,100,100,http://localhost:7000/randomRequest,1235,0,0
1676157901009,1231,HTTP Request,200,,Thread-Gruppe  1-26,text,true,,418,129,100,100,http://localhost:7000/randomRequest,1231,0,1
1676157900542,1708,HTTP Request,200,,Thread-Gruppe  1-25,text,true,,645,129,100,100,http://localhost:7000/randomRequest,1708,0,0
1676157900642,1615,HTTP Request,200,,Thread-Gruppe  1-96,text,true,,647,129,100,100,http://localhost:7000/randomRequest,1615,0,0
1676157900542,1717,HTTP Request,200,,Thread-Gruppe  1-47,text,true,,537,129,100,100,http://localhost:7000/randomRequest,1717,0,0
1676157901045,1230,HTTP Request,200,,Thread-Gruppe  1-78,text,true,,481,129,100,100,http://localhost:7000/randomRequest,1230,0,0
1676157901073,1202,HTTP Request,200,,Thread-Gruppe  1-100,text,true,,647,129,100,100,http://localhost:7000/randomRequest,1202,0,0
1676157900935,1340,HTTP Request,200,,Thread-Gruppe  1-95,text,true,,419,129,100,100,http://localhost:7000/randomRequest,1340,0,1
1676157900256,2019,HTTP Request,200,,Thread-Gruppe  1-49,text,true,,541,129,100,100,http://localhost:7000/randomRequest,2019,0,0
1676157901357,918,HTTP Request,200,,Thread-Gruppe  1-86,text,true,,559,129,100,100,http://localhost:7000/randomRequest,918,0,1
1676157901349,931,HTTP Request,200,,Thread-Gruppe  1-64,text,true,,415,129,100,100,http://localhost:7000/randomRequest,931,0,1
1676157901155,1125,HTTP Request,200,,Thread-Gruppe  1-44,text,true,,418,129,100,100,http://localhost:7000/randomRequest,1125,0,1
1676157900742,1538,HTTP Request,200,,Thread-Gruppe  1-15,text,true,,403,129,100,100,http://localhost:7000/randomRequest,1538,0,0
1676157901045,1235,HTTP Request,200,,Thread-Gruppe  1-99,text,true,,417,129,100,100,http://localhost:7000/randomRequest,1235,0,0
1676157900611,1669,HTTP Request,200,,Thread-Gruppe  1-57,text,true,,474,129,100,100,http://localhost:7000/randomRequest,1669,0,0
1676157901265,1020,HTTP Request,200,,Thread-Gruppe  1-98,text,true,,686,129,100,100,http://localhost:7000/randomRequest,1020,0,0
1676157901060,1225,HTTP Request,200,,Thread-Gruppe  1-17,text,true,,540,129,100,100,http://localhost:7000/randomRequest,1225,0,0
1676157901073,1216,HTTP Request,200,,Thread-Gruppe  1-68,text,true,,561,129,100,100,http://localhost:7000/randomRequest,1216,0,0
1676157901273,1016,HTTP Request,200,,Thread-Gruppe  1-31,text,true,,492,129,100,100,http://localhost:7000/randomRequest,1016,0,0
1676157901016,1295,HTTP Request,200,,Thread-Gruppe  1-73,text,true,,537,129,100,100,http://localhost:7000/randomRequest,1295,0,0
1676157901390,921,HTTP Request,200,,Thread-Gruppe  1-62,text,true,,492,129,100,100,http://localhost:7000/randomRequest,921,0,1
1676157901173,1147,HTTP Request,200,,Thread-Gruppe  1-55,text,true,,417,129,100,100,http://localhost:7000/randomRequest,1147,0,0
1676157900891,1429,HTTP Request,200,,Thread-Gruppe  1-50,text,true,,403,129,100,100,http://localhost:7000/randomRequest,1429,0,0
1676157901306,1029,HTTP Request,200,,Thread-Gruppe  1-7,text,true,,478,129,100,100,http://localhost:7000/randomRequest,1029,0,0
1676157900995,1340,HTTP Request,200,,Thread-Gruppe  1-70,text,true,,490,129,100,100,http://localhost:7000/randomRequest,1340,0,0
1676157901312,1023,HTTP Request,200,,Thread-Gruppe  1-76,text,true,,553,129,100,100,http://localhost:7000/randomRequest,1023,0,0
1676157900593,1742,HTTP Request,200,,Thread-Gruppe  1-4,text,true,,488,129,100,100,http://localhost:7000/randomRequest,1742,0,0
1676157901105,1230,HTTP Request,200,,Thread-Gruppe  1-74,text,true,,418,129,100,100,http://localhost:7000/randomRequest,1230,0,1
1676157901002,1333,HTTP Request,200,,Thread-Gruppe  1-85,text,true,,485,129,100,100,http://localhost:7000/randomRequest,1333,0,0
1676157901002,1333,HTTP Request,200,,Thread-Gruppe  1-81,text,true,,492,129,100,100,http://localhost:7000/randomRequest,1333,0,0
1676157900797,1538,HTTP Request,200,,Thread-Gruppe  1-28,text,true,,492,129,100,100,http://localhost:7000/randomRequest,1538,0,0
1676157901206,1129,HTTP Request,200,,Thread-Gruppe  1-77,text,true,,478,129,100,100,http://localhost:7000/randomRequest,1129,0,1
1676157900490,1845,HTTP Request,200,,Thread-Gruppe  1-29,text,true,,492,129,100,100,http://localhost:7000/randomRequest,1845,0,0
1676157901308,1027,HTTP Request,200,,Thread-Gruppe  1-10,text,true,,419,129,100,100,http://localhost:7000/randomRequest,1027,0,0
1676157900995,1340,HTTP Request,200,,Thread-Gruppe  1-12,text,true,,485,129,100,100,http://localhost:7000/randomRequest,1340,0,0
1676157900690,1645,HTTP Request,200,,Thread-Gruppe  1-2,text,true,,492,129,100,100,http://localhost:7000/randomRequest,1645,0,0
1676157900995,1340,HTTP Request,200,,Thread-Gruppe  1-80,text,true,,492,129,100,100,http://localhost:7000/randomRequest,1340,0,0
1676157901315,1025,HTTP Request,200,,Thread-Gruppe  1-40,text,true,,556,129,100,100,http://localhost:7000/randomRequest,1025,0,0
1676157901016,1324,HTTP Request,200,,Thread-Gruppe  1-83,text,true,,492,129,100,100,http://localhost:7000/randomRequest,1324,0,0
1676157901121,1219,HTTP Request,200,,Thread-Gruppe  1-58,text,true,,419,129,100,100,http://localhost:7000/randomRequest,1219,0,0
1676157901323,1029,HTTP Request,200,,Thread-Gruppe  1-48,text,true,,488,129,100,100,http://localhost:7000/randomRequest,1029,0,0
1676157901323,1029,HTTP Request,200,,Thread-Gruppe  1-97,text,true,,565,129,100,100,http://localhost:7000/randomRequest,1029,0,0
1676157901060,1303,HTTP Request,200,,Thread-Gruppe  1-61,text,true,,541,129,100,100,http://localhost:7000/randomRequest,1303,0,0
1676157901452,929,HTTP Request,200,,Thread-Gruppe  1-69,text,true,,403,129,100,100,http://localhost:7000/randomRequest,929,0,0
1676157901045,1336,HTTP Request,200,,Thread-Gruppe  1-66,text,true,,419,129,100,100,http://localhost:7000/randomRequest,1336,0,0
1676157901350,1034,HTTP Request,200,,Thread-Gruppe  1-1,text,true,,492,129,100,100,http://localhost:7000/randomRequest,1034,0,0
1676157901041,1343,HTTP Request,200,,Thread-Gruppe  1-52,text,true,,479,129,100,100,http://localhost:7000/randomRequest,1343,0,0
1676157901349,1035,HTTP Request,200,,Thread-Gruppe  1-43,text,true,,551,129,100,100,http://localhost:7000/randomRequest,1035,0,1
1676157900970,1420,HTTP Request,200,,Thread-Gruppe  1-63,text,true,,419,129,100,100,http://localhost:7000/randomRequest,1420,0,0
1676157900995,1395,HTTP Request,200,,Thread-Gruppe  1-60,text,true,,633,129,100,100,http://localhost:7000/randomRequest,1395,0,0
1676157900842,1548,HTTP Request,200,,Thread-Gruppe  1-39,text,true,,567,129,100,100,http://localhost:7000/randomRequest,1548,0,0
1676157900970,1420,HTTP Request,200,,Thread-Gruppe  1-75,text,true,,492,129,100,100,http://localhost:7000/randomRequest,1420,0,0
1676157901246,1144,HTTP Request,200,,Thread-Gruppe  1-34,text,true,,555,129,100,100,http://localhost:7000/randomRequest,1144,0,0
1676157901161,1229,HTTP Request,200,,Thread-Gruppe  1-35,text,true,,481,129,100,100,http://localhost:7000/randomRequest,1229,0,0
1676157901470,920,HTTP Request,200,,Thread-Gruppe  1-8,text,true,,418,129,100,100,http://localhost:7000/randomRequest,920,0,0
1676157901373,1018,HTTP Request,200,,Thread-Gruppe  1-82,text,true,,492,129,100,100,http://localhost:7000/randomRequest,1018,0,1
1676157901073,1318,HTTP Request,200,,Thread-Gruppe  1-16,text,true,,418,129,100,100,http://localhost:7000/randomRequest,1318,0,0
1676157901373,1018,HTTP Request,200,,Thread-Gruppe  1-24,text,true,,492,129,100,100,http://localhost:7000/randomRequest,1018,0,1
1676157901060,1331,HTTP Request,200,,Thread-Gruppe  1-30,text,true,,492,129,100,100,http://localhost:7000/randomRequest,1331,0,0
1676157901410,1026,HTTP Request,200,,Thread-Gruppe  1-36,text,true,,489,129,100,100,http://localhost:7000/randomRequest,1026,0,0
1676157901357,1118,HTTP Request,200,,Thread-Gruppe  1-18,text,true,,555,129,100,100,http://localhost:7000/randomRequest,1118,0,1
1676157901349,1135,HTTP Request,200,,Thread-Gruppe  1-9,text,true,,564,129,100,100,http://localhost:7000/randomRequest,1135,0,1
1676157901060,1431,HTTP Request,200,,Thread-Gruppe  1-13,text,true,,481,129,100,100,http://localhost:7000/randomRequest,1431,0,0
1676157901414,1098,HTTP Request,200,,Thread-Gruppe  1-91,text,true,,633,129,100,100,http://localhost:7000/randomRequest,1098,0,0
1676157901396,1129,HTTP Request,200,,Thread-Gruppe  1-56,text,true,,403,129,100,100,http://localhost:7000/randomRequest,1129,0,0
1676157901098,1443,HTTP Request,200,,Thread-Gruppe  1-88,text,true,,562,129,100,100,http://localhost:7000/randomRequest,1443,0,0
1676157901660,929,HTTP Request,200,,Thread-Gruppe  1-5,text,true,,548,129,100,100,http://localhost:7000/randomRequest,929,0,1
1676157901040,1549,HTTP Request,200,,Thread-Gruppe  1-89,text,true,,418,129,100,100,http://localhost:7000/randomRequest,1549,0,0
1676157901507,1134,HTTP Request,200,,Thread-Gruppe  1-45,text,true,,414,129,100,100,http://localhost:7000/randomRequest,1134,0,1
1676157900611,2048,HTTP Request,200,,Thread-Gruppe  1-6,text,true,,490,129,100,100,http://localhost:7000/randomRequest,2048,0,0
1676157902275,406,HTTP Request,200,,Thread-Gruppe  1-49,text,true,,573,129,100,100,http://localhost:7000/randomRequest,406,0,0
1676157902335,411,HTTP Request,200,,Thread-Gruppe  1-28,text,true,,555,129,100,100,http://localhost:7000/randomRequest,411,0,1
1676157902230,531,HTTP Request,200,,Thread-Gruppe  1-32,text,true,,681,129,100,100,http://localhost:7000/randomRequest,531,0,1
1676157901541,1231,HTTP Request,200,,Thread-Gruppe  1-21,text,true,,569,129,100,100,http://localhost:7000/randomRequest,1231,0,0
1676157901574,1203,HTTP Request,200,,Thread-Gruppe  1-79,text,true,,537,129,100,100,http://localhost:7000/randomRequest,1203,0,0
1676157902275,511,HTTP Request,200,,Thread-Gruppe  1-78,text,true,,419,129,100,100,http://localhost:7000/randomRequest,511,0,0
1676157902275,511,HTTP Request,200,,Thread-Gruppe  1-95,text,true,,492,129,100,100,http://localhost:7000/randomRequest,511,0,0
1676157902280,513,HTTP Request,200,,Thread-Gruppe  1-15,text,true,,419,129,100,100,http://localhost:7000/randomRequest,513,0,0
1676157902177,616,HTTP Request,200,,Thread-Gruppe  1-67,text,true,,555,129,100,100,http://localhost:7000/randomRequest,616,0,1
1676157902280,513,HTTP Request,200,,Thread-Gruppe  1-99,text,true,,485,129,100,100,http://localhost:7000/randomRequest,513,0,0
1676157902181,615,HTTP Request,200,,Thread-Gruppe  1-20,text,true,,558,129,100,100,http://localhost:7000/randomRequest,615,0,0
1676157902290,507,HTTP Request,200,,Thread-Gruppe  1-31,text,true,,417,129,100,100,http://localhost:7000/randomRequest,507,0,0
1676157900900,1921,HTTP Request,200,,Thread-Gruppe  1-87,text,true,,541,129,100,100,http://localhost:7000/randomRequest,1921,0,0
1676157902311,519,HTTP Request,200,,Thread-Gruppe  1-62,text,true,,492,129,100,100,http://localhost:7000/randomRequest,519,0,0
1676157901602,1228,HTTP Request,200,,Thread-Gruppe  1-92,text,true,,492,129,100,100,http://localhost:7000/randomRequest,1228,0,0
1676157901507,1344,HTTP Request,200,,Thread-Gruppe  1-46,text,true,,556,129,100,100,http://localhost:7000/randomRequest,1344,0,1
1676157902336,515,HTTP Request,200,,Thread-Gruppe  1-29,text,true,,489,129,100,100,http://localhost:7000/randomRequest,515,0,0
1676157902250,613,HTTP Request,200,,Thread-Gruppe  1-25,text,true,,549,129,100,100,http://localhost:7000/randomRequest,613,0,1
1676157901474,1400,HTTP Request,200,,Thread-Gruppe  1-11,text,true,,541,129,100,100,http://localhost:7000/randomRequest,1400,0,0
1676157902363,517,HTTP Request,200,,Thread-Gruppe  1-61,text,true,,419,129,100,100,http://localhost:7000/randomRequest,517,0,0
1676157901660,1220,HTTP Request,200,,Thread-Gruppe  1-94,text,true,,4562,129,100,100,http://localhost:7000/randomRequest,1220,0,1
1676157902590,305,HTTP Request,200,,Thread-Gruppe  1-89,text,true,,418,129,100,100,http://localhost:7000/randomRequest,305,0,0
1676157901574,1324,HTTP Request,200,,Thread-Gruppe  1-71,text,true,,419,129,100,100,http://localhost:7000/randomRequest,1324,0,0
1676157901671,1227,HTTP Request,200,,Thread-Gruppe  1-38,text,true,,488,129,100,100,http://localhost:7000/randomRequest,1227,0,1
1676157902280,618,HTTP Request,200,,Thread-Gruppe  1-44,text,true,,492,129,100,100,http://localhost:7000/randomRequest,618,0,0
1676157902384,514,HTTP Request,200,,Thread-Gruppe  1-1,text,true,,548,129,100,100,http://localhost:7000/randomRequest,514,0,0
1676157902391,511,HTTP Request,200,,Thread-Gruppe  1-16,text,true,,417,129,100,100,http://localhost:7000/randomRequest,511,0,0
1676157902219,712,HTTP Request,200,,Thread-Gruppe  1-27,text,true,,488,129,100,100,http://localhost:7000/randomRequest,712,0,0
1676157902336,616,HTTP Request,200,,Thread-Gruppe  1-10,text,true,,548,129,100,100,http://localhost:7000/randomRequest,616,0,0
1676157902335,617,HTTP Request,200,,Thread-Gruppe  1-81,text,true,,415,129,100,100,http://localhost:7000/randomRequest,617,0,1
1676157902335,617,HTTP Request,200,,Thread-Gruppe  1-74,text,true,,492,129,100,100,http://localhost:7000/randomRequest,617,0,1
1676157902340,615,HTTP Request,200,,Thread-Gruppe  1-40,text,true,,492,129,100,100,http://localhost:7000/randomRequest,615,0,0
1676157902475,515,HTTP Request,200,,Thread-Gruppe  1-18,text,true,,419,129,100,100,http://localhost:7000/randomRequest,515,0,1
1676157902384,616,HTTP Request,200,,Thread-Gruppe  1-52,text,true,,548,129,100,100,http://localhost:7000/randomRequest,616,0,0
1676157902320,715,HTTP Request,200,,Thread-Gruppe  1-50,text,true,,489,129,100,100,http://localhost:7000/randomRequest,715,0,1
1676157902336,713,HTTP Request,200,,Thread-Gruppe  1-80,text,true,,492,129,100,100,http://localhost:7000/randomRequest,713,0,0
1676157902336,719,HTTP Request,200,,Thread-Gruppe  1-12,text,true,,488,129,100,100,http://localhost:7000/randomRequest,719,0,0
1676157902340,719,HTTP Request,200,,Thread-Gruppe  1-58,text,true,,482,129,100,100,http://localhost:7000/randomRequest,719,0,0
1676157902761,303,HTTP Request,200,,Thread-Gruppe  1-32,text,true,,537,129,100,100,http://localhost:7000/randomRequest,303,0,1
1676157902352,712,HTTP Request,200,,Thread-Gruppe  1-97,text,true,,567,129,100,100,http://localhost:7000/randomRequest,712,0,0
1676157902257,807,HTTP Request,200,,Thread-Gruppe  1-96,text,true,,488,129,100,100,http://localhost:7000/randomRequest,807,0,1
1676157902275,816,HTTP Request,200,,Thread-Gruppe  1-86,text,true,,416,129,100,100,http://localhost:7000/randomRequest,816,0,0
1676157902381,721,HTTP Request,200,,Thread-Gruppe  1-66,text,true,,485,129,100,100,http://localhost:7000/randomRequest,721,0,1
1676157902290,817,HTTP Request,200,,Thread-Gruppe  1-68,text,true,,490,129,100,100,http://localhost:7000/randomRequest,817,0,0
1676157902390,717,HTTP Request,200,,Thread-Gruppe  1-35,text,true,,403,129,100,100,http://localhost:7000/randomRequest,717,0,1
1676157901410,1718,HTTP Request,200,,Thread-Gruppe  1-54,text,true,,527,129,100,100,http://localhost:7000/randomRequest,1718,0,0
1676157902525,620,HTTP Request,200,,Thread-Gruppe  1-56,text,true,,419,129,100,100,http://localhost:7000/randomRequest,620,0,1
1676157902336,819,HTTP Request,200,,Thread-Gruppe  1-2,text,true,,490,129,100,100,http://localhost:7000/randomRequest,819,0,0
1676157902335,820,HTTP Request,200,,Thread-Gruppe  1-70,text,true,,485,129,100,100,http://localhost:7000/randomRequest,820,0,1
1676157902335,820,HTTP Request,200,,Thread-Gruppe  1-7,text,true,,419,129,100,100,http://localhost:7000/randomRequest,820,0,1
1676157902437,718,HTTP Request,200,,Thread-Gruppe  1-36,text,true,,481,129,100,100,http://localhost:7000/randomRequest,718,0,0
1676157902340,819,HTTP Request,200,,Thread-Gruppe  1-83,text,true,,419,129,100,100,http://localhost:7000/randomRequest,819,0,0
1676157902259,926,HTTP Request,200,,Thread-Gruppe  1-47,text,true,,485,129,100,100,http://localhost:7000/randomRequest,926,0,1
1676157902280,927,HTTP Request,200,,Thread-Gruppe  1-57,text,true,,492,129,100,100,http://localhost:7000/randomRequest,927,0,0
1676157902391,816,HTTP Request,200,,Thread-Gruppe  1-24,text,true,,419,129,100,100,http://localhost:7000/randomRequest,816,0,0
1676157902797,414,HTTP Request,200,,Thread-Gruppe  1-31,text,true,,419,129,100,100,http://localhost:7000/randomRequest,414,0,0
1676157902390,821,HTTP Request,200,,Thread-Gruppe  1-60,text,true,,418,129,100,100,http://localhost:7000/randomRequest,821,0,1
1676157902793,418,HTTP Request,200,,Thread-Gruppe  1-15,text,true,,418,129,100,100,http://localhost:7000/randomRequest,418,0,1
1676157902786,427,HTTP Request,200,,Thread-Gruppe  1-78,text,true,,474,129,100,100,http://localhost:7000/randomRequest,427,0,0
1676157902335,893,HTTP Request,200,,Thread-Gruppe  1-85,text,true,,641,129,100,100,http://localhost:7000/randomRequest,893,0,1
1676157902390,838,HTTP Request,200,,Thread-Gruppe  1-8,text,true,,417,129,100,100,http://localhost:7000/randomRequest,838,0,1
1676157902821,407,HTTP Request,200,,Thread-Gruppe  1-87,text,true,,492,129,100,100,http://localhost:7000/randomRequest,407,0,0
1676157902746,519,HTTP Request,200,,Thread-Gruppe  1-28,text,true,,418,129,100,100,http://localhost:7000/randomRequest,518,0,0
1676157902778,514,HTTP Request,200,,Thread-Gruppe  1-79,text,true,,541,129,100,100,http://localhost:7000/randomRequest,514,0,0
1676157902895,412,HTTP Request,200,,Thread-Gruppe  1-89,text,true,,419,129,100,100,http://localhost:7000/randomRequest,412,0,1
1676157902491,820,HTTP Request,200,,Thread-Gruppe  1-13,text,true,,490,129,100,100,http://localhost:7000/randomRequest,820,0,1
1676157902390,921,HTTP Request,200,,Thread-Gruppe  1-39,text,true,,538,129,100,100,http://localhost:7000/randomRequest,921,0,1
1676157902390,921,HTTP Request,200,,Thread-Gruppe  1-75,text,true,,541,129,100,100,http://localhost:7000/randomRequest,921,0,1
1676157902641,722,HTTP Request,200,,Thread-Gruppe  1-45,text,true,,492,129,100,100,http://localhost:7000/randomRequest,722,0,1
1676157902863,515,HTTP Request,200,,Thread-Gruppe  1-25,text,true,,485,129,100,100,http://localhost:7000/randomRequest,514,0,0
1676157902390,1002,HTTP Request,200,,Thread-Gruppe  1-63,text,true,,647,129,100,100,http://localhost:7000/randomRequest,1002,0,1
1676157901674,1718,HTTP Request,200,,Thread-Gruppe  1-42,text,true,,537,129,100,100,http://localhost:7000/randomRequest,1718,0,1
1676157902391,1020,HTTP Request,200,,Thread-Gruppe  1-82,text,true,,490,129,100,100,http://localhost:7000/randomRequest,1020,0,0
1676157902484,927,HTTP Request,200,,Thread-Gruppe  1-9,text,true,,492,129,100,100,http://localhost:7000/randomRequest,927,0,1
1676157902830,616,HTTP Request,200,,Thread-Gruppe  1-92,text,true,,402,129,100,100,http://localhost:7000/randomRequest,616,0,1
1676157902335,1125,HTTP Request,200,,Thread-Gruppe  1-76,text,true,,564,129,100,100,http://localhost:7000/randomRequest,1125,0,1
1676157902851,621,HTTP Request,200,,Thread-Gruppe  1-46,text,true,,544,129,100,100,http://localhost:7000/randomRequest,620,0,0
1676157902335,1139,HTTP Request,200,,Thread-Gruppe  1-4,text,true,,474,129,100,100,http://localhost:7000/randomRequest,1139,0,1
1676157902352,1122,HTTP Request,200,,Thread-Gruppe  1-48,text,true,,557,129,100,100,http://localhost:7000/randomRequest,1122,0,0
1676157902772,724,HTTP Request,200,,Thread-Gruppe  1-21,text,true,,418,129,100,100,http://localhost:7000/randomRequest,724,0,1
1676157902384,1112,HTTP Request,200,,Thread-Gruppe  1-43,text,true,,647,129,100,100,http://localhost:7000/randomRequest,1112,0,0
1676157903091,405,HTTP Request,200,,Thread-Gruppe  1-86,text,true,,492,129,100,100,http://localhost:7000/randomRequest,405,0,1
1676157902880,616,HTTP Request,200,,Thread-Gruppe  1-94,text,true,,561,129,100,100,http://localhost:7000/randomRequest,616,0,1
1676157903102,410,HTTP Request,200,,Thread-Gruppe  1-66,text,true,,417,129,100,100,http://localhost:7000/randomRequest,410,0,0
1676157902793,719,HTTP Request,200,,Thread-Gruppe  1-67,text,true,,488,129,100,100,http://localhost:7000/randomRequest,719,0,1
1676157902796,716,HTTP Request,200,,Thread-Gruppe  1-20,text,true,,553,129,100,100,http://localhost:7000/randomRequest,716,0,1
1676157902898,614,HTTP Request,200,,Thread-Gruppe  1-71,text,true,,492,129,100,100,http://localhost:7000/randomRequest,614,0,0
1676157902391,1121,HTTP Request,200,,Thread-Gruppe  1-30,text,true,,419,129,100,100,http://localhost:7000/randomRequest,1121,0,0
1676157903108,411,HTTP Request,200,,Thread-Gruppe  1-35,text,true,,419,129,100,100,http://localhost:7000/randomRequest,411,0,0
1676157902931,615,HTTP Request,200,,Thread-Gruppe  1-27,text,true,,419,129,100,100,http://localhost:7000/randomRequest,615,0,0
1676157902952,612,HTTP Request,200,,Thread-Gruppe  1-74,text,true,,560,129,100,100,http://localhost:7000/randomRequest,612,0,1
1676157902952,612,HTTP Request,200,,Thread-Gruppe  1-10,text,true,,556,129,100,100,http://localhost:7000/randomRequest,612,0,1
1676157902335,1229,HTTP Request,200,,Thread-Gruppe  1-77,text,true,,485,129,100,100,http://localhost:7000/randomRequest,1229,0,1
1676157902851,725,HTTP Request,200,,Thread-Gruppe  1-29,text,true,,558,129,100,100,http://localhost:7000/randomRequest,725,0,0
1676157902280,1296,HTTP Request,200,,Thread-Gruppe  1-64,text,true,,633,129,100,100,http://localhost:7000/randomRequest,1296,0,0
1676157902659,917,HTTP Request,200,,Thread-Gruppe  1-6,text,true,,481,129,100,100,http://localhost:7000/randomRequest,917,0,1
1676157902682,918,HTTP Request,200,,Thread-Gruppe  1-49,text,true,,415,129,100,100,http://localhost:7000/randomRequest,918,0,0
1676157902786,814,HTTP Request,200,,Thread-Gruppe  1-95,text,true,,485,129,100,100,http://localhost:7000/randomRequest,814,0,0
1676157902875,725,HTTP Request,200,,Thread-Gruppe  1-11,text,true,,558,129,100,100,http://localhost:7000/randomRequest,725,0,0
1676157902590,1024,HTTP Request,200,,Thread-Gruppe  1-5,text,true,,553,129,100,100,http://localhost:7000/randomRequest,1024,0,0
1676157902285,1345,HTTP Request,200,,Thread-Gruppe  1-17,text,true,,525,129,100,100,http://localhost:7000/randomRequest,1345,0,0
1676157903049,616,HTTP Request,200,,Thread-Gruppe  1-80,text,true,,419,129,100,100,http://localhost:7000/randomRequest,616,0,0
1676157903055,613,HTTP Request,200,,Thread-Gruppe  1-12,text,true,,419,129,100,100,http://localhost:7000/randomRequest,613,0,0
1676157903059,617,HTTP Request,200,,Thread-Gruppe  1-58,text,true,,489,129,100,100,http://localhost:7000/randomRequest,617,0,0
1676157903207,512,HTTP Request,200,,Thread-Gruppe  1-24,text,true,,403,129,100,100,http://localhost:7000/randomRequest,512,0,1
1676157903228,514,HTTP Request,200,,Thread-Gruppe  1-85,text,true,,485,129,100,100,http://localhost:7000/randomRequest,514,0,1
1676157903035,711,HTTP Request,200,,Thread-Gruppe  1-50,text,true,,481,129,100,100,http://localhost:7000/randomRequest,711,0,0
1676157903156,613,HTTP Request,200,,Thread-Gruppe  1-7,text,true,,492,129,100,100,http://localhost:7000/randomRequest,613,0,0
1676157902830,946,HTTP Request,200,,Thread-Gruppe  1-62,text,true,,663,129,100,100,http://localhost:7000/randomRequest,946,0,0
1676157902320,1456,HTTP Request,200,,Thread-Gruppe  1-55,text,true,,539,129,100,100,http://localhost:7000/randomRequest,1456,0,1
1676157902990,815,HTTP Request,200,,Thread-Gruppe  1-18,text,true,,492,129,100,100,http://localhost:7000/randomRequest,815,0,1
1676157902902,923,HTTP Request,200,,Thread-Gruppe  1-16,text,true,,401,129,100,100,http://localhost:7000/randomRequest,923,0,0
1676157902952,884,HTTP Request,200,,Thread-Gruppe  1-81,text,true,,647,129,100,100,http://localhost:7000/randomRequest,884,0,1
1676157903128,714,HTTP Request,200,,Thread-Gruppe  1-54,text,true,,403,129,100,100,http://localhost:7000/randomRequest,714,0,0
1676157902793,1112,HTTP Request,200,,Thread-Gruppe  1-99,text,true,,641,129,100,100,http://localhost:7000/randomRequest,1112,0,1
1676157902311,1612,HTTP Request,200,,Thread-Gruppe  1-73,text,true,,527,129,100,100,http://localhost:7000/randomRequest,1612,0,0
1676157903311,612,HTTP Request,200,,Thread-Gruppe  1-39,text,true,,419,129,100,100,http://localhost:7000/randomRequest,612,0,1
1676157902512,1411,HTTP Request,200,,Thread-Gruppe  1-91,text,true,,537,129,100,100,http://localhost:7000/randomRequest,1411,0,0
1676157902275,1648,HTTP Request,200,,Thread-Gruppe  1-100,text,true,,526,129,100,100,http://localhost:7000/randomRequest,1648,0,0
1676157902285,1641,HTTP Request,200,,Thread-Gruppe  1-98,text,true,,541,129,100,100,http://localhost:7000/randomRequest,1641,0,0
1676157903211,715,HTTP Request,200,,Thread-Gruppe  1-15,text,true,,417,129,100,100,http://localhost:7000/randomRequest,715,0,0
1676157903513,413,HTTP Request,200,,Thread-Gruppe  1-20,text,true,,418,129,100,100,http://localhost:7000/randomRequest,413,0,0
1676157903519,407,HTTP Request,200,,Thread-Gruppe  1-35,text,true,,419,129,100,100,http://localhost:7000/randomRequest,407,0,0
1676157902381,1560,HTTP Request,200,,Thread-Gruppe  1-69,text,true,,417,129,100,100,http://localhost:7000/randomRequest,1560,0,1
1676157903311,634,HTTP Request,200,,Thread-Gruppe  1-13,text,true,,417,129,100,100,http://localhost:7000/randomRequest,634,0,1
1676157903228,717,HTTP Request,200,,Thread-Gruppe  1-87,text,true,,558,129,100,100,http://localhost:7000/randomRequest,717,0,1
1676157903145,816,HTTP Request,200,,Thread-Gruppe  1-56,text,true,,492,129,100,100,http://localhost:7000/randomRequest,816,0,0
1676157903156,815,HTTP Request,200,,Thread-Gruppe  1-36,text,true,,489,129,100,100,http://localhost:7000/randomRequest,815,0,0
1676157903064,917,HTTP Request,200,,Thread-Gruppe  1-97,text,true,,492,129,100,100,http://localhost:7000/randomRequest,917,0,0
1676157903159,830,HTTP Request,200,,Thread-Gruppe  1-83,text,true,,417,129,100,100,http://localhost:7000/randomRequest,830,0,0
1676157903108,881,HTTP Request,200,,Thread-Gruppe  1-68,text,true,,647,129,100,100,http://localhost:7000/randomRequest,881,0,0
1676157903564,428,HTTP Request,200,,Thread-Gruppe  1-10,text,true,,556,129,100,100,http://localhost:7000/randomRequest,428,0,0
1676157903378,614,HTTP Request,200,,Thread-Gruppe  1-25,text,true,,419,129,100,100,http://localhost:7000/randomRequest,614,0,0
1676157902390,1619,HTTP Request,200,,Thread-Gruppe  1-34,text,true,,541,129,100,100,http://localhost:7000/randomRequest,1619,0,1
1676157903496,515,HTTP Request,200,,Thread-Gruppe  1-21,text,true,,542,129,100,100,http://localhost:7000/randomRequest,515,0,0
1676157903211,819,HTTP Request,200,,Thread-Gruppe  1-60,text,true,,419,129,100,100,http://localhost:7000/randomRequest,819,0,0
1676157903308,722,HTTP Request,200,,Thread-Gruppe  1-89,text,true,,419,129,100,100,http://localhost:7000/randomRequest,722,0,0
1676157903213,829,HTTP Request,200,,Thread-Gruppe  1-78,text,true,,414,129,100,100,http://localhost:7000/randomRequest,828,0,0
1676157902541,1504,HTTP Request,200,,Thread-Gruppe  1-88,text,true,,540,129,100,100,http://localhost:7000/randomRequest,1504,0,1
1676157902240,1816,HTTP Request,200,,Thread-Gruppe  1-26,text,true,,541,129,100,100,http://localhost:7000/randomRequest,1816,0,0
1676157903564,508,HTTP Request,200,,Thread-Gruppe  1-77,text,true,,555,129,100,100,http://localhost:7000/randomRequest,508,0,0
1676157903668,404,HTTP Request,200,,Thread-Gruppe  1-12,text,true,,416,129,100,100,http://localhost:7000/randomRequest,404,0,1
1676157903363,714,HTTP Request,200,,Thread-Gruppe  1-45,text,true,,418,129,100,100,http://localhost:7000/randomRequest,714,0,0
1676157903475,606,HTTP Request,200,,Thread-Gruppe  1-4,text,true,,419,129,100,100,http://localhost:7000/randomRequest,606,0,0
1676157902898,1197,HTTP Request,200,,Thread-Gruppe  1-1,text,true,,540,129,100,100,http://localhost:7000/randomRequest,1197,0,0
1676157903064,1045,HTTP Request,200,,Thread-Gruppe  1-96,text,true,,575,129,100,100,http://localhost:7000/randomRequest,1045,0,0
1676157902898,1211,HTTP Request,200,,Thread-Gruppe  1-38,text,true,,647,129,100,100,http://localhost:7000/randomRequest,1211,0,0
1676157902898,1212,HTTP Request,200,,Thread-Gruppe  1-44,text,true,,643,129,100,100,http://localhost:7000/randomRequest,1212,0,0
1676157903292,818,HTTP Request,200,,Thread-Gruppe  1-79,text,true,,418,129,100,100,http://localhost:7000/randomRequest,818,0,0
1676157903496,615,HTTP Request,200,,Thread-Gruppe  1-86,text,true,,419,129,100,100,http://localhost:7000/randomRequest,615,0,0
1676157903411,719,HTTP Request,200,,Thread-Gruppe  1-82,text,true,,488,129,100,100,http://localhost:7000/randomRequest,719,0,1
1676157903311,819,HTTP Request,200,,Thread-Gruppe  1-75,text,true,,558,129,100,100,http://localhost:7000/randomRequest,819,0,1
1676157903411,719,HTTP Request,200,,Thread-Gruppe  1-9,text,true,,418,129,100,100,http://localhost:7000/randomRequest,719,0,0
1676157903207,923,HTTP Request,200,,Thread-Gruppe  1-57,text,true,,492,129,100,100,http://localhost:7000/randomRequest,923,0,1
1676157903156,1016,HTTP Request,200,,Thread-Gruppe  1-70,text,true,,492,129,100,100,http://localhost:7000/randomRequest,1016,0,0
1676157903156,1017,HTTP Request,200,,Thread-Gruppe  1-2,text,true,,488,129,100,100,http://localhost:7000/randomRequest,1017,0,0
1676157903265,917,HTTP Request,200,,Thread-Gruppe  1-28,text,true,,492,129,100,100,http://localhost:7000/randomRequest,917,0,0
1676157903576,607,HTTP Request,200,,Thread-Gruppe  1-6,text,true,,415,129,100,100,http://localhost:7000/randomRequest,607,0,0
1676157903472,712,HTTP Request,200,,Thread-Gruppe  1-46,text,true,,492,129,100,100,http://localhost:7000/randomRequest,712,0,0
1676157902880,1330,HTTP Request,200,,Thread-Gruppe  1-61,text,true,,492,129,100,100,http://localhost:7000/randomRequest,1330,0,1
1676157903496,715,HTTP Request,200,,Thread-Gruppe  1-94,text,true,,419,129,100,100,http://localhost:7000/randomRequest,715,0,0
1676157903600,616,HTTP Request,200,,Thread-Gruppe  1-49,text,true,,490,129,100,100,http://localhost:7000/randomRequest,616,0,0
1676157903600,616,HTTP Request,200,,Thread-Gruppe  1-95,text,true,,560,129,100,100,http://localhost:7000/randomRequest,616,0,0
1676157903000,1231,HTTP Request,200,,Thread-Gruppe  1-52,text,true,,492,129,100,100,http://localhost:7000/randomRequest,1231,0,0
1676157903513,722,HTTP Request,200,,Thread-Gruppe  1-67,text,true,,492,129,100,100,http://localhost:7000/randomRequest,722,0,0
1676157903825,410,HTTP Request,200,,Thread-Gruppe  1-16,text,true,,419,129,100,100,http://localhost:7000/randomRequest,410,0,1
1676157903512,723,HTTP Request,200,,Thread-Gruppe  1-66,text,true,,486,129,100,100,http://localhost:7000/randomRequest,723,0,0
1676157902955,1294,HTTP Request,200,,Thread-Gruppe  1-40,text,true,,631,129,100,100,http://localhost:7000/randomRequest,1294,0,0
1676157903630,620,HTTP Request,200,,Thread-Gruppe  1-17,text,true,,548,129,100,100,http://localhost:7000/randomRequest,620,0,0
1676157903576,708,HTTP Request,200,,Thread-Gruppe  1-64,text,true,,492,129,100,100,http://localhost:7000/randomRequest,708,0,0
1676157903228,1125,HTTP Request,200,,Thread-Gruppe  1-8,text,true,,419,129,100,100,http://localhost:7000/randomRequest,1125,0,1
1676157903392,986,HTTP Request,200,,Thread-Gruppe  1-42,text,true,,643,129,100,100,http://localhost:7000/randomRequest,986,0,0
1676157903777,607,HTTP Request,200,,Thread-Gruppe  1-62,text,true,,419,129,100,100,http://localhost:7000/randomRequest,607,0,0
1676157903992,405,HTTP Request,200,,Thread-Gruppe  1-25,text,true,,419,129,100,100,http://localhost:7000/randomRequest,405,0,0
1676157903392,1020,HTTP Request,200,,Thread-Gruppe  1-63,text,true,,559,129,100,100,http://localhost:7000/randomRequest,1020,0,0
1676157903496,927,HTTP Request,200,,Thread-Gruppe  1-43,text,true,,490,129,100,100,http://localhost:7000/randomRequest,927,0,0
1676157904030,413,HTTP Request,200,,Thread-Gruppe  1-89,text,true,,481,129,100,100,http://localhost:7000/randomRequest,413,0,0
1676157903923,520,HTTP Request,200,,Thread-Gruppe  1-39,text,true,,490,129,100,100,http://localhost:7000/randomRequest,520,0,1
1676157903923,520,HTTP Request,200,,Thread-Gruppe  1-73,text,true,,419,129,100,100,http://localhost:7000/randomRequest,520,0,1
1676157903185,1304,HTTP Request,200,,Thread-Gruppe  1-47,text,true,,633,129,100,100,http://localhost:7000/randomRequest,1304,0,0
1676157903777,712,HTTP Request,200,,Thread-Gruppe  1-55,text,true,,550,129,100,100,http://localhost:7000/randomRequest,712,0,0
1676157904081,414,HTTP Request,200,,Thread-Gruppe  1-4,text,true,,418,129,100,100,http://localhost:7000/randomRequest,414,0,1
1676157903923,617,HTTP Request,200,,Thread-Gruppe  1-91,text,true,,486,129,100,100,http://localhost:7000/randomRequest,617,0,1
1676157903926,620,HTTP Request,200,,Thread-Gruppe  1-20,text,true,,562,129,100,100,http://localhost:7000/randomRequest,620,0,1
1676157903513,1033,HTTP Request,200,,Thread-Gruppe  1-30,text,true,,538,129,100,100,http://localhost:7000/randomRequest,1033,0,0
1676157903805,741,HTTP Request,200,,Thread-Gruppe  1-18,text,true,,669,129,100,100,http://localhost:7000/randomRequest,741,0,0
1676157903945,616,HTTP Request,200,,Thread-Gruppe  1-13,text,true,,419,129,100,100,http://localhost:7000/randomRequest,616,0,1
1676157903747,814,HTTP Request,200,,Thread-Gruppe  1-50,text,true,,490,129,100,100,http://localhost:7000/randomRequest,814,0,0
1676157903842,719,HTTP Request,200,,Thread-Gruppe  1-54,text,true,,866,129,100,100,http://localhost:7000/randomRequest,719,0,0
1676157903475,1104,HTTP Request,200,,Thread-Gruppe  1-48,text,true,,491,129,100,100,http://localhost:7000/randomRequest,1104,0,0
1676157904173,412,HTTP Request,200,,Thread-Gruppe  1-2,text,true,,553,129,100,100,http://localhost:7000/randomRequest,412,0,1
1676157903600,992,HTTP Request,200,,Thread-Gruppe  1-11,text,true,,481,129,100,100,http://localhost:7000/randomRequest,992,0,0
1676157903676,924,HTTP Request,200,,Thread-Gruppe  1-58,text,true,,485,129,100,100,http://localhost:7000/randomRequest,924,0,1
1676157903211,1401,HTTP Request,200,,Thread-Gruppe  1-31,text,true,,537,129,100,100,http://localhost:7000/randomRequest,1401,0,0
1676157903905,718,HTTP Request,200,,Thread-Gruppe  1-99,text,true,,555,129,100,100,http://localhost:7000/randomRequest,718,0,1
1676157904216,410,HTTP Request,200,,Thread-Gruppe  1-95,text,true,,561,129,100,100,http://localhost:7000/randomRequest,410,0,0
1676157903837,826,HTTP Request,200,,Thread-Gruppe  1-81,text,true,,418,129,100,100,http://localhost:7000/randomRequest,826,0,0
1676157904249,414,HTTP Request,200,,Thread-Gruppe  1-40,text,true,,492,129,100,100,http://localhost:7000/randomRequest,414,0,0
1676157903769,894,HTTP Request,200,,Thread-Gruppe  1-7,text,true,,527,129,100,100,http://localhost:7000/randomRequest,894,0,0
1676157903666,1024,HTTP Request,200,,Thread-Gruppe  1-80,text,true,,403,129,100,100,http://localhost:7000/randomRequest,1023,0,0
1676157904184,518,HTTP Request,200,,Thread-Gruppe  1-46,text,true,,419,129,100,100,http://localhost:7000/randomRequest,518,0,1
1676157903992,713,HTTP Request,200,,Thread-Gruppe  1-10,text,true,,558,129,100,100,http://localhost:7000/randomRequest,713,0,0
1676157903990,719,HTTP Request,200,,Thread-Gruppe  1-68,text,true,,492,129,100,100,http://localhost:7000/randomRequest,719,0,0
1676157904009,711,HTTP Request,200,,Thread-Gruppe  1-34,text,true,,418,129,100,100,http://localhost:7000/randomRequest,711,0,0
1676157904011,719,HTTP Request,200,,Thread-Gruppe  1-21,text,true,,417,129,100,100,http://localhost:7000/randomRequest,719,0,0
1676157904030,718,HTTP Request,200,,Thread-Gruppe  1-60,text,true,,485,129,100,100,http://localhost:7000/randomRequest,718,0,0
1676157903446,1302,HTTP Request,200,,Thread-Gruppe  1-92,text,true,,541,129,100,100,http://localhost:7000/randomRequest,1302,0,0
1676157903926,822,HTTP Request,200,,Thread-Gruppe  1-15,text,true,,492,129,100,100,http://localhost:7000/randomRequest,822,0,1
1676157903064,1700,HTTP Request,200,,Thread-Gruppe  1-32,text,true,,540,129,100,100,http://localhost:7000/randomRequest,1700,0,0
1676157903926,838,HTTP Request,200,,Thread-Gruppe  1-98,text,true,,551,129,100,100,http://localhost:7000/randomRequest,838,0,1
1676157903945,819,HTTP Request,200,,Thread-Gruppe  1-87,text,true,,711,129,100,100,http://localhost:7000/randomRequest,819,0,1
1676157903564,1229,HTTP Request,200,,Thread-Gruppe  1-74,text,true,,485,129,100,100,http://localhost:7000/randomRequest,1229,0,0
1676157904211,614,HTTP Request,200,,Thread-Gruppe  1-94,text,true,,419,129,100,100,http://localhost:7000/randomRequest,614,0,1
1676157904235,617,HTTP Request,200,,Thread-Gruppe  1-16,text,true,,552,129,100,100,http://localhost:7000/randomRequest,617,0,1
1676157903923,929,HTTP Request,200,,Thread-Gruppe  1-100,text,true,,492,129,100,100,http://localhost:7000/randomRequest,929,0,1
1676157903742,1127,HTTP Request,200,,Thread-Gruppe  1-85,text,true,,403,129,100,100,http://localhost:7000/randomRequest,1127,0,0
1676157903576,1304,HTTP Request,200,,Thread-Gruppe  1-29,text,true,,527,129,100,100,http://localhost:7000/randomRequest,1304,0,0
1676157904379,518,HTTP Request,200,,Thread-Gruppe  1-42,text,true,,419,129,100,100,http://localhost:7000/randomRequest,518,0,0
1676157904182,715,HTTP Request,200,,Thread-Gruppe  1-28,text,true,,563,129,100,100,http://localhost:7000/randomRequest,715,0,0
1676157904072,825,HTTP Request,200,,Thread-Gruppe  1-12,text,true,,485,129,100,100,http://localhost:7000/randomRequest,825,0,0
1676157904284,619,HTTP Request,200,,Thread-Gruppe  1-64,text,true,,550,129,100,100,http://localhost:7000/randomRequest,619,0,0
1676157904495,408,HTTP Request,200,,Thread-Gruppe  1-4,text,true,,556,129,100,100,http://localhost:7000/randomRequest,408,0,0
1676157904096,822,HTTP Request,200,,Thread-Gruppe  1-1,text,true,,415,129,100,100,http://localhost:7000/randomRequest,822,0,0
1676157904110,820,HTTP Request,200,,Thread-Gruppe  1-79,text,true,,492,129,100,100,http://localhost:7000/randomRequest,820,0,0
1676157904423,507,HTTP Request,200,,Thread-Gruppe  1-43,text,true,,419,129,100,100,http://localhost:7000/randomRequest,507,0,0
1676157904131,824,HTTP Request,200,,Thread-Gruppe  1-75,text,true,,488,129,100,100,http://localhost:7000/randomRequest,824,0,0
1676157903719,1236,HTTP Request,200,,Thread-Gruppe  1-24,text,true,,490,129,100,100,http://localhost:7000/randomRequest,1236,0,0
1676157904131,824,HTTP Request,200,,Thread-Gruppe  1-57,text,true,,402,129,100,100,http://localhost:7000/randomRequest,824,0,0
1676157904540,415,HTTP Request,200,,Thread-Gruppe  1-91,text,true,,485,129,100,100,http://localhost:7000/randomRequest,415,0,0
1676157903461,1494,HTTP Request,200,,Thread-Gruppe  1-76,text,true,,541,129,100,100,http://localhost:7000/randomRequest,1494,0,0
1676157904232,737,HTTP Request,200,,Thread-Gruppe  1-52,text,true,,417,129,100,100,http://localhost:7000/randomRequest,737,0,0
1676157903547,1437,HTTP Request,200,,Thread-Gruppe  1-27,text,true,,490,129,100,100,http://localhost:7000/randomRequest,1437,0,0
1676157904490,512,HTTP Request,200,,Thread-Gruppe  1-47,text,true,,419,129,100,100,http://localhost:7000/randomRequest,512,0,0
1676157903513,1497,HTTP Request,200,,Thread-Gruppe  1-71,text,true,,535,129,100,100,http://localhost:7000/randomRequest,1497,0,0
1676157904210,820,HTTP Request,200,,Thread-Gruppe  1-61,text,true,,492,129,100,100,http://localhost:7000/randomRequest,820,0,0
1676157904216,814,HTTP Request,200,,Thread-Gruppe  1-49,text,true,,545,129,100,100,http://localhost:7000/randomRequest,814,0,0
1676157904443,617,HTTP Request,200,,Thread-Gruppe  1-39,text,true,,479,129,100,100,http://localhost:7000/randomRequest,617,0,0
1676157904183,887,HTTP Request,200,,Thread-Gruppe  1-6,text,true,,491,129,100,100,http://localhost:7000/randomRequest,887,0,0
1676157904235,835,HTTP Request,200,,Thread-Gruppe  1-67,text,true,,417,129,100,100,http://localhost:7000/randomRequest,835,0,1
1676157904561,509,HTTP Request,200,,Thread-Gruppe  1-54,text,true,,417,129,100,100,http://localhost:7000/randomRequest,509,0,1
1676157904110,1022,HTTP Request,200,,Thread-Gruppe  1-44,text,true,,417,129,100,100,http://localhost:7000/randomRequest,1022,0,0
1676157903614,1518,HTTP Request,200,,Thread-Gruppe  1-5,text,true,,633,129,100,100,http://localhost:7000/randomRequest,1518,0,1
1676157903926,1238,HTTP Request,200,,Thread-Gruppe  1-35,text,true,,492,129,100,100,http://localhost:7000/randomRequest,1238,0,1
1676157904546,618,HTTP Request,200,,Thread-Gruppe  1-18,text,true,,552,129,100,100,http://localhost:7000/randomRequest,618,0,0
1676157904561,614,HTTP Request,200,,Thread-Gruppe  1-13,text,true,,418,129,100,100,http://localhost:7000/randomRequest,614,0,1
1676157904045,1130,HTTP Request,200,,Thread-Gruppe  1-88,text,true,,419,129,100,100,http://localhost:7000/randomRequest,1130,0,1
1676157904764,429,HTTP Request,200,,Thread-Gruppe  1-32,text,true,,417,129,100,100,http://localhost:7000/randomRequest,429,0,0
1676157904579,617,HTTP Request,200,,Thread-Gruppe  1-48,text,true,,555,129,100,100,http://localhost:7000/randomRequest,617,0,1
1676157904592,613,HTTP Request,200,,Thread-Gruppe  1-11,text,true,,417,129,100,100,http://localhost:7000/randomRequest,613,0,1
1676157904793,412,HTTP Request,200,,Thread-Gruppe  1-74,text,true,,559,129,100,100,http://localhost:7000/randomRequest,412,0,1
1676157904490,715,HTTP Request,200,,Thread-Gruppe  1-55,text,true,,418,129,100,100,http://localhost:7000/randomRequest,715,0,0
1676157904585,620,HTTP Request,200,,Thread-Gruppe  1-2,text,true,,419,129,100,100,http://localhost:7000/randomRequest,620,0,0
1676157904546,723,HTTP Request,200,,Thread-Gruppe  1-30,text,true,,492,129,100,100,http://localhost:7000/randomRequest,723,0,0
1676157904764,514,HTTP Request,200,,Thread-Gruppe  1-87,text,true,,492,129,100,100,http://localhost:7000/randomRequest,514,0,0
1676157904663,615,HTTP Request,200,,Thread-Gruppe  1-81,text,true,,419,129,100,100,http://localhost:7000/randomRequest,615,0,0
1676157904561,717,HTTP Request,200,,Thread-Gruppe  1-50,text,true,,538,129,100,100,http://localhost:7000/randomRequest,717,0,1
1676157904663,615,HTTP Request,200,,Thread-Gruppe  1-40,text,true,,489,129,100,100,http://localhost:7000/randomRequest,615,0,0
1676157904072,1225,HTTP Request,200,,Thread-Gruppe  1-77,text,true,,419,129,100,100,http://localhost:7000/randomRequest,1225,0,0
1676157904709,617,HTTP Request,200,,Thread-Gruppe  1-68,text,true,,488,129,100,100,http://localhost:7000/randomRequest,617,0,1
1676157904443,883,HTTP Request,200,,Thread-Gruppe  1-89,text,true,,633,129,100,100,http://localhost:7000/randomRequest,883,0,0
1676157904623,720,HTTP Request,200,,Thread-Gruppe  1-99,text,true,,492,129,100,100,http://localhost:7000/randomRequest,720,0,0
1676157904111,1232,HTTP Request,200,,Thread-Gruppe  1-86,text,true,,488,129,100,100,http://localhost:7000/randomRequest,1232,0,0
1676157904730,617,HTTP Request,200,,Thread-Gruppe  1-21,text,true,,485,129,100,100,http://localhost:7000/randomRequest,617,0,0
1676157903941,1415,HTTP Request,200,,Thread-Gruppe  1-69,text,true,,633,129,100,100,http://localhost:7000/randomRequest,1415,0,0
1676157904955,416,HTTP Request,200,,Thread-Gruppe  1-75,text,true,,565,129,100,100,http://localhost:7000/randomRequest,416,0,1
1676157904443,928,HTTP Request,200,,Thread-Gruppe  1-73,text,true,,492,129,100,100,http://localhost:7000/randomRequest,928,0,0
1676157904663,719,HTTP Request,200,,Thread-Gruppe  1-7,text,true,,488,129,100,100,http://localhost:7000/randomRequest,719,0,0
1676157903961,1421,HTTP Request,200,,Thread-Gruppe  1-56,text,true,,537,129,100,100,http://localhost:7000/randomRequest,1421,0,0
1676157904764,618,HTTP Request,200,,Thread-Gruppe  1-98,text,true,,547,129,100,100,http://localhost:7000/randomRequest,618,0,0
1676157903971,1440,HTTP Request,200,,Thread-Gruppe  1-36,text,true,,492,129,100,100,http://localhost:7000/randomRequest,1440,0,0
1676157903981,1437,HTTP Request,200,,Thread-Gruppe  1-97,text,true,,488,129,100,100,http://localhost:7000/randomRequest,1437,0,1
1676157904110,1337,HTTP Request,200,,Thread-Gruppe  1-38,text,true,,549,129,100,100,http://localhost:7000/randomRequest,1337,0,0
1676157904627,824,HTTP Request,200,,Thread-Gruppe  1-95,text,true,,492,129,100,100,http://localhost:7000/randomRequest,824,0,0
1676157905071,411,HTTP Request,200,,Thread-Gruppe  1-6,text,true,,416,129,100,100,http://localhost:7000/randomRequest,411,0,0
1676157905071,411,HTTP Request,200,,Thread-Gruppe  1-67,text,true,,419,129,100,100,http://localhost:7000/randomRequest,411,0,0
1676157904250,1249,HTTP Request,200,,Thread-Gruppe  1-17,text,true,,586,129,100,100,http://localhost:7000/randomRequest,1249,0,1
1676157905010,511,HTTP Request,200,,Thread-Gruppe  1-71,text,true,,544,129,100,100,http://localhost:7000/randomRequest,511,0,1
1676157904412,1136,HTTP Request,200,,Thread-Gruppe  1-63,text,true,,416,129,100,100,http://localhost:7000/randomRequest,1136,0,0
1676157903990,1558,HTTP Request,200,,Thread-Gruppe  1-83,text,true,,673,129,100,100,http://localhost:7000/randomRequest,1558,0,0
1676157904853,695,HTTP Request,200,,Thread-Gruppe  1-100,text,true,,643,129,100,100,http://localhost:7000/randomRequest,695,0,0
1676157904955,597,HTTP Request,200,,Thread-Gruppe  1-57,text,true,,647,129,100,100,http://localhost:7000/randomRequest,597,0,1
1676157904131,1447,HTTP Request,200,,Thread-Gruppe  1-82,text,true,,419,129,100,100,http://localhost:7000/randomRequest,1447,0,0
1676157904748,830,HTTP Request,200,,Thread-Gruppe  1-60,text,true,,553,129,100,100,http://localhost:7000/randomRequest,830,0,1
1676157904385,1195,HTTP Request,200,,Thread-Gruppe  1-62,text,true,,527,129,100,100,http://localhost:7000/randomRequest,1195,0,0
1676157905175,408,HTTP Request,200,,Thread-Gruppe  1-88,text,true,,419,129,100,100,http://localhost:7000/randomRequest,408,0,0
1676157904612,990,HTTP Request,200,,Thread-Gruppe  1-31,text,true,,525,129,100,100,http://localhost:7000/randomRequest,990,0,0
1676157904173,1440,HTTP Request,200,,Thread-Gruppe  1-70,text,true,,492,129,100,100,http://localhost:7000/randomRequest,1440,0,0
1676157904898,715,HTTP Request,200,,Thread-Gruppe  1-28,text,true,,488,129,100,100,http://localhost:7000/randomRequest,715,0,0
1676157904898,715,HTTP Request,200,,Thread-Gruppe  1-12,text,true,,551,129,100,100,http://localhost:7000/randomRequest,715,0,0
1676157905132,507,HTTP Request,200,,Thread-Gruppe  1-44,text,true,,633,129,100,100,http://localhost:7000/randomRequest,507,0,1
1676157904825,828,HTTP Request,200,,Thread-Gruppe  1-94,text,true,,418,129,100,100,http://localhost:7000/randomRequest,828,0,0
1676157904748,932,HTTP Request,200,,Thread-Gruppe  1-15,text,true,,546,129,100,100,http://localhost:7000/randomRequest,932,0,1
1676157904881,824,HTTP Request,200,,Thread-Gruppe  1-29,text,true,,490,129,100,100,http://localhost:7000/randomRequest,824,0,0
1676157905196,521,HTTP Request,200,,Thread-Gruppe  1-48,text,true,,492,129,100,100,http://localhost:7000/randomRequest,521,0,1
1676157904903,825,HTTP Request,200,,Thread-Gruppe  1-4,text,true,,485,129,100,100,http://localhost:7000/randomRequest,824,0,0
1676157904853,891,HTTP Request,200,,Thread-Gruppe  1-16,text,true,,481,129,100,100,http://localhost:7000/randomRequest,891,0,0
1676157904930,826,HTTP Request,200,,Thread-Gruppe  1-43,text,true,,492,129,100,100,http://localhost:7000/randomRequest,826,0,1
1676157904110,1658,HTTP Request,200,,Thread-Gruppe  1-96,text,true,,417,129,100,100,http://localhost:7000/randomRequest,1658,0,0
1676157904235,1548,HTTP Request,200,,Thread-Gruppe  1-66,text,true,,492,129,100,100,http://localhost:7000/randomRequest,1548,0,1
1676157905269,516,HTTP Request,200,,Thread-Gruppe  1-30,text,true,,419,129,100,100,http://localhost:7000/randomRequest,516,0,0
1676157904748,1037,HTTP Request,200,,Thread-Gruppe  1-92,text,true,,485,129,100,100,http://localhost:7000/randomRequest,1037,0,1
1676157905382,408,HTTP Request,200,,Thread-Gruppe  1-7,text,true,,490,129,100,100,http://localhost:7000/randomRequest,407,0,0
1676157905382,408,HTTP Request,200,,Thread-Gruppe  1-98,text,true,,492,129,100,100,http://localhost:7000/randomRequest,407,0,0
1676157905193,625,HTTP Request,200,,Thread-Gruppe  1-32,text,true,,486,129,100,100,http://localhost:7000/randomRequest,625,0,1
1676157904898,922,HTTP Request,200,,Thread-Gruppe  1-42,text,true,,551,129,100,100,http://localhost:7000/randomRequest,922,0,0
1676157904077,1743,HTTP Request,200,,Thread-Gruppe  1-45,text,true,,492,129,100,100,http://localhost:7000/randomRequest,1743,0,0
1676157904720,1101,HTTP Request,200,,Thread-Gruppe  1-34,text,true,,640,129,100,100,http://localhost:7000/randomRequest,1101,0,1
1676157905411,410,HTTP Request,200,,Thread-Gruppe  1-36,text,true,,403,129,100,100,http://localhost:7000/randomRequest,410,0,0
1676157905002,843,HTTP Request,200,,Thread-Gruppe  1-47,text,true,,417,129,100,100,http://localhost:7000/randomRequest,843,0,0
1676157904690,1155,HTTP Request,200,,Thread-Gruppe  1-80,text,true,,554,129,100,100,http://localhost:7000/randomRequest,1155,0,0
1676157904955,899,HTTP Request,200,,Thread-Gruppe  1-24,text,true,,527,129,100,100,http://localhost:7000/randomRequest,899,0,1
1676157905030,831,HTTP Request,200,,Thread-Gruppe  1-49,text,true,,536,129,100,100,http://localhost:7000/randomRequest,831,0,1
1676157905549,312,HTTP Request,200,,Thread-Gruppe  1-63,text,true,,569,129,100,100,http://localhost:7000/randomRequest,312,0,0
1676157904057,1814,HTTP Request,200,,Thread-Gruppe  1-26,text,true,,645,129,100,100,http://localhost:7000/randomRequest,1814,0,0
1676157905326,545,HTTP Request,200,,Thread-Gruppe  1-89,text,true,,417,129,100,100,http://localhost:7000/randomRequest,545,0,1
1676157905071,823,HTTP Request,200,,Thread-Gruppe  1-54,text,true,,419,129,100,100,http://localhost:7000/randomRequest,823,0,0
1676157905483,411,HTTP Request,200,,Thread-Gruppe  1-67,text,true,,415,129,100,100,http://localhost:7000/randomRequest,411,0,0
1676157904397,1514,HTTP Request,200,,Thread-Gruppe  1-25,text,true,,541,129,100,100,http://localhost:7000/randomRequest,1514,0,0
1676157905522,409,HTTP Request,200,,Thread-Gruppe  1-71,text,true,,552,129,100,100,http://localhost:7000/randomRequest,409,0,0
1676157904131,1825,HTTP Request,200,,Thread-Gruppe  1-9,text,true,,535,129,100,100,http://localhost:7000/randomRequest,1825,0,0
1676157905030,934,HTTP Request,200,,Thread-Gruppe  1-61,text,true,,492,129,100,100,http://localhost:7000/randomRequest,934,0,0
1676157905578,416,HTTP Request,200,,Thread-Gruppe  1-60,text,true,,403,129,100,100,http://localhost:7000/randomRequest,416,0,1
1676157905584,413,HTTP Request,200,,Thread-Gruppe  1-88,text,true,,419,129,100,100,http://localhost:7000/randomRequest,413,0,0
1676157904869,1128,HTTP Request,200,,Thread-Gruppe  1-85,text,true,,492,129,100,100,http://localhost:7000/randomRequest,1128,0,0
1676157905499,512,HTTP Request,200,,Thread-Gruppe  1-17,text,true,,492,129,100,100,http://localhost:7000/randomRequest,512,0,0
1676157905205,823,HTTP Request,200,,Thread-Gruppe  1-74,text,true,,492,129,100,100,http://localhost:7000/randomRequest,823,0,1
1676157905205,823,HTTP Request,200,,Thread-Gruppe  1-2,text,true,,419,129,100,100,http://localhost:7000/randomRequest,823,0,1
1676157905326,724,HTTP Request,200,,Thread-Gruppe  1-68,text,true,,419,129,100,100,http://localhost:7000/randomRequest,724,0,1
1676157905640,428,HTTP Request,200,,Thread-Gruppe  1-44,text,true,,554,129,100,100,http://localhost:7000/randomRequest,428,0,0
1676157905447,621,HTTP Request,200,,Thread-Gruppe  1-38,text,true,,488,129,100,100,http://localhost:7000/randomRequest,621,0,0
1676157904042,2026,HTTP Request,200,,Thread-Gruppe  1-78,text,true,,633,129,100,100,http://localhost:7000/randomRequest,2026,0,0
1676157905343,743,HTTP Request,200,,Thread-Gruppe  1-99,text,true,,417,129,100,100,http://localhost:7000/randomRequest,743,0,1
1676157905681,417,HTTP Request,200,,Thread-Gruppe  1-15,text,true,,481,129,100,100,http://localhost:7000/randomRequest,417,0,0
1676157904955,1143,HTTP Request,200,,Thread-Gruppe  1-91,text,true,,540,129,100,100,http://localhost:7000/randomRequest,1143,0,1
1676157904546,1552,HTTP Request,200,,Thread-Gruppe  1-20,text,true,,402,129,100,100,http://localhost:7000/randomRequest,1552,0,0
1676157905278,821,HTTP Request,200,,Thread-Gruppe  1-40,text,true,,415,129,100,100,http://localhost:7000/randomRequest,821,0,0
1676157905278,824,HTTP Request,200,,Thread-Gruppe  1-50,text,true,,492,129,100,100,http://localhost:7000/randomRequest,824,0,0
1676157905205,924,HTTP Request,200,,Thread-Gruppe  1-55,text,true,,419,129,100,100,http://localhost:7000/randomRequest,924,0,1
1676157904600,1540,HTTP Request,200,,Thread-Gruppe  1-58,text,true,,403,129,100,100,http://localhost:7000/randomRequest,1540,0,1
1676157905744,412,HTTP Request,200,,Thread-Gruppe  1-16,text,true,,418,129,100,100,http://localhost:7000/randomRequest,412,0,1
1676157904702,1467,HTTP Request,200,,Thread-Gruppe  1-46,text,true,,669,129,100,100,http://localhost:7000/randomRequest,1467,0,0
1676157905483,705,HTTP Request,200,,Thread-Gruppe  1-6,text,true,,481,129,100,100,http://localhost:7000/randomRequest,705,0,0
1676157905060,1142,HTTP Request,200,,Thread-Gruppe  1-39,text,true,,485,129,100,100,http://localhost:7000/randomRequest,1142,0,1
1676157905785,417,HTTP Request,200,,Thread-Gruppe  1-30,text,true,,490,129,100,100,http://localhost:7000/randomRequest,417,0,0
1676157905175,1030,HTTP Request,200,,Thread-Gruppe  1-13,text,true,,403,129,100,100,http://localhost:7000/randomRequest,1030,0,0
1676157905205,1028,HTTP Request,200,,Thread-Gruppe  1-11,text,true,,418,129,100,100,http://localhost:7000/randomRequest,1028,0,1
1676157905613,620,HTTP Request,200,,Thread-Gruppe  1-12,text,true,,403,129,100,100,http://localhost:7000/randomRequest,620,0,0
1676157904903,1341,HTTP Request,200,,Thread-Gruppe  1-64,text,true,,485,129,100,100,http://localhost:7000/randomRequest,1341,0,0
1676157904919,1333,HTTP Request,200,,Thread-Gruppe  1-1,text,true,,484,129,100,100,http://localhost:7000/randomRequest,1333,0,0
1676157905845,411,HTTP Request,200,,Thread-Gruppe  1-80,text,true,,492,129,100,100,http://localhost:7000/randomRequest,411,0,0
1676157905578,678,HTTP Request,200,,Thread-Gruppe  1-82,text,true,,647,129,100,100,http://localhost:7000/randomRequest,678,0,1
1676157905855,406,HTTP Request,200,,Thread-Gruppe  1-24,text,true,,556,129,100,100,http://localhost:7000/randomRequest,406,0,0
1676157905552,720,HTTP Request,200,,Thread-Gruppe  1-57,text,true,,418,129,100,100,http://localhost:7000/randomRequest,720,0,0
1676157905132,1140,HTTP Request,200,,Thread-Gruppe  1-5,text,true,,564,129,100,100,http://localhost:7000/randomRequest,1140,0,1
1676157905549,723,HTTP Request,200,,Thread-Gruppe  1-100,text,true,,419,129,100,100,http://localhost:7000/randomRequest,723,0,0
1676157905549,723,HTTP Request,200,,Thread-Gruppe  1-83,text,true,,419,129,100,100,http://localhost:7000/randomRequest,723,0,0
1676157904353,1919,HTTP Request,200,,Thread-Gruppe  1-8,text,true,,527,129,100,100,http://localhost:7000/randomRequest,1919,0,0
1676157905452,820,HTTP Request,200,,Thread-Gruppe  1-95,text,true,,419,129,100,100,http://localhost:7000/randomRequest,820,0,0
1676157905653,619,HTTP Request,200,,Thread-Gruppe  1-94,text,true,,419,129,100,100,http://localhost:7000/randomRequest,619,0,0
1676157905343,929,HTTP Request,200,,Thread-Gruppe  1-86,text,true,,563,129,100,100,http://localhost:7000/randomRequest,929,0,1
1676157905769,522,HTTP Request,200,,Thread-Gruppe  1-96,text,true,,492,129,100,100,http://localhost:7000/randomRequest,522,0,0
1676157905164,1138,HTTP Request,200,,Thread-Gruppe  1-18,text,true,,490,129,100,100,http://localhost:7000/randomRequest,1138,0,1
1676157905372,930,HTTP Request,200,,Thread-Gruppe  1-75,text,true,,485,129,100,100,http://localhost:7000/randomRequest,930,0,0
1676157905613,689,HTTP Request,200,,Thread-Gruppe  1-70,text,true,,536,129,100,100,http://localhost:7000/randomRequest,689,0,0
1676157904955,1347,HTTP Request,200,,Thread-Gruppe  1-76,text,true,,403,129,100,100,http://localhost:7000/randomRequest,1347,0,1
1676157904984,1341,HTTP Request,200,,Thread-Gruppe  1-27,text,true,,419,129,100,100,http://localhost:7000/randomRequest,1341,0,1
1676157904930,1443,HTTP Request,200,,Thread-Gruppe  1-79,text,true,,416,129,100,100,http://localhost:7000/randomRequest,1443,0,1
1676157905278,1127,HTTP Request,200,,Thread-Gruppe  1-87,text,true,,553,129,100,100,http://localhost:7000/randomRequest,1127,0,0
1676157905278,1127,HTTP Request,200,,Thread-Gruppe  1-81,text,true,,403,129,100,100,http://localhost:7000/randomRequest,1127,0,0
1676157905164,1264,HTTP Request,200,,Thread-Gruppe  1-35,text,true,,414,129,100,100,http://localhost:7000/randomRequest,1264,0,1
1676157905602,826,HTTP Request,200,,Thread-Gruppe  1-31,text,true,,481,129,100,100,http://localhost:7000/randomRequest,826,0,0
1676157904705,1723,HTTP Request,200,,Thread-Gruppe  1-10,text,true,,527,129,100,100,http://localhost:7000/randomRequest,1723,0,0
1676157905717,723,HTTP Request,200,,Thread-Gruppe  1-48,text,true,,418,129,100,100,http://localhost:7000/randomRequest,723,0,0
1676157905861,618,HTTP Request,200,,Thread-Gruppe  1-63,text,true,,492,129,100,100,http://localhost:7000/randomRequest,618,0,0
1676157905705,792,HTTP Request,200,,Thread-Gruppe  1-29,text,true,,495,129,100,100,http://localhost:7000/randomRequest,792,0,0
1676157905790,716,HTTP Request,200,,Thread-Gruppe  1-98,text,true,,558,129,100,100,http://localhost:7000/randomRequest,716,0,0
1676157906098,408,HTTP Request,200,,Thread-Gruppe  1-15,text,true,,419,129,100,100,http://localhost:7000/randomRequest,408,0,1
1676157905997,509,HTTP Request,200,,Thread-Gruppe  1-85,text,true,,566,129,100,100,http://localhost:7000/randomRequest,509,0,1
1676157905756,789,HTTP Request,200,,Thread-Gruppe  1-43,text,true,,631,129,100,100,http://localhost:7000/randomRequest,789,0,0
1676157905871,731,HTTP Request,200,,Thread-Gruppe  1-89,text,true,,489,129,100,100,http://localhost:7000/randomRequest,731,0,1
1676157905995,616,HTTP Request,200,,Thread-Gruppe  1-60,text,true,,403,129,100,100,http://localhost:7000/randomRequest,616,0,0
1676157906202,409,HTTP Request,200,,Thread-Gruppe  1-39,text,true,,492,129,100,100,http://localhost:7000/randomRequest,409,0,0
1676157904969,1642,HTTP Request,200,,Thread-Gruppe  1-52,text,true,,489,129,100,100,http://localhost:7000/randomRequest,1642,0,0
1676157905382,1229,HTTP Request,200,,Thread-Gruppe  1-56,text,true,,1023,129,100,100,http://localhost:7000/randomRequest,1229,0,0
1676157905820,826,HTTP Request,200,,Thread-Gruppe  1-42,text,true,,481,129,100,100,http://localhost:7000/randomRequest,825,0,0
1676157905821,825,HTTP Request,200,,Thread-Gruppe  1-36,text,true,,416,129,100,100,http://localhost:7000/randomRequest,824,0,1
1676157905728,928,HTTP Request,200,,Thread-Gruppe  1-4,text,true,,403,129,100,100,http://localhost:7000/randomRequest,928,0,0
1676157905861,818,HTTP Request,200,,Thread-Gruppe  1-49,text,true,,546,129,100,100,http://localhost:7000/randomRequest,818,0,0
1676157905964,715,HTTP Request,200,,Thread-Gruppe  1-61,text,true,,695,129,100,100,http://localhost:7000/randomRequest,715,0,0
1676157906069,615,HTTP Request,200,,Thread-Gruppe  1-78,text,true,,485,129,100,100,http://localhost:7000/randomRequest,615,0,0
1676157905871,834,HTTP Request,200,,Thread-Gruppe  1-26,text,true,,542,129,100,100,http://localhost:7000/randomRequest,834,0,1
1676157905785,927,HTTP Request,200,,Thread-Gruppe  1-92,text,true,,419,129,100,100,http://localhost:7000/randomRequest,927,0,0
1676157905820,928,HTTP Request,200,,Thread-Gruppe  1-45,text,true,,419,129,100,100,http://localhost:7000/randomRequest,928,0,0
1676157906256,519,HTTP Request,200,,Thread-Gruppe  1-80,text,true,,542,129,100,100,http://localhost:7000/randomRequest,519,0,0
1676157906272,517,HTTP Request,200,,Thread-Gruppe  1-57,text,true,,557,129,100,100,http://localhost:7000/randomRequest,517,0,1
1676157905347,1442,HTTP Request,200,,Thread-Gruppe  1-21,text,true,,481,129,100,100,http://localhost:7000/randomRequest,1442,0,0
1676157906272,517,HTTP Request,200,,Thread-Gruppe  1-100,text,true,,419,129,100,100,http://localhost:7000/randomRequest,517,0,1
1676157905356,1455,HTTP Request,200,,Thread-Gruppe  1-69,text,true,,485,129,100,100,http://localhost:7000/randomRequest,1455,0,0
1676157906303,509,HTTP Request,200,,Thread-Gruppe  1-70,text,true,,419,129,100,100,http://localhost:7000/randomRequest,509,0,0
1676157905894,918,HTTP Request,200,,Thread-Gruppe  1-67,text,true,,419,129,100,100,http://localhost:7000/randomRequest,918,0,1
1676157905894,918,HTTP Request,200,,Thread-Gruppe  1-54,text,true,,551,129,100,100,http://localhost:7000/randomRequest,918,0,1
1676157906303,509,HTTP Request,200,,Thread-Gruppe  1-75,text,true,,570,129,100,100,http://localhost:7000/randomRequest,509,0,0
1676157906098,714,HTTP Request,200,,Thread-Gruppe  1-91,text,true,,578,129,100,100,http://localhost:7000/randomRequest,714,0,1
1676157905372,1458,HTTP Request,200,,Thread-Gruppe  1-73,text,true,,471,129,100,100,http://localhost:7000/randomRequest,1458,0,0
1676157905957,903,HTTP Request,200,,Thread-Gruppe  1-9,text,true,,643,129,100,100,http://localhost:7000/randomRequest,903,0,0
1676157906140,722,HTTP Request,200,,Thread-Gruppe  1-58,text,true,,563,129,100,100,http://localhost:7000/randomRequest,722,0,0
1676157905418,1444,HTTP Request,200,,Thread-Gruppe  1-97,text,true,,491,129,100,100,http://localhost:7000/randomRequest,1444,0,1
1676157906156,722,HTTP Request,200,,Thread-Gruppe  1-16,text,true,,558,129,100,100,http://localhost:7000/randomRequest,722,0,0
1676157906272,608,HTTP Request,200,,Thread-Gruppe  1-94,text,true,,557,129,100,100,http://localhost:7000/randomRequest,608,0,1
1676157906272,618,HTTP Request,200,,Thread-Gruppe  1-5,text,true,,419,129,100,100,http://localhost:7000/randomRequest,618,0,1
1676157906188,723,HTTP Request,200,,Thread-Gruppe  1-6,text,true,,403,129,100,100,http://localhost:7000/randomRequest,723,0,1
1676157906129,782,HTTP Request,200,,Thread-Gruppe  1-55,text,true,,537,129,100,100,http://localhost:7000/randomRequest,782,0,0
1676157905297,1614,HTTP Request,200,,Thread-Gruppe  1-77,text,true,,541,129,100,100,http://localhost:7000/randomRequest,1614,0,0
1676157906099,813,HTTP Request,200,,Thread-Gruppe  1-40,text,true,,413,129,100,100,http://localhost:7000/randomRequest,813,0,0
1676157906506,409,HTTP Request,200,,Thread-Gruppe  1-98,text,true,,540,129,100,100,http://localhost:7000/randomRequest,409,0,0
1676157905821,1094,HTTP Request,200,,Thread-Gruppe  1-34,text,true,,481,129,100,100,http://localhost:7000/randomRequest,1094,0,1
1676157906029,936,HTTP Request,200,,Thread-Gruppe  1-74,text,true,,485,129,100,100,http://localhost:7000/randomRequest,936,0,0
1676157906029,938,HTTP Request,200,,Thread-Gruppe  1-2,text,true,,540,129,100,100,http://localhost:7000/randomRequest,938,0,0
1676157905997,985,HTTP Request,200,,Thread-Gruppe  1-88,text,true,,643,129,100,100,http://localhost:7000/randomRequest,985,0,1
1676157906086,908,HTTP Request,200,,Thread-Gruppe  1-99,text,true,,633,129,100,100,http://localhost:7000/randomRequest,908,0,3
1676157905613,1399,HTTP Request,200,,Thread-Gruppe  1-28,text,true,,537,129,100,100,http://localhost:7000/randomRequest,1399,0,0
1676157905783,1229,HTTP Request,200,,Thread-Gruppe  1-66,text,true,,485,129,100,100,http://localhost:7000/randomRequest,1229,0,1
1676157905580,1432,HTTP Request,200,,Thread-Gruppe  1-62,text,true,,481,129,100,100,http://localhost:7000/randomRequest,1432,0,1
1676157906050,962,HTTP Request,200,,Thread-Gruppe  1-68,text,true,,417,129,100,100,http://localhost:7000/randomRequest,962,0,1
1676157906325,707,HTTP Request,200,,Thread-Gruppe  1-27,text,true,,552,129,100,100,http://localhost:7000/randomRequest,707,0,0
1676157906506,526,HTTP Request,200,,Thread-Gruppe  1-85,text,true,,558,129,100,100,http://localhost:7000/randomRequest,526,0,0
1676157905911,1121,HTTP Request,200,,Thread-Gruppe  1-25,text,true,,539,129,100,100,http://localhost:7000/randomRequest,1121,0,0
1676157905819,1221,HTTP Request,200,,Thread-Gruppe  1-32,text,true,,403,129,100,100,http://localhost:7000/randomRequest,1221,0,0
1676157906233,823,HTTP Request,200,,Thread-Gruppe  1-11,text,true,,492,129,100,100,http://localhost:7000/randomRequest,823,0,0
1676157906069,1017,HTTP Request,200,,Thread-Gruppe  1-44,text,true,,481,129,100,100,http://localhost:7000/randomRequest,1017,0,0
1676157906272,814,HTTP Request,200,,Thread-Gruppe  1-86,text,true,,545,129,100,100,http://localhost:7000/randomRequest,814,0,1
1676157906303,813,HTTP Request,200,,Thread-Gruppe  1-76,text,true,,486,129,100,100,http://localhost:7000/randomRequest,813,0,0
1676157906611,517,HTTP Request,200,,Thread-Gruppe  1-60,text,true,,550,129,100,100,http://localhost:7000/randomRequest,517,0,1
1676157906428,704,HTTP Request,200,,Thread-Gruppe  1-35,text,true,,419,129,100,100,http://localhost:7000/randomRequest,704,0,0
1676157906428,704,HTTP Request,200,,Thread-Gruppe  1-10,text,true,,552,129,100,100,http://localhost:7000/randomRequest,704,0,0
1676157906252,888,HTTP Request,200,,Thread-Gruppe  1-1,text,true,,631,129,100,100,http://localhost:7000/randomRequest,888,0,1
1676157906646,514,HTTP Request,200,,Thread-Gruppe  1-36,text,true,,546,129,100,100,http://localhost:7000/randomRequest,514,0,0
1676157906233,927,HTTP Request,200,,Thread-Gruppe  1-12,text,true,,492,129,100,100,http://localhost:7000/randomRequest,927,0,0
1676157906256,934,HTTP Request,200,,Thread-Gruppe  1-82,text,true,,3876,129,100,100,http://localhost:7000/randomRequest,934,0,0
1676157906272,918,HTTP Request,200,,Thread-Gruppe  1-95,text,true,,643,129,100,100,http://localhost:7000/randomRequest,918,0,1
1676157906202,988,HTTP Request,200,,Thread-Gruppe  1-30,text,true,,633,129,100,100,http://localhost:7000/randomRequest,988,0,1
1676157906069,1133,HTTP Request,200,,Thread-Gruppe  1-38,text,true,,490,129,100,100,http://localhost:7000/randomRequest,1133,0,0
1676157906272,934,HTTP Request,200,,Thread-Gruppe  1-8,text,true,,644,129,100,100,http://localhost:7000/randomRequest,934,0,1
1676157906291,927,HTTP Request,200,,Thread-Gruppe  1-96,text,true,,490,129,100,100,http://localhost:7000/randomRequest,927,0,1
1676157906099,1124,HTTP Request,200,,Thread-Gruppe  1-20,text,true,,492,129,100,100,http://localhost:7000/randomRequest,1124,0,0
1676157905790,1433,HTTP Request,200,,Thread-Gruppe  1-7,text,true,,482,129,100,100,http://localhost:7000/randomRequest,1433,0,0
1676157906302,921,HTTP Request,200,,Thread-Gruppe  1-18,text,true,,492,129,100,100,http://localhost:7000/randomRequest,921,0,0
1676157906712,516,HTTP Request,200,,Thread-Gruppe  1-92,text,true,,492,129,100,100,http://localhost:7000/randomRequest,516,0,0
1676157906205,1023,HTTP Request,200,,Thread-Gruppe  1-13,text,true,,4647,129,100,100,http://localhost:7000/randomRequest,1023,0,0
1676157906406,827,HTTP Request,200,,Thread-Gruppe  1-81,text,true,,417,129,100,100,http://localhost:7000/randomRequest,827,0,0
1676157906261,1004,HTTP Request,200,,Thread-Gruppe  1-24,text,true,,647,129,100,100,http://localhost:7000/randomRequest,1004,0,1
1676157906244,1029,HTTP Request,200,,Thread-Gruppe  1-64,text,true,,485,129,100,100,http://localhost:7000/randomRequest,1029,0,0
1676157906272,1022,HTTP Request,200,,Thread-Gruppe  1-83,text,true,,492,129,100,100,http://localhost:7000/randomRequest,1022,0,1
1676157906169,1125,HTTP Request,200,,Thread-Gruppe  1-46,text,true,,488,129,100,100,http://localhost:7000/randomRequest,1125,0,0
1676157906679,623,HTTP Request,200,,Thread-Gruppe  1-61,text,true,,552,129,100,100,http://localhost:7000/randomRequest,623,0,0
1676157906790,512,HTTP Request,200,,Thread-Gruppe  1-100,text,true,,419,129,100,100,http://localhost:7000/randomRequest,512,0,0
1676157906479,823,HTTP Request,200,,Thread-Gruppe  1-63,text,true,,549,129,100,100,http://localhost:7000/randomRequest,823,0,0
1676157906812,516,HTTP Request,200,,Thread-Gruppe  1-67,text,true,,419,129,100,100,http://localhost:7000/randomRequest,516,0,0
1676157905845,1492,HTTP Request,200,,Thread-Gruppe  1-47,text,true,,541,129,100,100,http://localhost:7000/randomRequest,1492,0,0
1676157906656,718,HTTP Request,200,,Thread-Gruppe  1-4,text,true,,418,129,100,100,http://localhost:7000/randomRequest,718,0,1
1676157906879,520,HTTP Request,200,,Thread-Gruppe  1-16,text,true,,550,129,100,100,http://localhost:7000/randomRequest,520,0,0
1676157906406,996,HTTP Request,200,,Thread-Gruppe  1-87,text,true,,537,129,100,100,http://localhost:7000/randomRequest,996,0,0
1676157906790,612,HTTP Request,200,,Thread-Gruppe  1-21,text,true,,485,129,100,100,http://localhost:7000/randomRequest,612,0,0
1676157906890,512,HTTP Request,200,,Thread-Gruppe  1-5,text,true,,419,129,100,100,http://localhost:7000/randomRequest,512,0,0
1676157906812,617,HTTP Request,200,,Thread-Gruppe  1-91,text,true,,555,129,100,100,http://localhost:7000/randomRequest,617,0,0
1676157905931,1498,HTTP Request,200,,Thread-Gruppe  1-71,text,true,,541,129,100,100,http://localhost:7000/randomRequest,1498,0,1
1676157906646,824,HTTP Request,200,,Thread-Gruppe  1-42,text,true,,492,129,100,100,http://localhost:7000/randomRequest,824,0,0
1676157906860,619,HTTP Request,200,,Thread-Gruppe  1-9,text,true,,417,129,100,100,http://localhost:7000/randomRequest,619,0,1
1676157906440,1055,HTTP Request,200,,Thread-Gruppe  1-48,text,true,,474,129,100,100,http://localhost:7000/randomRequest,1055,0,0
1676157906684,819,HTTP Request,200,,Thread-Gruppe  1-78,text,true,,419,129,100,100,http://localhost:7000/randomRequest,819,0,1
1676157906679,827,HTTP Request,200,,Thread-Gruppe  1-49,text,true,,489,129,100,100,http://localhost:7000/randomRequest,827,0,0
1676157906102,1405,HTTP Request,200,,Thread-Gruppe  1-50,text,true,,643,129,100,100,http://localhost:7000/randomRequest,1405,0,1
1676157906373,1134,HTTP Request,200,,Thread-Gruppe  1-79,text,true,,495,129,100,100,http://localhost:7000/randomRequest,1134,0,0
1676157906011,1517,HTTP Request,200,,Thread-Gruppe  1-17,text,true,,541,129,100,100,http://localhost:7000/randomRequest,1517,0,1
1676157906705,823,HTTP Request,200,,Thread-Gruppe  1-26,text,true,,538,129,100,100,http://localhost:7000/randomRequest,823,0,0
1676157906911,617,HTTP Request,200,,Thread-Gruppe  1-6,text,true,,490,129,100,100,http://localhost:7000/randomRequest,617,0,1
1676157906812,718,HTTP Request,200,,Thread-Gruppe  1-54,text,true,,553,129,100,100,http://localhost:7000/randomRequest,718,0,0
1676157906428,1102,HTTP Request,200,,Thread-Gruppe  1-31,text,true,,525,129,100,100,http://localhost:7000/randomRequest,1102,0,0
1676157906812,718,HTTP Request,200,,Thread-Gruppe  1-75,text,true,,492,129,100,100,http://localhost:7000/randomRequest,718,0,0
1676157906811,719,HTTP Request,200,,Thread-Gruppe  1-69,text,true,,403,129,100,100,http://localhost:7000/randomRequest,719,0,1
1676157906748,822,HTTP Request,200,,Thread-Gruppe  1-45,text,true,,485,129,100,100,http://localhost:7000/randomRequest,822,0,1
1676157906862,718,HTTP Request,200,,Thread-Gruppe  1-58,text,true,,418,129,100,100,http://localhost:7000/randomRequest,718,0,1
1676157907207,413,HTTP Request,200,,Thread-Gruppe  1-8,text,true,,492,129,100,100,http://localhost:7000/randomRequest,413,0,0
1676157907219,415,HTTP Request,200,,Thread-Gruppe  1-96,text,true,,418,129,100,100,http://localhost:7000/randomRequest,415,0,0
1676157907013,621,HTTP Request,200,,Thread-Gruppe  1-62,text,true,,419,129,100,100,http://localhost:7000/randomRequest,621,0,0
1676157907013,621,HTTP Request,200,,Thread-Gruppe  1-28,text,true,,419,129,100,100,http://localhost:7000/randomRequest,621,0,0
1676157906545,1089,HTTP Request,200,,Thread-Gruppe  1-43,text,true,,491,129,100,100,http://localhost:7000/randomRequest,1089,0,0
1676157906611,1024,HTTP Request,200,,Thread-Gruppe  1-39,text,true,,492,129,100,100,http://localhost:7000/randomRequest,1024,0,1
1676157906965,715,HTTP Request,200,,Thread-Gruppe  1-74,text,true,,417,129,100,100,http://localhost:7000/randomRequest,715,0,0
1676157906790,921,HTTP Request,200,,Thread-Gruppe  1-57,text,true,,418,129,100,100,http://localhost:7000/randomRequest,921,0,0
1676157907302,414,HTTP Request,200,,Thread-Gruppe  1-61,text,true,,419,129,100,100,http://localhost:7000/randomRequest,414,0,0
1676157906911,819,HTTP Request,200,,Thread-Gruppe  1-77,text,true,,403,129,100,100,http://localhost:7000/randomRequest,819,0,1
1676157906611,1129,HTTP Request,200,,Thread-Gruppe  1-56,text,true,,492,129,100,100,http://localhost:7000/randomRequest,1129,0,1
1676157906830,926,HTTP Request,200,,Thread-Gruppe  1-73,text,true,,560,129,100,100,http://localhost:7000/randomRequest,926,0,0
1676157906880,882,HTTP Request,200,,Thread-Gruppe  1-94,text,true,,540,129,100,100,http://localhost:7000/randomRequest,882,0,0
1676157907056,722,HTTP Request,200,,Thread-Gruppe  1-11,text,true,,492,129,100,100,http://localhost:7000/randomRequest,722,0,1
1676157907375,409,HTTP Request,200,,Thread-Gruppe  1-4,text,true,,488,129,100,100,http://localhost:7000/randomRequest,409,0,0
1676157906611,1209,HTTP Request,200,,Thread-Gruppe  1-52,text,true,,633,129,100,100,http://localhost:7000/randomRequest,1209,0,1
1676157906994,826,HTTP Request,200,,Thread-Gruppe  1-99,text,true,,492,129,100,100,http://localhost:7000/randomRequest,826,0,1
1676157906602,1230,HTTP Request,200,,Thread-Gruppe  1-89,text,true,,540,129,100,100,http://localhost:7000/randomRequest,1230,0,0
1676157906915,924,HTTP Request,200,,Thread-Gruppe  1-34,text,true,,489,129,100,100,http://localhost:7000/randomRequest,924,0,0
1676157907013,826,HTTP Request,200,,Thread-Gruppe  1-66,text,true,,419,129,100,100,http://localhost:7000/randomRequest,826,0,0
1676157907228,616,HTTP Request,200,,Thread-Gruppe  1-92,text,true,,563,129,100,100,http://localhost:7000/randomRequest,616,0,1
1676157907228,616,HTTP Request,200,,Thread-Gruppe  1-13,text,true,,486,129,100,100,http://localhost:7000/randomRequest,616,0,1
1676157907223,621,HTTP Request,200,,Thread-Gruppe  1-20,text,true,,492,129,100,100,http://localhost:7000/randomRequest,621,0,1
1676157907032,824,HTTP Request,200,,Thread-Gruppe  1-25,text,true,,559,129,100,100,http://localhost:7000/randomRequest,824,0,0
1676157907161,717,HTTP Request,200,,Thread-Gruppe  1-12,text,true,,419,129,100,100,http://localhost:7000/randomRequest,717,0,0
1676157906506,1400,HTTP Request,200,,Thread-Gruppe  1-15,text,true,,537,129,100,100,http://localhost:7000/randomRequest,1400,0,0
1676157906497,1409,HTTP Request,200,,Thread-Gruppe  1-29,text,true,,633,129,100,100,http://localhost:7000/randomRequest,1409,0,1
1676157907294,622,HTTP Request,200,,Thread-Gruppe  1-83,text,true,,486,129,100,100,http://localhost:7000/randomRequest,622,0,1
1676157907503,413,HTTP Request,200,,Thread-Gruppe  1-78,text,true,,419,129,100,100,http://localhost:7000/randomRequest,413,0,0
1676157907302,622,HTTP Request,200,,Thread-Gruppe  1-100,text,true,,418,129,100,100,http://localhost:7000/randomRequest,622,0,0
1676157907403,521,HTTP Request,200,,Thread-Gruppe  1-21,text,true,,577,129,100,100,http://localhost:7000/randomRequest,521,0,0
1676157907190,746,HTTP Request,200,,Thread-Gruppe  1-82,text,true,,674,129,100,100,http://localhost:7000/randomRequest,746,0,0
1676157906812,1132,HTTP Request,200,,Thread-Gruppe  1-70,text,true,,483,129,100,100,http://localhost:7000/randomRequest,1132,0,0
1676157906862,1093,HTTP Request,200,,Thread-Gruppe  1-97,text,true,,539,129,100,100,http://localhost:7000/randomRequest,1093,0,1
1676157907032,925,HTTP Request,200,,Thread-Gruppe  1-27,text,true,,478,129,100,100,http://localhost:7000/randomRequest,925,0,0
1676157907202,792,HTTP Request,200,,Thread-Gruppe  1-38,text,true,,527,129,100,100,http://localhost:7000/randomRequest,792,0,0
1676157907495,512,HTTP Request,200,,Thread-Gruppe  1-48,text,true,,560,129,100,100,http://localhost:7000/randomRequest,512,0,0
1676157907190,828,HTTP Request,200,,Thread-Gruppe  1-95,text,true,,566,129,100,100,http://localhost:7000/randomRequest,828,0,0
1676157907086,932,HTTP Request,200,,Thread-Gruppe  1-44,text,true,,488,129,100,100,http://localhost:7000/randomRequest,932,0,0
1676157907294,724,HTTP Request,200,,Thread-Gruppe  1-46,text,true,,570,129,100,100,http://localhost:7000/randomRequest,724,0,1
1676157907086,932,HTTP Request,200,,Thread-Gruppe  1-86,text,true,,492,129,100,100,http://localhost:7000/randomRequest,932,0,0
1676157907128,921,HTTP Request,200,,Thread-Gruppe  1-60,text,true,,485,129,100,100,http://localhost:7000/randomRequest,921,0,1
1676157907530,519,HTTP Request,200,,Thread-Gruppe  1-31,text,true,,557,129,100,100,http://localhost:7000/randomRequest,519,0,0
1676157907328,721,HTTP Request,200,,Thread-Gruppe  1-67,text,true,,572,129,100,100,http://localhost:7000/randomRequest,721,0,0
1676157907040,1023,HTTP Request,200,,Thread-Gruppe  1-32,text,true,,5481,129,100,100,http://localhost:7000/randomRequest,1023,0,0
1676157906982,1141,HTTP Request,200,,Thread-Gruppe  1-88,text,true,,403,129,100,100,http://localhost:7000/randomRequest,1141,0,0
1676157907399,724,HTTP Request,200,,Thread-Gruppe  1-16,text,true,,490,129,100,100,http://localhost:7000/randomRequest,724,0,0
1676157906911,1230,HTTP Request,200,,Thread-Gruppe  1-55,text,true,,489,129,100,100,http://localhost:7000/randomRequest,1230,0,1
1676157907140,1001,HTTP Request,200,,Thread-Gruppe  1-1,text,true,,527,129,100,100,http://localhost:7000/randomRequest,1001,0,0
1676157907528,617,HTTP Request,200,,Thread-Gruppe  1-26,text,true,,419,129,100,100,http://localhost:7000/randomRequest,617,0,0
1676157907223,922,HTTP Request,200,,Thread-Gruppe  1-18,text,true,,491,129,100,100,http://localhost:7000/randomRequest,922,0,1
1676157907233,925,HTTP Request,200,,Thread-Gruppe  1-81,text,true,,481,129,100,100,http://localhost:7000/randomRequest,925,0,0
1676157907133,1026,HTTP Request,200,,Thread-Gruppe  1-10,text,true,,367,129,100,100,http://localhost:7000/randomRequest,1026,0,0
1676157907470,710,HTTP Request,200,,Thread-Gruppe  1-42,text,true,,403,129,100,100,http://localhost:7000/randomRequest,710,0,1
1676157907265,918,HTTP Request,200,,Thread-Gruppe  1-24,text,true,,492,129,100,100,http://localhost:7000/randomRequest,918,0,1
1676157907403,827,HTTP Request,200,,Thread-Gruppe  1-5,text,true,,419,129,100,100,http://localhost:7000/randomRequest,827,0,0
1676157907507,723,HTTP Request,200,,Thread-Gruppe  1-79,text,true,,419,129,100,100,http://localhost:7000/randomRequest,723,0,1
1676157907302,931,HTTP Request,200,,Thread-Gruppe  1-63,text,true,,492,129,100,100,http://localhost:7000/randomRequest,931,0,0
1676157907716,517,HTTP Request,200,,Thread-Gruppe  1-61,text,true,,556,129,100,100,http://localhost:7000/randomRequest,517,0,0
1676157907833,414,HTTP Request,200,,Thread-Gruppe  1-89,text,true,,490,129,100,100,http://localhost:7000/randomRequest,414,0,0
1676157907634,616,HTTP Request,200,,Thread-Gruppe  1-62,text,true,,554,129,100,100,http://localhost:7000/randomRequest,616,0,1
1676157907223,1030,HTTP Request,200,,Thread-Gruppe  1-7,text,true,,492,129,100,100,http://localhost:7000/randomRequest,1030,0,1
1676157907857,409,HTTP Request,200,,Thread-Gruppe  1-25,text,true,,419,129,100,100,http://localhost:7000/randomRequest,409,0,0
1676157907190,1088,HTTP Request,200,,Thread-Gruppe  1-30,text,true,,537,129,100,100,http://localhost:7000/randomRequest,1087,0,0
1676157907681,622,HTTP Request,200,,Thread-Gruppe  1-74,text,true,,419,129,100,100,http://localhost:7000/randomRequest,622,0,0
1676157906967,1336,HTTP Request,200,,Thread-Gruppe  1-2,text,true,,538,129,100,100,http://localhost:7000/randomRequest,1336,0,0
1676157907907,426,HTTP Request,200,,Thread-Gruppe  1-15,text,true,,417,129,100,100,http://localhost:7000/randomRequest,426,0,0
1676157907844,509,HTTP Request,200,,Thread-Gruppe  1-13,text,true,,402,129,100,100,http://localhost:7000/randomRequest,509,0,1
1676157907711,644,HTTP Request,200,,Thread-Gruppe  1-57,text,true,,671,129,100,100,http://localhost:7000/randomRequest,644,0,0
1676157907429,926,HTTP Request,200,,Thread-Gruppe  1-71,text,true,,403,129,100,100,http://localhost:7000/randomRequest,926,0,1
1676157907530,825,HTTP Request,200,,Thread-Gruppe  1-75,text,true,,490,129,100,100,http://localhost:7000/randomRequest,825,0,0
1676157906915,1440,HTTP Request,200,,Thread-Gruppe  1-98,text,true,,492,129,100,100,http://localhost:7000/randomRequest,1440,0,0
1676157907337,1046,HTTP Request,200,,Thread-Gruppe  1-47,text,true,,560,129,100,100,http://localhost:7000/randomRequest,1046,0,1
1676157907506,879,HTTP Request,200,,Thread-Gruppe  1-49,text,true,,644,129,100,100,http://localhost:7000/randomRequest,879,0,0
1676157907161,1224,HTTP Request,200,,Thread-Gruppe  1-36,text,true,,417,129,100,100,http://localhost:7000/randomRequest,1224,0,0
1676157907403,1037,HTTP Request,200,,Thread-Gruppe  1-87,text,true,,547,129,100,100,http://localhost:7000/randomRequest,1037,0,0
1676157907032,1408,HTTP Request,200,,Thread-Gruppe  1-85,text,true,,538,129,100,100,http://localhost:7000/randomRequest,1408,0,0
1676157907634,826,HTTP Request,200,,Thread-Gruppe  1-43,text,true,,566,129,100,100,http://localhost:7000/randomRequest,826,0,1
1676157907429,1031,HTTP Request,200,,Thread-Gruppe  1-91,text,true,,485,129,100,100,http://localhost:7000/randomRequest,1031,0,1
1676157907634,826,HTTP Request,200,,Thread-Gruppe  1-96,text,true,,547,129,100,100,http://localhost:7000/randomRequest,826,0,1
1676157907740,720,HTTP Request,200,,Thread-Gruppe  1-56,text,true,,492,129,100,100,http://localhost:7000/randomRequest,720,0,0
1676157907133,1333,HTTP Request,200,,Thread-Gruppe  1-35,text,true,,555,129,100,100,http://localhost:7000/randomRequest,1333,0,0
1676157907273,1193,HTTP Request,200,,Thread-Gruppe  1-64,text,true,,633,129,100,100,http://localhost:7000/randomRequest,1193,0,1
1676157907621,923,HTTP Request,200,,Thread-Gruppe  1-8,text,true,,563,129,100,100,http://localhost:7000/randomRequest,923,0,0
1676157907924,620,HTTP Request,200,,Thread-Gruppe  1-100,text,true,,419,129,100,100,http://localhost:7000/randomRequest,620,0,0
1676157907937,620,HTTP Request,200,,Thread-Gruppe  1-82,text,true,,485,129,100,100,http://localhost:7000/randomRequest,620,0,0
1676157907116,1441,HTTP Request,200,,Thread-Gruppe  1-76,text,true,,530,129,100,100,http://localhost:7000/randomRequest,1441,0,0
1676157908141,416,HTTP Request,200,,Thread-Gruppe  1-1,text,true,,551,129,100,100,http://localhost:7000/randomRequest,416,0,1
1676157908049,514,HTTP Request,200,,Thread-Gruppe  1-67,text,true,,418,129,100,100,http://localhost:7000/randomRequest,514,0,1
1676157907530,1033,HTTP Request,200,,Thread-Gruppe  1-69,text,true,,543,129,100,100,http://localhost:7000/randomRequest,1033,0,0
1676157907840,723,HTTP Request,200,,Thread-Gruppe  1-66,text,true,,489,129,100,100,http://localhost:7000/randomRequest,723,0,0
1676157907756,816,HTTP Request,200,,Thread-Gruppe  1-73,text,true,,417,129,100,100,http://localhost:7000/randomRequest,816,0,1
1676157907013,1609,HTTP Request,200,,Thread-Gruppe  1-68,text,true,,633,129,100,100,http://localhost:7000/randomRequest,1609,0,0
1676157907635,987,HTTP Request,200,,Thread-Gruppe  1-39,text,true,,541,129,100,100,http://localhost:7000/randomRequest,987,0,0
1676157907528,1133,HTTP Request,200,,Thread-Gruppe  1-17,text,true,,492,129,100,100,http://localhost:7000/randomRequest,1133,0,0
1676157908145,522,HTTP Request,200,,Thread-Gruppe  1-18,text,true,,419,129,100,100,http://localhost:7000/randomRequest,522,0,0
1676157906775,1902,HTTP Request,200,,Thread-Gruppe  1-80,text,true,,541,129,100,100,http://localhost:7000/randomRequest,1902,0,0
1676157907957,720,HTTP Request,200,,Thread-Gruppe  1-27,text,true,,418,129,100,100,http://localhost:7000/randomRequest,720,0,1
1676157907778,919,HTTP Request,200,,Thread-Gruppe  1-11,text,true,,490,129,100,100,http://localhost:7000/randomRequest,919,0,0
1676157908019,723,HTTP Request,200,,Thread-Gruppe  1-44,text,true,,550,129,100,100,http://localhost:7000/randomRequest,723,0,0
1676157908019,725,HTTP Request,200,,Thread-Gruppe  1-95,text,true,,482,129,100,100,http://localhost:7000/randomRequest,725,0,0
1676157908230,520,HTTP Request,200,,Thread-Gruppe  1-5,text,true,,556,129,100,100,http://localhost:7000/randomRequest,520,0,1
1676157908230,520,HTTP Request,200,,Thread-Gruppe  1-79,text,true,,555,129,100,100,http://localhost:7000/randomRequest,520,0,1
1676157907924,826,HTTP Request,200,,Thread-Gruppe  1-21,text,true,,419,129,100,100,http://localhost:7000/randomRequest,826,0,0
1676157907507,1243,HTTP Request,200,,Thread-Gruppe  1-50,text,true,,492,129,100,100,http://localhost:7000/randomRequest,1243,0,1
1676157907634,1135,HTTP Request,200,,Thread-Gruppe  1-28,text,true,,419,129,100,100,http://localhost:7000/randomRequest,1135,0,1
1676157907479,1295,HTTP Request,200,,Thread-Gruppe  1-9,text,true,,647,129,100,100,http://localhost:7000/randomRequest,1295,0,0
1676157907955,819,HTTP Request,200,,Thread-Gruppe  1-97,text,true,,570,129,100,100,http://localhost:7000/randomRequest,819,0,1
1676157907570,1232,HTTP Request,200,,Thread-Gruppe  1-45,text,true,,492,129,100,100,http://localhost:7000/randomRequest,1232,0,1
1676157908254,548,HTTP Request,200,,Thread-Gruppe  1-7,text,true,,415,129,100,100,http://localhost:7000/randomRequest,548,0,0
1676157907878,924,HTTP Request,200,,Thread-Gruppe  1-12,text,true,,560,129,100,100,http://localhost:7000/randomRequest,924,0,0
1676157908183,619,HTTP Request,200,,Thread-Gruppe  1-24,text,true,,419,129,100,100,http://localhost:7000/randomRequest,619,0,0
1676157907994,819,HTTP Request,200,,Thread-Gruppe  1-38,text,true,,557,129,100,100,http://localhost:7000/randomRequest,819,0,0
1676157907907,922,HTTP Request,200,,Thread-Gruppe  1-29,text,true,,403,129,100,100,http://localhost:7000/randomRequest,922,0,0
1676157907784,1045,HTTP Request,200,,Thread-Gruppe  1-4,text,true,,474,129,100,100,http://localhost:7000/randomRequest,1045,0,1
1676157907916,929,HTTP Request,200,,Thread-Gruppe  1-83,text,true,,554,129,100,100,http://localhost:7000/randomRequest,929,0,0
1676157906912,1934,HTTP Request,200,,Thread-Gruppe  1-40,text,true,,537,129,100,100,http://localhost:7000/randomRequest,1934,0,0
1676157908019,827,HTTP Request,200,,Thread-Gruppe  1-86,text,true,,401,129,100,100,http://localhost:7000/randomRequest,827,0,0
1676157907840,1006,HTTP Request,200,,Thread-Gruppe  1-34,text,true,,541,129,100,100,http://localhost:7000/randomRequest,1006,0,0
1676157907730,1141,HTTP Request,200,,Thread-Gruppe  1-77,text,true,,523,129,100,100,http://localhost:7000/randomRequest,1141,0,0
1676157907844,1027,HTTP Request,200,,Thread-Gruppe  1-92,text,true,,485,129,100,100,http://localhost:7000/randomRequest,1027,0,1
1676157908049,822,HTTP Request,200,,Thread-Gruppe  1-60,text,true,,419,129,100,100,http://localhost:7000/randomRequest,822,0,1
1676157907762,1109,HTTP Request,200,,Thread-Gruppe  1-94,text,true,,527,129,100,100,http://localhost:7000/randomRequest,1109,0,1
1676157908278,616,HTTP Request,200,,Thread-Gruppe  1-30,text,true,,418,129,100,100,http://localhost:7000/randomRequest,616,0,0
1676157908123,829,HTTP Request,200,,Thread-Gruppe  1-16,text,true,,563,129,100,100,http://localhost:7000/randomRequest,829,0,0
1676157908440,518,HTTP Request,200,,Thread-Gruppe  1-85,text,true,,560,129,100,100,http://localhost:7000/randomRequest,518,0,0
1676157908141,827,HTTP Request,200,,Thread-Gruppe  1-55,text,true,,569,129,100,100,http://localhost:7000/randomRequest,827,0,1
1676157908049,926,HTTP Request,200,,Thread-Gruppe  1-31,text,true,,492,129,100,100,http://localhost:7000/randomRequest,926,0,1
1676157908355,620,HTTP Request,200,,Thread-Gruppe  1-57,text,true,,578,129,100,100,http://localhost:7000/randomRequest,620,0,1
1676157907530,1445,HTTP Request,200,,Thread-Gruppe  1-54,text,true,,492,129,100,100,http://localhost:7000/randomRequest,1445,0,0
1676157908354,621,HTTP Request,200,,Thread-Gruppe  1-13,text,true,,560,129,100,100,http://localhost:7000/randomRequest,621,0,0
1676157908145,830,HTTP Request,200,,Thread-Gruppe  1-26,text,true,,488,129,100,100,http://localhost:7000/randomRequest,830,0,0
1676157908063,922,HTTP Request,200,,Thread-Gruppe  1-32,text,true,,492,129,100,100,http://localhost:7000/randomRequest,922,0,1
1676157908572,413,HTTP Request,200,,Thread-Gruppe  1-73,text,true,,541,129,100,100,http://localhost:7000/randomRequest,413,0,0
1676157908180,826,HTTP Request,200,,Thread-Gruppe  1-42,text,true,,488,129,100,100,http://localhost:7000/randomRequest,826,0,1
1676157907820,1200,HTTP Request,200,,Thread-Gruppe  1-99,text,true,,537,129,100,100,http://localhost:7000/randomRequest,1200,0,1
1676157908333,727,HTTP Request,200,,Thread-Gruppe  1-15,text,true,,555,129,100,100,http://localhost:7000/randomRequest,727,0,0
1676157908233,830,HTTP Request,200,,Thread-Gruppe  1-63,text,true,,561,129,100,100,http://localhost:7000/randomRequest,830,0,0
1676157908233,830,HTTP Request,200,,Thread-Gruppe  1-61,text,true,,403,129,100,100,http://localhost:7000/randomRequest,830,0,0
1676157907580,1497,HTTP Request,200,,Thread-Gruppe  1-58,text,true,,633,129,100,100,http://localhost:7000/randomRequest,1497,0,0
1676157908563,517,HTTP Request,200,,Thread-Gruppe  1-66,text,true,,419,129,100,100,http://localhost:7000/randomRequest,517,0,0
1676157908159,921,HTTP Request,200,,Thread-Gruppe  1-81,text,true,,568,129,100,100,http://localhost:7000/randomRequest,921,0,0
1676157908466,614,HTTP Request,200,,Thread-Gruppe  1-64,text,true,,550,129,100,100,http://localhost:7000/randomRequest,614,0,1
1676157908678,412,HTTP Request,200,,Thread-Gruppe  1-80,text,true,,419,129,100,100,http://localhost:7000/randomRequest,412,0,0
1676157908386,723,HTTP Request,200,,Thread-Gruppe  1-49,text,true,,492,129,100,100,http://localhost:7000/randomRequest,722,0,0
1676157908303,821,HTTP Request,200,,Thread-Gruppe  1-2,text,true,,419,129,100,100,http://localhost:7000/randomRequest,821,0,0
1676157908303,821,HTTP Request,200,,Thread-Gruppe  1-74,text,true,,564,129,100,100,http://localhost:7000/randomRequest,821,0,0
1676157908622,516,HTTP Request,200,,Thread-Gruppe  1-68,text,true,,492,129,100,100,http://localhost:7000/randomRequest,516,0,1
1676157908123,1030,HTTP Request,200,,Thread-Gruppe  1-88,text,true,,489,129,100,100,http://localhost:7000/randomRequest,1030,0,0
1676157907528,1625,HTTP Request,200,,Thread-Gruppe  1-6,text,true,,526,129,100,100,http://localhost:7000/randomRequest,1625,0,0
1676157908750,414,HTTP Request,200,,Thread-Gruppe  1-5,text,true,,419,129,100,100,http://localhost:7000/randomRequest,414,0,0
1676157908355,825,HTTP Request,200,,Thread-Gruppe  1-75,text,true,,492,129,100,100,http://localhost:7000/randomRequest,825,0,1
1676157908460,720,HTTP Request,200,,Thread-Gruppe  1-91,text,true,,417,129,100,100,http://localhost:7000/randomRequest,720,0,0
1676157908159,1026,HTTP Request,200,,Thread-Gruppe  1-10,text,true,,492,129,100,100,http://localhost:7000/randomRequest,1026,0,0
1676157908266,945,HTTP Request,200,,Thread-Gruppe  1-25,text,true,,417,129,100,100,http://localhost:7000/randomRequest,945,0,1
1676157908247,1007,HTTP Request,200,,Thread-Gruppe  1-89,text,true,,633,129,100,100,http://localhost:7000/randomRequest,1007,0,0
1676157908742,515,HTTP Request,200,,Thread-Gruppe  1-44,text,true,,488,129,100,100,http://localhost:7000/randomRequest,515,0,0
1676157908846,414,HTTP Request,200,,Thread-Gruppe  1-86,text,true,,419,129,100,100,http://localhost:7000/randomRequest,414,0,1
1676157908440,828,HTTP Request,200,,Thread-Gruppe  1-87,text,true,,419,129,100,100,http://localhost:7000/randomRequest,828,0,0
1676157908563,722,HTTP Request,200,,Thread-Gruppe  1-69,text,true,,492,129,100,100,http://localhost:7000/randomRequest,722,0,0
1676157908563,722,HTTP Request,200,,Thread-Gruppe  1-67,text,true,,486,129,100,100,http://localhost:7000/randomRequest,722,0,0
1676157908355,930,HTTP Request,200,,Thread-Gruppe  1-98,text,true,,483,129,100,100,http://localhost:7000/randomRequest,930,0,1
1676157908774,523,HTTP Request,200,,Thread-Gruppe  1-9,text,true,,419,129,100,100,http://localhost:7000/randomRequest,523,0,1
1676157908678,619,HTTP Request,200,,Thread-Gruppe  1-27,text,true,,417,129,100,100,http://localhost:7000/randomRequest,619,0,0
1676157908007,1307,HTTP Request,200,,Thread-Gruppe  1-48,text,true,,537,129,100,100,http://localhost:7000/randomRequest,1307,0,0
1676157908384,930,HTTP Request,200,,Thread-Gruppe  1-47,text,true,,488,129,100,100,http://localhost:7000/randomRequest,930,0,0
1676157907916,1405,HTTP Request,200,,Thread-Gruppe  1-78,text,true,,633,129,100,100,http://localhost:7000/randomRequest,1405,0,0
1676157908813,517,HTTP Request,200,,Thread-Gruppe  1-38,text,true,,1022,129,100,100,http://localhost:7000/randomRequest,517,0,0
1676157908829,516,HTTP Request,200,,Thread-Gruppe  1-29,text,true,,550,129,100,100,http://localhost:7000/randomRequest,516,0,0
1676157908750,619,HTTP Request,200,,Thread-Gruppe  1-50,text,true,,419,129,100,100,http://localhost:7000/randomRequest,619,0,0
1676157908544,846,HTTP Request,200,,Thread-Gruppe  1-8,text,true,,414,129,100,100,http://localhost:7000/randomRequest,846,0,1
1676157908975,419,HTTP Request,200,,Thread-Gruppe  1-54,text,true,,564,129,100,100,http://localhost:7000/randomRequest,419,0,0
1676157908460,942,HTTP Request,200,,Thread-Gruppe  1-43,text,true,,417,129,100,100,http://localhost:7000/randomRequest,942,0,0
1676157908697,721,HTTP Request,200,,Thread-Gruppe  1-11,text,true,,575,129,100,100,http://localhost:7000/randomRequest,721,0,1
1676157908774,644,HTTP Request,200,,Thread-Gruppe  1-97,text,true,,569,129,100,100,http://localhost:7000/randomRequest,644,0,1
1676157908802,618,HTTP Request,200,,Thread-Gruppe  1-12,text,true,,490,129,100,100,http://localhost:7000/randomRequest,618,0,0
1676157908019,1402,HTTP Request,200,,Thread-Gruppe  1-46,text,true,,640,129,100,100,http://localhost:7000/randomRequest,1402,0,0
1676157907820,1615,HTTP Request,200,,Thread-Gruppe  1-52,text,true,,527,129,100,100,http://localhost:7000/randomRequest,1615,0,1
1676157908355,1103,HTTP Request,200,,Thread-Gruppe  1-71,text,true,,537,129,100,100,http://localhost:7000/randomRequest,1103,0,1
1676157908250,1208,HTTP Request,200,,Thread-Gruppe  1-62,text,true,,536,129,100,100,http://localhost:7000/randomRequest,1208,0,0
1676157908750,719,HTTP Request,200,,Thread-Gruppe  1-79,text,true,,481,129,100,100,http://localhost:7000/randomRequest,719,0,0
1676157908558,934,HTTP Request,200,,Thread-Gruppe  1-1,text,true,,523,129,100,100,http://localhost:7000/randomRequest,934,0,0
1676157908975,517,HTTP Request,200,,Thread-Gruppe  1-13,text,true,,571,129,100,100,http://localhost:7000/randomRequest,517,0,0
1676157908769,723,HTTP Request,200,,Thread-Gruppe  1-28,text,true,,492,129,100,100,http://localhost:7000/randomRequest,723,0,0
1676157907844,1648,HTTP Request,200,,Thread-Gruppe  1-20,text,true,,527,129,100,100,http://localhost:7000/randomRequest,1648,0,1
1676157908460,1032,HTTP Request,200,,Thread-Gruppe  1-96,text,true,,489,129,100,100,http://localhost:7000/randomRequest,1032,0,0
1676157908466,1032,HTTP Request,200,,Thread-Gruppe  1-35,text,true,,492,129,100,100,http://localhost:7000/randomRequest,1032,0,1
1676157908985,520,HTTP Request,200,,Thread-Gruppe  1-32,text,true,,419,129,100,100,http://localhost:7000/randomRequest,520,0,0
1676157908829,722,HTTP Request,200,,Thread-Gruppe  1-4,text,true,,548,129,100,100,http://localhost:7000/randomRequest,722,0,0
1676157908952,616,HTTP Request,200,,Thread-Gruppe  1-16,text,true,,488,129,100,100,http://localhost:7000/randomRequest,616,0,0
1676157908959,622,HTTP Request,200,,Thread-Gruppe  1-85,text,true,,417,129,100,100,http://localhost:7000/randomRequest,622,0,0
1676157909063,518,HTTP Request,200,,Thread-Gruppe  1-61,text,true,,2166,129,100,100,http://localhost:7000/randomRequest,518,0,1
1676157908871,724,HTTP Request,200,,Thread-Gruppe  1-77,text,true,,419,129,100,100,http://localhost:7000/randomRequest,724,0,0
1676157908975,620,HTTP Request,200,,Thread-Gruppe  1-57,text,true,,492,129,100,100,http://localhost:7000/randomRequest,620,0,0
1676157908661,934,HTTP Request,200,,Thread-Gruppe  1-17,text,true,,539,129,100,100,http://localhost:7000/randomRequest,934,0,0
1676157908386,1216,HTTP Request,200,,Thread-Gruppe  1-36,text,true,,495,129,100,100,http://localhost:7000/randomRequest,1216,0,0
1676157908802,818,HTTP Request,200,,Thread-Gruppe  1-7,text,true,,419,129,100,100,http://localhost:7000/randomRequest,818,0,0
1676157908558,1097,HTTP Request,200,,Thread-Gruppe  1-82,text,true,,643,129,100,100,http://localhost:7000/randomRequest,1097,0,0
1676157908750,922,HTTP Request,200,,Thread-Gruppe  1-21,text,true,,489,129,100,100,http://localhost:7000/randomRequest,922,0,0
1676157908667,1031,HTTP Request,200,,Thread-Gruppe  1-18,text,true,,490,129,100,100,http://localhost:7000/randomRequest,1031,0,0
1676157908871,838,HTTP Request,200,,Thread-Gruppe  1-92,text,true,,554,129,100,100,http://localhost:7000/randomRequest,838,0,0
1676157908802,919,HTTP Request,200,,Thread-Gruppe  1-45,text,true,,403,129,100,100,http://localhost:7000/randomRequest,919,0,0
1676157908622,1136,HTTP Request,200,,Thread-Gruppe  1-39,text,true,,492,129,100,100,http://localhost:7000/randomRequest,1136,0,1
1676157909331,430,HTTP Request,200,,Thread-Gruppe  1-38,text,true,,556,129,100,100,http://localhost:7000/randomRequest,430,0,0
1676157909021,740,HTTP Request,200,,Thread-Gruppe  1-99,text,true,,574,129,100,100,http://localhost:7000/randomRequest,740,0,0
1676157908460,1308,HTTP Request,200,,Thread-Gruppe  1-56,text,true,,633,129,100,100,http://localhost:7000/randomRequest,1308,0,0
1676157908845,923,HTTP Request,200,,Thread-Gruppe  1-83,text,true,,640,129,100,100,http://localhost:7000/randomRequest,923,0,1
1676157909153,619,HTTP Request,200,,Thread-Gruppe  1-88,text,true,,558,129,100,100,http://localhost:7000/randomRequest,619,0,0
1676157909257,515,HTTP Request,200,,Thread-Gruppe  1-44,text,true,,578,129,100,100,http://localhost:7000/randomRequest,515,0,0
1676157909255,517,HTTP Request,200,,Thread-Gruppe  1-89,text,true,,558,129,100,100,http://localhost:7000/randomRequest,517,0,0
1676157908871,931,HTTP Request,200,,Thread-Gruppe  1-94,text,true,,488,129,100,100,http://localhost:7000/randomRequest,931,0,0
1676157909285,517,HTTP Request,200,,Thread-Gruppe  1-67,text,true,,481,129,100,100,http://localhost:7000/randomRequest,517,0,0
1676157909081,728,HTTP Request,200,,Thread-Gruppe  1-64,text,true,,558,129,100,100,http://localhost:7000/randomRequest,728,0,0
1676157909090,719,HTTP Request,200,,Thread-Gruppe  1-80,text,true,,550,129,100,100,http://localhost:7000/randomRequest,719,0,0
1676157909314,507,HTTP Request,200,,Thread-Gruppe  1-47,text,true,,492,129,100,100,http://localhost:7000/randomRequest,507,0,0
1676157909006,815,HTTP Request,200,,Thread-Gruppe  1-42,text,true,,555,129,100,100,http://localhost:7000/randomRequest,815,0,0
1676157909260,616,HTTP Request,200,,Thread-Gruppe  1-86,text,true,,492,129,100,100,http://localhost:7000/randomRequest,616,0,0
1676157908744,1132,HTTP Request,200,,Thread-Gruppe  1-95,text,true,,488,129,100,100,http://localhost:7000/randomRequest,1132,0,0
1676157908985,905,HTTP Request,200,,Thread-Gruppe  1-73,text,true,,633,129,100,100,http://localhost:7000/randomRequest,905,0,0
1676157907944,1959,HTTP Request,200,,Thread-Gruppe  1-70,text,true,,537,129,100,100,http://localhost:7000/randomRequest,1959,0,1
1676157909081,829,HTTP Request,200,,Thread-Gruppe  1-81,text,true,,551,129,100,100,http://localhost:7000/randomRequest,829,0,0
1676157909297,613,HTTP Request,200,,Thread-Gruppe  1-9,text,true,,419,129,100,100,http://localhost:7000/randomRequest,613,0,1
1676157909394,516,HTTP Request,200,,Thread-Gruppe  1-54,text,true,,485,129,100,100,http://localhost:7000/randomRequest,516,0,0
1676157909419,502,HTTP Request,200,,Thread-Gruppe  1-97,text,true,,419,129,100,100,http://localhost:7000/randomRequest,502,0,0
1676157909109,812,HTTP Request,200,,Thread-Gruppe  1-49,text,true,,418,129,100,100,http://localhost:7000/randomRequest,812,0,0
1676157908802,1119,HTTP Request,200,,Thread-Gruppe  1-24,text,true,,550,129,100,100,http://localhost:7000/randomRequest,1119,0,0
1676157909125,827,HTTP Request,200,,Thread-Gruppe  1-2,text,true,,545,129,100,100,http://localhost:7000/randomRequest,827,0,0
1676157908894,1100,HTTP Request,200,,Thread-Gruppe  1-30,text,true,,493,129,100,100,http://localhost:7000/randomRequest,1100,0,1
1676157909180,825,HTTP Request,200,,Thread-Gruppe  1-91,text,true,,492,129,100,100,http://localhost:7000/randomRequest,825,0,1
1676157909595,410,HTTP Request,200,,Thread-Gruppe  1-77,text,true,,558,129,100,100,http://localhost:7000/randomRequest,410,0,0
1676157909595,410,HTTP Request,200,,Thread-Gruppe  1-57,text,true,,559,129,100,100,http://localhost:7000/randomRequest,410,0,0
1676157909402,612,HTTP Request,200,,Thread-Gruppe  1-43,text,true,,547,129,100,100,http://localhost:7000/randomRequest,612,0,0
1676157909080,934,HTTP Request,200,,Thread-Gruppe  1-66,text,true,,482,129,100,100,http://localhost:7000/randomRequest,934,0,0
1676157909435,621,HTTP Request,200,,Thread-Gruppe  1-52,text,true,,530,129,100,100,http://localhost:7000/randomRequest,621,0,0
1676157908846,1210,HTTP Request,200,,Thread-Gruppe  1-40,text,true,,643,129,100,100,http://localhost:7000/randomRequest,1210,0,1
1676157909153,929,HTTP Request,200,,Thread-Gruppe  1-6,text,true,,492,129,100,100,http://localhost:7000/randomRequest,929,0,0
1676157908558,1539,HTTP Request,200,,Thread-Gruppe  1-76,text,true,,527,129,100,100,http://localhost:7000/randomRequest,1539,0,0
1676157908968,1129,HTTP Request,200,,Thread-Gruppe  1-55,text,true,,481,129,100,100,http://localhost:7000/randomRequest,1129,0,1
1676157909492,617,HTTP Request,200,,Thread-Gruppe  1-20,text,true,,483,129,100,100,http://localhost:7000/randomRequest,617,0,1
1676157908975,1134,HTTP Request,200,,Thread-Gruppe  1-31,text,true,,485,129,100,100,http://localhost:7000/randomRequest,1134,0,0
1676157909077,1032,HTTP Request,200,,Thread-Gruppe  1-58,text,true,,492,129,100,100,http://localhost:7000/randomRequest,1032,0,0
1676157909506,612,HTTP Request,200,,Thread-Gruppe  1-32,text,true,,488,129,100,100,http://localhost:7000/randomRequest,612,0,0
1676157909321,819,HTTP Request,200,,Thread-Gruppe  1-78,text,true,,562,129,100,100,http://localhost:7000/randomRequest,819,0,0
1676157909138,1032,HTTP Request,200,,Thread-Gruppe  1-68,text,true,,488,129,100,100,http://localhost:7000/randomRequest,1032,0,0
1676157909759,413,HTTP Request,200,,Thread-Gruppe  1-39,text,true,,417,129,100,100,http://localhost:7000/randomRequest,413,0,0
1676157908871,1301,HTTP Request,200,,Thread-Gruppe  1-60,text,true,,645,129,100,100,http://localhost:7000/randomRequest,1301,0,0
1676157909672,510,HTTP Request,200,,Thread-Gruppe  1-21,text,true,,492,129,100,100,http://localhost:7000/randomRequest,510,0,0
1676157909459,723,HTTP Request,200,,Thread-Gruppe  1-71,text,true,,490,129,100,100,http://localhost:7000/randomRequest,723,0,0
1676157909421,784,HTTP Request,200,,Thread-Gruppe  1-46,text,true,,537,129,100,100,http://localhost:7000/randomRequest,784,0,1
1676157909492,717,HTTP Request,200,,Thread-Gruppe  1-1,text,true,,403,129,100,100,http://localhost:7000/randomRequest,717,0,1
1676157909285,924,HTTP Request,200,,Thread-Gruppe  1-69,text,true,,548,129,100,100,http://localhost:7000/randomRequest,924,0,0
1676157909492,717,HTTP Request,200,,Thread-Gruppe  1-28,text,true,,492,129,100,100,http://localhost:7000/randomRequest,717,0,1
1676157909164,1054,HTTP Request,200,,Thread-Gruppe  1-5,text,true,,564,129,100,100,http://localhost:7000/randomRequest,1054,0,1
1676157909709,511,HTTP Request,200,,Thread-Gruppe  1-92,text,true,,554,129,100,100,http://localhost:7000/randomRequest,511,0,0
1676157908975,1245,HTTP Request,200,,Thread-Gruppe  1-26,text,true,,403,129,100,100,http://localhost:7000/randomRequest,1245,0,0
1676157909285,947,HTTP Request,200,,Thread-Gruppe  1-98,text,true,,572,129,100,100,http://localhost:7000/randomRequest,947,0,0
1676157909211,1021,HTTP Request,200,,Thread-Gruppe  1-25,text,true,,561,129,100,100,http://localhost:7000/randomRequest,1021,0,0
1676157909761,515,HTTP Request,200,,Thread-Gruppe  1-99,text,true,,419,129,100,100,http://localhost:7000/randomRequest,515,0,1
1676157909655,621,HTTP Request,200,,Thread-Gruppe  1-82,text,true,,490,129,100,100,http://localhost:7000/randomRequest,621,0,0
1676157909768,512,HTTP Request,200,,Thread-Gruppe  1-56,text,true,,492,129,100,100,http://localhost:7000/randomRequest,512,0,1
1676157909772,510,HTTP Request,200,,Thread-Gruppe  1-88,text,true,,485,129,100,100,http://localhost:7000/randomRequest,510,0,1
1676157909772,510,HTTP Request,200,,Thread-Gruppe  1-44,text,true,,492,129,100,100,http://localhost:7000/randomRequest,510,0,1
1676157909569,713,HTTP Request,200,,Thread-Gruppe  1-16,text,true,,551,129,100,100,http://localhost:7000/randomRequest,713,0,0
1676157909470,821,HTTP Request,200,,Thread-Gruppe  1-79,text,true,,568,129,100,100,http://localhost:7000/randomRequest,821,0,0
1676157909876,415,HTTP Request,200,,Thread-Gruppe  1-86,text,true,,492,129,100,100,http://localhost:7000/randomRequest,415,0,0
1676157909698,616,HTTP Request,200,,Thread-Gruppe  1-18,text,true,,418,129,100,100,http://localhost:7000/randomRequest,616,0,1
1676157909602,718,HTTP Request,200,,Thread-Gruppe  1-36,text,true,,546,129,100,100,http://localhost:7000/randomRequest,718,0,0
1676157909809,511,HTTP Request,200,,Thread-Gruppe  1-64,text,true,,560,129,100,100,http://localhost:7000/randomRequest,511,0,0
1676157909821,515,HTTP Request,200,,Thread-Gruppe  1-47,text,true,,485,129,100,100,http://localhost:7000/randomRequest,515,0,0
1676157909721,622,HTTP Request,200,,Thread-Gruppe  1-45,text,true,,489,129,100,100,http://localhost:7000/randomRequest,622,0,0
1676157909551,821,HTTP Request,200,,Thread-Gruppe  1-4,text,true,,486,129,100,100,http://localhost:7000/randomRequest,821,0,0
1676157909060,1317,HTTP Request,200,,Thread-Gruppe  1-15,text,true,,541,129,100,100,http://localhost:7000/randomRequest,1317,0,0
1676157908846,1539,HTTP Request,200,,Thread-Gruppe  1-34,text,true,,487,129,100,100,http://localhost:7000/randomRequest,1539,0,1
1676157909768,617,HTTP Request,200,,Thread-Gruppe  1-83,text,true,,492,129,100,100,http://localhost:7000/randomRequest,617,0,1
1676157909821,618,HTTP Request,200,,Thread-Gruppe  1-42,text,true,,490,129,100,100,http://localhost:7000/randomRequest,618,0,0
1676157909345,1136,HTTP Request,200,,Thread-Gruppe  1-29,text,true,,538,129,100,100,http://localhost:7000/randomRequest,1136,0,1
1676157909876,622,HTTP Request,200,,Thread-Gruppe  1-95,text,true,,492,129,100,100,http://localhost:7000/randomRequest,622,0,0
1676157910005,517,HTTP Request,200,,Thread-Gruppe  1-91,text,true,,564,129,100,100,http://localhost:7000/randomRequest,517,0,1
1676157909492,1048,HTTP Request,200,,Thread-Gruppe  1-96,text,true,,671,129,100,100,http://localhost:7000/randomRequest,1048,0,1
1676157909314,1230,HTTP Request,200,,Thread-Gruppe  1-48,text,true,,488,129,100,100,http://localhost:7000/randomRequest,1229,0,0
1676157909419,1125,HTTP Request,200,,Thread-Gruppe  1-11,text,true,,486,129,100,100,http://localhost:7000/randomRequest,1124,0,0
1676157909621,923,HTTP Request,200,,Thread-Gruppe  1-7,text,true,,562,129,100,100,http://localhost:7000/randomRequest,923,0,0
1676157908544,2028,HTTP Request,200,,Thread-Gruppe  1-100,text,true,,526,129,100,100,http://localhost:7000/randomRequest,2028,0,1
1676157910057,515,HTTP Request,200,,Thread-Gruppe  1-52,text,true,,570,129,100,100,http://localhost:7000/randomRequest,515,0,0
1676157910057,515,HTTP Request,200,,Thread-Gruppe  1-40,text,true,,558,129,100,100,http://localhost:7000/randomRequest,515,0,0
1676157909269,1313,HTTP Request,200,,Thread-Gruppe  1-87,text,true,,643,129,100,100,http://localhost:7000/randomRequest,1313,0,0
1676157909952,642,HTTP Request,200,,Thread-Gruppe  1-2,text,true,,556,129,100,100,http://localhost:7000/randomRequest,642,0,0
1676157909809,793,HTTP Request,200,,Thread-Gruppe  1-80,text,true,,641,129,100,100,http://localhost:7000/randomRequest,793,0,0
1676157909994,621,HTTP Request,200,,Thread-Gruppe  1-30,text,true,,489,129,100,100,http://localhost:7000/randomRequest,621,0,1
1676157909581,1034,HTTP Request,200,,Thread-Gruppe  1-61,text,true,,567,129,100,100,http://localhost:7000/randomRequest,1034,0,0
1676157909903,717,HTTP Request,200,,Thread-Gruppe  1-70,text,true,,558,129,100,100,http://localhost:7000/randomRequest,717,0,0
1676157910109,516,HTTP Request,200,,Thread-Gruppe  1-20,text,true,,403,129,100,100,http://localhost:7000/randomRequest,516,0,1
1676157910005,620,HTTP Request,200,,Thread-Gruppe  1-77,text,true,,419,129,100,100,http://localhost:7000/randomRequest,620,0,1
1676157910005,620,HTTP Request,200,,Thread-Gruppe  1-57,text,true,,564,129,100,100,http://localhost:7000/randomRequest,620,0,1
1676157909420,1208,HTTP Request,200,,Thread-Gruppe  1-12,text,true,,647,129,100,100,http://localhost:7000/randomRequest,1208,0,0
1676157909921,725,HTTP Request,200,,Thread-Gruppe  1-97,text,true,,419,129,100,100,http://localhost:7000/randomRequest,725,0,1
1676157909390,1308,HTTP Request,200,,Thread-Gruppe  1-8,text,true,,643,129,100,100,http://localhost:7000/randomRequest,1308,0,0
1676157910097,622,HTTP Request,200,,Thread-Gruppe  1-55,text,true,,416,129,100,100,http://localhost:7000/randomRequest,622,0,1
1676157909802,924,HTTP Request,200,,Thread-Gruppe  1-67,text,true,,419,129,100,100,http://localhost:7000/randomRequest,924,0,1
1676157909492,1234,HTTP Request,200,,Thread-Gruppe  1-13,text,true,,492,129,100,100,http://localhost:7000/randomRequest,1234,0,1
1676157909802,924,HTTP Request,200,,Thread-Gruppe  1-94,text,true,,558,129,100,100,http://localhost:7000/randomRequest,924,0,1
1676157910217,511,HTTP Request,200,,Thread-Gruppe  1-5,text,true,,419,129,100,100,http://localhost:7000/randomRequest,511,0,1
1676157910231,517,HTTP Request,200,,Thread-Gruppe  1-25,text,true,,418,129,100,100,http://localhost:7000/randomRequest,517,0,0
1676157910140,621,HTTP Request,200,,Thread-Gruppe  1-78,text,true,,419,129,100,100,http://localhost:7000/randomRequest,621,0,1
1676157910172,623,HTTP Request,200,,Thread-Gruppe  1-60,text,true,,418,129,100,100,http://localhost:7000/randomRequest,623,0,0
1676157909369,1433,HTTP Request,200,,Thread-Gruppe  1-50,text,true,,492,129,100,100,http://localhost:7000/randomRequest,1433,0,0
1676157910281,520,HTTP Request,200,,Thread-Gruppe  1-88,text,true,,492,129,100,100,http://localhost:7000/randomRequest,520,0,1
1676157910181,620,HTTP Request,200,,Thread-Gruppe  1-21,text,true,,481,129,100,100,http://localhost:7000/randomRequest,620,0,0
1676157909180,1622,HTTP Request,200,,Thread-Gruppe  1-75,text,true,,538,129,100,100,http://localhost:7000/randomRequest,1622,0,1
1676157910204,616,HTTP Request,200,,Thread-Gruppe  1-46,text,true,,492,129,100,100,http://localhost:7000/randomRequest,616,0,1
1676157909297,1524,HTTP Request,200,,Thread-Gruppe  1-27,text,true,,643,129,100,100,http://localhost:7000/randomRequest,1524,0,1
1676157909921,931,HTTP Request,200,,Thread-Gruppe  1-49,text,true,,570,129,100,100,http://localhost:7000/randomRequest,931,0,1
1676157910231,620,HTTP Request,200,,Thread-Gruppe  1-98,text,true,,419,129,100,100,http://localhost:7000/randomRequest,620,0,0
1676157910336,515,HTTP Request,200,,Thread-Gruppe  1-47,text,true,,492,129,100,100,http://localhost:7000/randomRequest,515,0,0
1676157909459,1416,HTTP Request,200,,Thread-Gruppe  1-62,text,true,,536,129,100,100,http://localhost:7000/randomRequest,1416,0,0
1676157909761,1133,HTTP Request,200,,Thread-Gruppe  1-38,text,true,,492,129,100,100,http://localhost:7000/randomRequest,1133,0,1
1676157910275,625,HTTP Request,200,,Thread-Gruppe  1-99,text,true,,549,129,100,100,http://localhost:7000/randomRequest,625,0,1
1676157910279,625,HTTP Request,200,,Thread-Gruppe  1-56,text,true,,492,129,100,100,http://localhost:7000/randomRequest,625,0,0
1676157910384,520,HTTP Request,200,,Thread-Gruppe  1-34,text,true,,485,129,100,100,http://localhost:7000/randomRequest,520,0,0
1676157910181,723,HTTP Request,200,,Thread-Gruppe  1-71,text,true,,492,129,100,100,http://localhost:7000/randomRequest,723,0,0
1676157910082,823,HTTP Request,200,,Thread-Gruppe  1-6,text,true,,486,129,100,100,http://localhost:7000/randomRequest,823,0,1
1676157910290,619,HTTP Request,200,,Thread-Gruppe  1-86,text,true,,492,129,100,100,http://localhost:7000/randomRequest,619,0,0
1676157909910,1000,HTTP Request,200,,Thread-Gruppe  1-54,text,true,,541,129,100,100,http://localhost:7000/randomRequest,1000,0,1
1676157909595,1340,HTTP Request,200,,Thread-Gruppe  1-17,text,true,,403,129,100,100,http://localhost:7000/randomRequest,1340,0,0
1676157909910,1025,HTTP Request,200,,Thread-Gruppe  1-9,text,true,,403,129,100,100,http://localhost:7000/randomRequest,1025,0,1
1676157909910,1025,HTTP Request,200,,Thread-Gruppe  1-81,text,true,,560,129,100,100,http://localhost:7000/randomRequest,1025,0,1
1676157910208,726,HTTP Request,200,,Thread-Gruppe  1-1,text,true,,418,129,100,100,http://localhost:7000/randomRequest,726,0,1
1676157910219,724,HTTP Request,200,,Thread-Gruppe  1-92,text,true,,367,129,100,100,http://localhost:7000/randomRequest,724,0,0
1676157910543,415,HTTP Request,200,,Thread-Gruppe  1-11,text,true,,419,129,100,100,http://localhost:7000/randomRequest,415,0,0
1676157910170,834,HTTP Request,200,,Thread-Gruppe  1-68,text,true,,416,129,100,100,http://localhost:7000/randomRequest,834,0,0
1676157910275,729,HTTP Request,200,,Thread-Gruppe  1-82,text,true,,551,129,100,100,http://localhost:7000/randomRequest,729,0,1
1676157909498,1517,HTTP Request,200,,Thread-Gruppe  1-35,text,true,,527,129,100,100,http://localhost:7000/randomRequest,1517,0,0
1676157910498,516,HTTP Request,200,,Thread-Gruppe  1-95,text,true,,419,129,100,100,http://localhost:7000/randomRequest,516,0,0
1676157909921,1106,HTTP Request,200,,Thread-Gruppe  1-24,text,true,,537,129,100,100,http://localhost:7000/randomRequest,1106,0,1
1676157910313,726,HTTP Request,200,,Thread-Gruppe  1-18,text,true,,418,129,100,100,http://localhost:7000/randomRequest,726,0,1
1676157910014,1026,HTTP Request,200,,Thread-Gruppe  1-43,text,true,,485,129,100,100,http://localhost:7000/randomRequest,1026,0,0
1676157910208,831,HTTP Request,200,,Thread-Gruppe  1-69,text,true,,566,129,100,100,http://localhost:7000/randomRequest,831,0,1
1676157910319,725,HTTP Request,200,,Thread-Gruppe  1-64,text,true,,481,129,100,100,http://localhost:7000/randomRequest,725,0,1
1676157910319,725,HTTP Request,200,,Thread-Gruppe  1-36,text,true,,560,129,100,100,http://localhost:7000/randomRequest,725,0,1
1676157910539,517,HTTP Request,200,,Thread-Gruppe  1-96,text,true,,403,129,100,100,http://localhost:7000/randomRequest,517,0,0
1676157910543,519,HTTP Request,200,,Thread-Gruppe  1-7,text,true,,485,129,100,100,http://localhost:7000/randomRequest,519,0,1
1676157910480,638,HTTP Request,200,,Thread-Gruppe  1-29,text,true,,417,129,100,100,http://localhost:7000/randomRequest,638,0,0
1676157910097,1022,HTTP Request,200,,Thread-Gruppe  1-76,text,true,,541,129,100,100,http://localhost:7000/randomRequest,1022,0,1
1676157909125,2019,HTTP Request,200,,Thread-Gruppe  1-74,text,true,,537,129,100,100,http://localhost:7000/randomRequest,2019,0,0
1676157910624,519,HTTP Request,200,,Thread-Gruppe  1-77,text,true,,415,129,100,100,http://localhost:7000/randomRequest,519,0,1
1676157910624,519,HTTP Request,200,,Thread-Gruppe  1-20,text,true,,418,129,100,100,http://localhost:7000/randomRequest,519,0,1
1676157910571,622,HTTP Request,200,,Thread-Gruppe  1-52,text,true,,485,129,100,100,http://localhost:7000/randomRequest,622,0,1
1676157910281,930,HTTP Request,200,,Thread-Gruppe  1-44,text,true,,488,129,100,100,http://localhost:7000/randomRequest,930,0,1
1676157910290,931,HTTP Request,200,,Thread-Gruppe  1-79,text,true,,481,129,100,100,http://localhost:7000/randomRequest,931,0,0
1676157909772,1450,HTTP Request,200,,Thread-Gruppe  1-89,text,true,,537,129,100,100,http://localhost:7000/randomRequest,1450,0,1
1676157910619,615,HTTP Request,200,,Thread-Gruppe  1-70,text,true,,415,129,100,100,http://localhost:7000/randomRequest,615,0,0
1676157910208,1036,HTTP Request,200,,Thread-Gruppe  1-28,text,true,,492,129,100,100,http://localhost:7000/randomRequest,1036,0,1
1676157910521,723,HTTP Request,200,,Thread-Gruppe  1-91,text,true,,492,129,100,100,http://localhost:7000/randomRequest,723,0,1
1676157910760,510,HTTP Request,200,,Thread-Gruppe  1-78,text,true,,556,129,100,100,http://localhost:7000/randomRequest,510,0,0
1676157910384,892,HTTP Request,200,,Thread-Gruppe  1-83,text,true,,643,129,100,100,http://localhost:7000/randomRequest,892,0,0
1676157910593,723,HTTP Request,200,,Thread-Gruppe  1-2,text,true,,486,129,100,100,http://localhost:7000/randomRequest,723,0,1
1676157910109,1214,HTTP Request,200,,Thread-Gruppe  1-58,text,true,,541,129,100,100,http://localhost:7000/randomRequest,1213,0,1
1676157910614,725,HTTP Request,200,,Thread-Gruppe  1-30,text,true,,419,129,100,100,http://localhost:7000/randomRequest,724,0,0
1676157910614,725,HTTP Request,200,,Thread-Gruppe  1-61,text,true,,489,129,100,100,http://localhost:7000/randomRequest,724,0,0
1676157910624,725,HTTP Request,200,,Thread-Gruppe  1-57,text,true,,488,129,100,100,http://localhost:7000/randomRequest,725,0,1
1676157910725,624,HTTP Request,200,,Thread-Gruppe  1-94,text,true,,485,129,100,100,http://localhost:7000/randomRequest,624,0,1
1676157910851,516,HTTP Request,200,,Thread-Gruppe  1-49,text,true,,419,129,100,100,http://localhost:7000/randomRequest,516,0,0
1676157910342,1030,HTTP Request,200,,Thread-Gruppe  1-45,text,true,,492,129,100,100,http://localhost:7000/randomRequest,1030,0,0
1676157909581,1830,HTTP Request,200,,Thread-Gruppe  1-85,text,true,,537,129,100,100,http://localhost:7000/randomRequest,1830,0,0
1676157910571,849,HTTP Request,200,,Thread-Gruppe  1-100,text,true,,564,129,100,100,http://localhost:7000/randomRequest,849,0,1
1676157910281,1139,HTTP Request,200,,Thread-Gruppe  1-16,text,true,,491,129,100,100,http://localhost:7000/randomRequest,1139,0,1
1676157910543,899,HTTP Request,200,,Thread-Gruppe  1-48,text,true,,644,129,100,100,http://localhost:7000/randomRequest,899,0,0
1676157910749,720,HTTP Request,200,,Thread-Gruppe  1-25,text,true,,492,129,100,100,http://localhost:7000/randomRequest,720,0,0
1676157910581,908,HTTP Request,200,,Thread-Gruppe  1-87,text,true,,480,129,100,100,http://localhost:7000/randomRequest,908,0,0
1676157910371,1118,HTTP Request,200,,Thread-Gruppe  1-4,text,true,,643,129,100,100,http://localhost:7000/randomRequest,1118,0,1
1676157910801,724,HTTP Request,200,,Thread-Gruppe  1-75,text,true,,552,129,100,100,http://localhost:7000/randomRequest,724,0,1
1676157910910,615,HTTP Request,200,,Thread-Gruppe  1-86,text,true,,540,129,100,100,http://localhost:7000/randomRequest,615,0,0
1676157910904,621,HTTP Request,200,,Thread-Gruppe  1-56,text,true,,540,129,100,100,http://localhost:7000/randomRequest,621,0,1
1676157910601,925,HTTP Request,200,,Thread-Gruppe  1-80,text,true,,492,129,100,100,http://localhost:7000/randomRequest,925,0,0
1676157911015,511,HTTP Request,200,,Thread-Gruppe  1-95,text,true,,549,129,100,100,http://localhost:7000/randomRequest,511,0,0
1676157911026,518,HTTP Request,200,,Thread-Gruppe  1-24,text,true,,419,129,100,100,http://localhost:7000/randomRequest,518,0,0
1676157910820,724,HTTP Request,200,,Thread-Gruppe  1-27,text,true,,488,129,100,100,http://localhost:7000/randomRequest,724,0,0
1676157910820,725,HTTP Request,200,,Thread-Gruppe  1-46,text,true,,492,129,100,100,http://localhost:7000/randomRequest,724,0,0
1676157910725,829,HTTP Request,200,,Thread-Gruppe  1-13,text,true,,554,129,100,100,http://localhost:7000/randomRequest,829,0,1
1676157911039,515,HTTP Request,200,,Thread-Gruppe  1-69,text,true,,492,129,100,100,http://localhost:7000/randomRequest,515,0,0
1676157911144,412,HTTP Request,200,,Thread-Gruppe  1-74,text,true,,492,129,100,100,http://localhost:7000/randomRequest,412,0,0
1676157910645,929,HTTP Request,200,,Thread-Gruppe  1-97,text,true,,549,129,100,100,http://localhost:7000/randomRequest,929,0,0
1676157910376,1198,HTTP Request,200,,Thread-Gruppe  1-15,text,true,,540,129,100,100,http://localhost:7000/randomRequest,1198,0,1
1676157910119,1456,HTTP Request,200,,Thread-Gruppe  1-32,text,true,,541,129,100,100,http://localhost:7000/randomRequest,1456,0,0
1676157910172,1445,HTTP Request,200,,Thread-Gruppe  1-39,text,true,,546,129,100,100,http://localhost:7000/randomRequest,1445,0,0
1676157910801,822,HTTP Request,200,,Thread-Gruppe  1-88,text,true,,481,129,100,100,http://localhost:7000/randomRequest,822,0,1
1676157910801,822,HTTP Request,200,,Thread-Gruppe  1-50,text,true,,1180,129,100,100,http://localhost:7000/randomRequest,822,0,1
1676157910910,716,HTTP Request,200,,Thread-Gruppe  1-54,text,true,,707,129,100,100,http://localhost:7000/randomRequest,716,0,0
1676157910728,928,HTTP Request,200,,Thread-Gruppe  1-5,text,true,,488,129,100,100,http://localhost:7000/randomRequest,928,0,0
1676157910014,1643,HTTP Request,200,,Thread-Gruppe  1-66,text,true,,492,129,100,100,http://localhost:7000/randomRequest,1643,0,0
1676157910628,1028,HTTP Request,200,,Thread-Gruppe  1-12,text,true,,492,129,100,100,http://localhost:7000/randomRequest,1028,0,0
1676157911039,620,HTTP Request,200,,Thread-Gruppe  1-18,text,true,,403,129,100,100,http://localhost:7000/randomRequest,620,0,0
1676157910109,1551,HTTP Request,200,,Thread-Gruppe  1-31,text,true,,643,129,100,100,http://localhost:7000/randomRequest,1551,0,1
1676157911277,407,HTTP Request,200,,Thread-Gruppe  1-83,text,true,,403,129,100,100,http://localhost:7000/randomRequest,407,0,0
1676157910874,819,HTTP Request,200,,Thread-Gruppe  1-62,text,true,,492,129,100,100,http://localhost:7000/randomRequest,819,0,0
1676157910801,926,HTTP Request,200,,Thread-Gruppe  1-21,text,true,,492,129,100,100,http://localhost:7000/randomRequest,926,0,1
1676157910439,1288,HTTP Request,200,,Thread-Gruppe  1-42,text,true,,633,129,100,100,http://localhost:7000/randomRequest,1288,0,0
1676157911222,505,HTTP Request,200,,Thread-Gruppe  1-79,text,true,,417,129,100,100,http://localhost:7000/randomRequest,505,0,0
1676157911118,609,HTTP Request,200,,Thread-Gruppe  1-29,text,true,,492,129,100,100,http://localhost:7000/randomRequest,609,0,0
1676157910900,853,HTTP Request,200,,Thread-Gruppe  1-99,text,true,,570,129,100,100,http://localhost:7000/randomRequest,853,0,1
1676157911039,721,HTTP Request,200,,Thread-Gruppe  1-43,text,true,,481,129,100,100,http://localhost:7000/randomRequest,721,0,0
1676157910934,826,HTTP Request,200,,Thread-Gruppe  1-1,text,true,,419,129,100,100,http://localhost:7000/randomRequest,826,0,0
1676157910219,1541,HTTP Request,200,,Thread-Gruppe  1-26,text,true,,481,129,100,100,http://localhost:7000/randomRequest,1541,0,0
1676157910958,818,HTTP Request,200,,Thread-Gruppe  1-11,text,true,,419,129,100,100,http://localhost:7000/randomRequest,818,0,0
1676157911368,408,HTTP Request,200,,Thread-Gruppe  1-49,text,true,,557,129,100,100,http://localhost:7000/randomRequest,408,0,0
1676157910718,1114,HTTP Request,200,,Thread-Gruppe  1-55,text,true,,495,129,100,100,http://localhost:7000/randomRequest,1114,0,0
1676157911015,817,HTTP Request,200,,Thread-Gruppe  1-35,text,true,,482,129,100,100,http://localhost:7000/randomRequest,817,0,0
1676157910851,1003,HTTP Request,200,,Thread-Gruppe  1-47,text,true,,537,129,100,100,http://localhost:7000/randomRequest,1003,0,0
1676157911339,515,HTTP Request,200,,Thread-Gruppe  1-30,text,true,,418,129,100,100,http://localhost:7000/randomRequest,515,0,0
1676157910851,1004,HTTP Request,200,,Thread-Gruppe  1-98,text,true,,534,129,100,100,http://localhost:7000/randomRequest,1004,0,0
1676157910904,951,HTTP Request,200,,Thread-Gruppe  1-71,text,true,,676,129,100,100,http://localhost:7000/randomRequest,951,0,1
1676157911244,621,HTTP Request,200,,Thread-Gruppe  1-91,text,true,,574,129,100,100,http://localhost:7000/randomRequest,621,0,0
1676157910934,931,HTTP Request,200,,Thread-Gruppe  1-9,text,true,,403,129,100,100,http://localhost:7000/randomRequest,931,0,0
1676157910934,931,HTTP Request,200,,Thread-Gruppe  1-81,text,true,,419,129,100,100,http://localhost:7000/randomRequest,931,0,0
1676157910725,1140,HTTP Request,200,,Thread-Gruppe  1-67,text,true,,492,129,100,100,http://localhost:7000/randomRequest,1140,0,1
1676157911044,821,HTTP Request,200,,Thread-Gruppe  1-64,text,true,,419,129,100,100,http://localhost:7000/randomRequest,821,0,0
1676157911244,637,HTTP Request,200,,Thread-Gruppe  1-28,text,true,,414,129,100,100,http://localhost:7000/randomRequest,637,0,0
1676157911349,532,HTTP Request,200,,Thread-Gruppe  1-57,text,true,,561,129,100,100,http://localhost:7000/randomRequest,532,0,1
1676157911193,723,HTTP Request,200,,Thread-Gruppe  1-52,text,true,,403,129,100,100,http://localhost:7000/randomRequest,723,0,0
1676157910893,1029,HTTP Request,200,,Thread-Gruppe  1-38,text,true,,418,129,100,100,http://localhost:7000/randomRequest,1029,0,0
1676157910904,1032,HTTP Request,200,,Thread-Gruppe  1-34,text,true,,418,129,100,100,http://localhost:7000/randomRequest,1032,0,1
1676157910571,1365,HTTP Request,200,,Thread-Gruppe  1-40,text,true,,578,129,100,100,http://localhost:7000/randomRequest,1365,0,1
1676157910698,1238,HTTP Request,200,,Thread-Gruppe  1-8,text,true,,485,129,100,100,http://localhost:7000/randomRequest,1238,0,0
1676157911234,725,HTTP Request,200,,Thread-Gruppe  1-70,text,true,,488,129,100,100,http://localhost:7000/randomRequest,725,0,0
1676157911525,435,HTTP Request,200,,Thread-Gruppe  1-75,text,true,,562,129,100,100,http://localhost:7000/randomRequest,435,0,0
1676157910943,1026,HTTP Request,200,,Thread-Gruppe  1-92,text,true,,540,129,100,100,http://localhost:7000/randomRequest,1026,0,0
1676157911349,620,HTTP Request,200,,Thread-Gruppe  1-94,text,true,,485,129,100,100,http://localhost:7000/randomRequest,620,0,1
1676157911044,925,HTTP Request,200,,Thread-Gruppe  1-36,text,true,,403,129,100,100,http://localhost:7000/randomRequest,925,0,0
1676157911470,514,HTTP Request,200,,Thread-Gruppe  1-25,text,true,,547,129,100,100,http://localhost:7000/randomRequest,514,0,0
1676157911062,922,HTTP Request,200,,Thread-Gruppe  1-7,text,true,,492,129,100,100,http://localhost:7000/randomRequest,922,0,1
1676157911410,615,HTTP Request,200,,Thread-Gruppe  1-85,text,true,,485,129,100,100,http://localhost:7000/randomRequest,615,0,0
1676157911316,725,HTTP Request,200,,Thread-Gruppe  1-2,text,true,,492,129,100,100,http://localhost:7000/randomRequest,725,0,0
1676157911322,719,HTTP Request,200,,Thread-Gruppe  1-58,text,true,,485,129,100,100,http://localhost:7000/randomRequest,719,0,0
1676157911420,621,HTTP Request,200,,Thread-Gruppe  1-16,text,true,,418,129,100,100,http://localhost:7000/randomRequest,621,0,0
1676157911005,1036,HTTP Request,200,,Thread-Gruppe  1-82,text,true,,547,129,100,100,http://localhost:7000/randomRequest,1036,0,0
1676157911526,517,HTTP Request,200,,Thread-Gruppe  1-95,text,true,,419,129,100,100,http://localhost:7000/randomRequest,517,0,1
1676157911339,720,HTTP Request,200,,Thread-Gruppe  1-61,text,true,,547,129,100,100,http://localhost:7000/randomRequest,720,0,0
1676157911118,945,HTTP Request,200,,Thread-Gruppe  1-76,text,true,,561,129,100,100,http://localhost:7000/randomRequest,945,0,0
1676157911556,516,HTTP Request,200,,Thread-Gruppe  1-74,text,true,,548,129,100,100,http://localhost:7000/randomRequest,516,0,0
1676157911659,413,HTTP Request,200,,Thread-Gruppe  1-18,text,true,,552,129,100,100,http://localhost:7000/randomRequest,413,0,1
1676157911144,940,HTTP Request,200,,Thread-Gruppe  1-20,text,true,,572,129,100,100,http://localhost:7000/randomRequest,940,0,0
1676157911372,717,HTTP Request,200,,Thread-Gruppe  1-45,text,true,,418,129,100,100,http://localhost:7000/randomRequest,716,0,0
1676157911623,511,HTTP Request,200,,Thread-Gruppe  1-88,text,true,,550,129,100,100,http://localhost:7000/randomRequest,511,0,0
1676157911525,616,HTTP Request,200,,Thread-Gruppe  1-56,text,true,,418,129,100,100,http://localhost:7000/randomRequest,616,0,0
1676157911728,415,HTTP Request,200,,Thread-Gruppe  1-79,text,true,,483,129,100,100,http://localhost:7000/randomRequest,415,0,0
1676157911270,907,HTTP Request,200,,Thread-Gruppe  1-78,text,true,,479,129,100,100,http://localhost:7000/randomRequest,907,0,1
1676157911056,1133,HTTP Request,200,,Thread-Gruppe  1-96,text,true,,492,129,100,100,http://localhost:7000/randomRequest,1133,0,0
1676157911618,612,HTTP Request,200,,Thread-Gruppe  1-39,text,true,,556,129,100,100,http://localhost:7000/randomRequest,612,0,0
1676157911212,1027,HTTP Request,200,,Thread-Gruppe  1-44,text,true,,558,129,100,100,http://localhost:7000/randomRequest,1027,0,0
1676157911420,826,HTTP Request,200,,Thread-Gruppe  1-100,text,true,,492,129,100,100,http://localhost:7000/randomRequest,826,0,0
1676157911442,819,HTTP Request,200,,Thread-Gruppe  1-48,text,true,,419,129,100,100,http://localhost:7000/randomRequest,819,0,0
1676157911760,520,HTTP Request,200,,Thread-Gruppe  1-26,text,true,,481,129,100,100,http://localhost:7000/randomRequest,520,0,0
1676157911554,726,HTTP Request,200,,Thread-Gruppe  1-69,text,true,,419,129,100,100,http://localhost:7000/randomRequest,726,0,1
1676157911760,520,HTTP Request,200,,Thread-Gruppe  1-43,text,true,,419,129,100,100,http://localhost:7000/randomRequest,520,0,0
1676157911656,624,HTTP Request,200,,Thread-Gruppe  1-5,text,true,,485,129,100,100,http://localhost:7000/randomRequest,624,0,1
1676157911545,744,HTTP Request,200,,Thread-Gruppe  1-27,text,true,,417,129,100,100,http://localhost:7000/randomRequest,744,0,0
1676157911574,719,HTTP Request,200,,Thread-Gruppe  1-32,text,true,,419,129,100,100,http://localhost:7000/randomRequest,719,0,0
1676157911574,725,HTTP Request,200,,Thread-Gruppe  1-15,text,true,,490,129,100,100,http://localhost:7000/randomRequest,725,0,0
1676157911489,821,HTTP Request,200,,Thread-Gruppe  1-4,text,true,,486,129,100,100,http://localhost:7000/randomRequest,821,0,0
1676157911728,611,HTTP Request,200,,Thread-Gruppe  1-29,text,true,,417,129,100,100,http://localhost:7000/randomRequest,611,0,0
1676157911623,720,HTTP Request,200,,Thread-Gruppe  1-50,text,true,,403,129,100,100,http://localhost:7000/randomRequest,720,0,0
1676157911832,511,HTTP Request,200,,Thread-Gruppe  1-35,text,true,,483,129,100,100,http://localhost:7000/randomRequest,511,0,0
1676157911855,517,HTTP Request,200,,Thread-Gruppe  1-98,text,true,,419,129,100,100,http://localhost:7000/randomRequest,517,0,0
1676157911545,827,HTTP Request,200,,Thread-Gruppe  1-46,text,true,,530,129,100,100,http://localhost:7000/randomRequest,827,0,0
1676157911545,827,HTTP Request,200,,Thread-Gruppe  1-24,text,true,,492,129,100,100,http://localhost:7000/randomRequest,827,0,0
1676157911554,831,HTTP Request,200,,Thread-Gruppe  1-13,text,true,,485,129,100,100,http://localhost:7000/randomRequest,831,0,1
1676157911144,1241,HTTP Request,200,,Thread-Gruppe  1-77,text,true,,488,129,100,100,http://localhost:7000/randomRequest,1241,0,0
1676157911865,520,HTTP Request,200,,Thread-Gruppe  1-91,text,true,,417,129,100,100,http://localhost:7000/randomRequest,520,0,1
1676157911969,416,HTTP Request,200,,Thread-Gruppe  1-92,text,true,,543,129,100,100,http://localhost:7000/randomRequest,416,0,1
1676157911005,1402,HTTP Request,200,,Thread-Gruppe  1-68,text,true,,490,129,100,100,http://localhost:7000/randomRequest,1402,0,0
1676157911684,723,HTTP Request,200,,Thread-Gruppe  1-83,text,true,,481,129,100,100,http://localhost:7000/randomRequest,723,0,1
1676157911489,925,HTTP Request,200,,Thread-Gruppe  1-87,text,true,,414,129,100,100,http://localhost:7000/randomRequest,925,0,0
1676157911574,840,HTTP Request,200,,Thread-Gruppe  1-97,text,true,,417,129,100,100,http://localhost:7000/randomRequest,840,0,0
1676157911222,1197,HTTP Request,200,,Thread-Gruppe  1-89,text,true,,527,129,100,100,http://localhost:7000/randomRequest,1197,0,0
1676157911760,683,HTTP Request,200,,Thread-Gruppe  1-1,text,true,,536,129,100,100,http://localhost:7000/randomRequest,683,0,0
1676157911937,511,HTTP Request,200,,Thread-Gruppe  1-8,text,true,,401,129,100,100,http://localhost:7000/randomRequest,511,0,0
1676157911626,822,HTTP Request,200,,Thread-Gruppe  1-54,text,true,,490,129,100,100,http://localhost:7000/randomRequest,822,0,1
1676157911937,511,HTTP Request,200,,Thread-Gruppe  1-40,text,true,,492,129,100,100,http://localhost:7000/randomRequest,511,0,0
1676157911854,619,HTTP Request,200,,Thread-Gruppe  1-30,text,true,,552,129,100,100,http://localhost:7000/randomRequest,619,0,1
1676157911855,618,HTTP Request,200,,Thread-Gruppe  1-71,text,true,,540,129,100,100,http://localhost:7000/randomRequest,618,0,0
1676157911753,720,HTTP Request,200,,Thread-Gruppe  1-99,text,true,,565,129,100,100,http://localhost:7000/randomRequest,720,0,1
1676157911865,624,HTTP Request,200,,Thread-Gruppe  1-67,text,true,,492,129,100,100,http://localhost:7000/randomRequest,624,0,1
1676157911882,611,HTTP Request,200,,Thread-Gruppe  1-28,text,true,,418,129,100,100,http://localhost:7000/randomRequest,611,0,0
1676157911777,733,HTTP Request,200,,Thread-Gruppe  1-49,text,true,,417,129,100,100,http://localhost:7000/randomRequest,733,0,0
1676157911693,831,HTTP Request,200,,Thread-Gruppe  1-62,text,true,,418,129,100,100,http://localhost:7000/randomRequest,831,0,0
1676157910904,1620,HTTP Request,200,,Thread-Gruppe  1-6,text,true,,535,129,100,100,http://localhost:7000/randomRequest,1620,0,1
1676157910934,1617,HTTP Request,200,,Thread-Gruppe  1-17,text,true,,540,129,100,100,http://localhost:7000/randomRequest,1617,0,0
1676157911865,724,HTTP Request,200,,Thread-Gruppe  1-9,text,true,,418,129,100,100,http://localhost:7000/randomRequest,724,0,1
1676157911865,724,HTTP Request,200,,Thread-Gruppe  1-64,text,true,,489,129,100,100,http://localhost:7000/randomRequest,724,0,1
1676157912084,510,HTTP Request,200,,Thread-Gruppe  1-20,text,true,,492,129,100,100,http://localhost:7000/randomRequest,510,0,0
1676157912443,206,HTTP Request,200,,Thread-Gruppe  1-1,text,true,,546,129,100,100,http://localhost:7000/randomRequest,206,0,0
1676157911832,822,HTTP Request,200,,Thread-Gruppe  1-55,text,true,,560,129,100,100,http://localhost:7000/randomRequest,822,0,0
1676157912043,611,HTTP Request,200,,Thread-Gruppe  1-95,text,true,,563,129,100,100,http://localhost:7000/randomRequest,611,0,0
1676157912041,613,HTTP Request,200,,Thread-Gruppe  1-2,text,true,,481,129,100,100,http://localhost:7000/randomRequest,613,0,1
1676157911960,717,HTTP Request,200,,Thread-Gruppe  1-75,text,true,,492,129,100,100,http://localhost:7000/randomRequest,717,0,0
1676157911656,1034,HTTP Request,200,,Thread-Gruppe  1-66,text,true,,489,129,100,100,http://localhost:7000/randomRequest,1034,0,1
1676157911656,1034,HTTP Request,200,,Thread-Gruppe  1-12,text,true,,403,129,100,100,http://localhost:7000/randomRequest,1034,0,1
1676157911969,721,HTTP Request,200,,Thread-Gruppe  1-36,text,true,,548,129,100,100,http://localhost:7000/randomRequest,721,0,1
1676157911777,919,HTTP Request,200,,Thread-Gruppe  1-11,text,true,,558,129,100,100,http://localhost:7000/randomRequest,919,0,0
1676157912189,510,HTTP Request,200,,Thread-Gruppe  1-96,text,true,,492,129,100,100,http://localhost:7000/randomRequest,510,0,0
1676157912143,612,HTTP Request,200,,Thread-Gruppe  1-79,text,true,,565,129,100,100,http://localhost:7000/randomRequest,612,0,1
1676157911865,925,HTTP Request,200,,Thread-Gruppe  1-81,text,true,,481,129,100,100,http://localhost:7000/randomRequest,925,0,1
1676157912072,718,HTTP Request,200,,Thread-Gruppe  1-18,text,true,,403,129,100,100,http://localhost:7000/randomRequest,718,0,0
1676157912293,512,HTTP Request,200,,Thread-Gruppe  1-32,text,true,,419,129,100,100,http://localhost:7000/randomRequest,512,0,0
1676157912407,410,HTTP Request,200,,Thread-Gruppe  1-83,text,true,,481,129,100,100,http://localhost:7000/randomRequest,410,0,0
1676157912041,789,HTTP Request,200,,Thread-Gruppe  1-16,text,true,,647,129,100,100,http://localhost:7000/randomRequest,789,0,1
1676157912025,826,HTTP Request,200,,Thread-Gruppe  1-85,text,true,,554,129,100,100,http://localhost:7000/randomRequest,826,0,1
1676157912230,621,HTTP Request,200,,Thread-Gruppe  1-39,text,true,,419,129,100,100,http://localhost:7000/randomRequest,621,0,0
1676157912239,616,HTTP Request,200,,Thread-Gruppe  1-44,text,true,,492,129,100,100,http://localhost:7000/randomRequest,616,0,0
1676157912246,609,HTTP Request,200,,Thread-Gruppe  1-100,text,true,,419,129,100,100,http://localhost:7000/randomRequest,609,0,0
1676157911728,1132,HTTP Request,200,,Thread-Gruppe  1-42,text,true,,418,129,100,100,http://localhost:7000/randomRequest,1132,0,0
1676157911728,1132,HTTP Request,200,,Thread-Gruppe  1-21,text,true,,492,129,100,100,http://localhost:7000/randomRequest,1132,0,0
1676157912064,818,HTTP Request,200,,Thread-Gruppe  1-76,text,true,,418,129,100,100,http://localhost:7000/randomRequest,818,0,0
1676157911854,1028,HTTP Request,200,,Thread-Gruppe  1-47,text,true,,488,129,100,100,http://localhost:7000/randomRequest,1028,0,1
1676157911969,924,HTTP Request,200,,Thread-Gruppe  1-94,text,true,,484,129,100,100,http://localhost:7000/randomRequest,924,0,1
1676157912280,613,HTTP Request,200,,Thread-Gruppe  1-5,text,true,,488,129,100,100,http://localhost:7000/randomRequest,613,0,1
1676157912280,613,HTTP Request,200,,Thread-Gruppe  1-26,text,true,,492,129,100,100,http://localhost:7000/randomRequest,613,0,1
1676157912690,207,HTTP Request,200,,Thread-Gruppe  1-36,text,true,,545,129,100,100,http://localhost:7000/randomRequest,207,0,0
1676157912177,720,HTTP Request,200,,Thread-Gruppe  1-78,text,true,,418,129,100,100,http://localhost:7000/randomRequest,720,0,1
1676157912372,532,HTTP Request,200,,Thread-Gruppe  1-24,text,true,,415,129,100,100,http://localhost:7000/randomRequest,532,0,0
1676157912594,310,HTTP Request,200,,Thread-Gruppe  1-20,text,true,,492,129,100,100,http://localhost:7000/randomRequest,310,0,0
1676157912089,821,HTTP Request,200,,Thread-Gruppe  1-45,text,true,,415,129,100,100,http://localhost:7000/randomRequest,821,0,1
1676157911526,1434,HTTP Request,200,,Thread-Gruppe  1-80,text,true,,526,129,100,100,http://localhost:7000/randomRequest,1434,0,1
1676157912134,839,HTTP Request,200,,Thread-Gruppe  1-88,text,true,,688,129,100,100,http://localhost:7000/randomRequest,839,0,0
1676157912142,831,HTTP Request,200,,Thread-Gruppe  1-56,text,true,,570,129,100,100,http://localhost:7000/randomRequest,831,0,0
1676157912261,712,HTTP Request,200,,Thread-Gruppe  1-48,text,true,,566,129,100,100,http://localhost:7000/randomRequest,712,0,0
1676157911959,1024,HTTP Request,200,,Thread-Gruppe  1-70,text,true,,419,129,100,100,http://localhost:7000/randomRequest,1024,0,0
1676157912072,921,HTTP Request,200,,Thread-Gruppe  1-74,text,true,,478,129,100,100,http://localhost:7000/randomRequest,921,0,0
1676157912700,304,HTTP Request,200,,Thread-Gruppe  1-96,text,true,,551,129,100,100,http://localhost:7000/randomRequest,304,0,0
1676157912510,514,HTTP Request,200,,Thread-Gruppe  1-49,text,true,,415,129,100,100,http://localhost:7000/randomRequest,514,0,1
1676157912414,611,HTTP Request,200,,Thread-Gruppe  1-87,text,true,,554,129,100,100,http://localhost:7000/randomRequest,611,0,1
1676157912419,620,HTTP Request,200,,Thread-Gruppe  1-89,text,true,,490,129,100,100,http://localhost:7000/randomRequest,620,0,1
1676157911922,1127,HTTP Request,200,,Thread-Gruppe  1-38,text,true,,546,129,100,100,http://localhost:7000/randomRequest,1127,0,0
1676157912448,610,HTTP Request,200,,Thread-Gruppe  1-8,text,true,,559,129,100,100,http://localhost:7000/randomRequest,610,0,1
1676157911937,1123,HTTP Request,200,,Thread-Gruppe  1-34,text,true,,545,129,100,100,http://localhost:7000/randomRequest,1123,0,0
1676157912448,612,HTTP Request,200,,Thread-Gruppe  1-40,text,true,,416,129,100,100,http://localhost:7000/randomRequest,612,0,1
1676157912372,704,HTTP Request,200,,Thread-Gruppe  1-46,text,true,,481,129,100,100,http://localhost:7000/randomRequest,704,0,0
1676157912473,618,HTTP Request,200,,Thread-Gruppe  1-99,text,true,,578,129,100,100,http://localhost:7000/randomRequest,618,0,0
1676157912372,719,HTTP Request,200,,Thread-Gruppe  1-98,text,true,,558,129,100,100,http://localhost:7000/randomRequest,719,0,0
1676157912289,816,HTTP Request,200,,Thread-Gruppe  1-27,text,true,,492,129,100,100,http://localhost:7000/randomRequest,816,0,0
1676157912310,818,HTTP Request,200,,Thread-Gruppe  1-4,text,true,,558,129,100,100,http://localhost:7000/randomRequest,818,0,0
1676157911525,1614,HTTP Request,200,,Thread-Gruppe  1-86,text,true,,541,129,100,100,http://localhost:7000/randomRequest,1613,0,0
1676157912851,308,HTTP Request,200,,Thread-Gruppe  1-85,text,true,,418,129,100,100,http://localhost:7000/randomRequest,308,0,1
1676157912041,1119,HTTP Request,200,,Thread-Gruppe  1-58,text,true,,492,129,100,100,http://localhost:7000/randomRequest,1119,0,1
1676157912473,713,HTTP Request,200,,Thread-Gruppe  1-30,text,true,,542,129,100,100,http://localhost:7000/randomRequest,713,0,0
1676157911984,1220,HTTP Request,200,,Thread-Gruppe  1-7,text,true,,403,129,100,100,http://localhost:7000/randomRequest,1220,0,0
1676157911984,1234,HTTP Request,200,,Thread-Gruppe  1-25,text,true,,403,129,100,100,http://localhost:7000/randomRequest,1234,0,0
1676157912805,415,HTTP Request,200,,Thread-Gruppe  1-32,text,true,,419,129,100,100,http://localhost:7000/randomRequest,415,0,0
1676157912339,894,HTTP Request,200,,Thread-Gruppe  1-29,text,true,,537,129,100,100,http://localhost:7000/randomRequest,894,0,1
1676157912551,711,HTTP Request,200,,Thread-Gruppe  1-17,text,true,,552,129,100,100,http://localhost:7000/randomRequest,711,0,1
1676157912855,407,HTTP Request,200,,Thread-Gruppe  1-44,text,true,,546,129,100,100,http://localhost:7000/randomRequest,407,0,1
1676157912855,419,HTTP Request,200,,Thread-Gruppe  1-100,text,true,,492,129,100,100,http://localhost:7000/randomRequest,419,0,1
1676157912280,1025,HTTP Request,200,,Thread-Gruppe  1-69,text,true,,544,129,100,100,http://localhost:7000/randomRequest,1025,0,1
1676157912385,920,HTTP Request,200,,Thread-Gruppe  1-77,text,true,,488,129,100,100,http://localhost:7000/randomRequest,920,0,0
1676157912489,838,HTTP Request,200,,Thread-Gruppe  1-67,text,true,,670,129,100,100,http://localhost:7000/randomRequest,838,0,0
1676157912649,685,HTTP Request,200,,Thread-Gruppe  1-1,text,true,,643,129,100,100,http://localhost:7000/randomRequest,685,0,1
1676157911882,1463,HTTP Request,200,,Thread-Gruppe  1-57,text,true,,570,129,100,100,http://localhost:7000/randomRequest,1463,0,0
1676157912524,832,HTTP Request,200,,Thread-Gruppe  1-6,text,true,,419,129,100,100,http://localhost:7000/randomRequest,832,0,1
1676157912059,1306,HTTP Request,200,,Thread-Gruppe  1-61,text,true,,643,129,100,100,http://localhost:7000/randomRequest,1306,0,0
1676157912344,1021,HTTP Request,200,,Thread-Gruppe  1-35,text,true,,419,129,100,100,http://localhost:7000/randomRequest,1021,0,0
1676157912041,1324,HTTP Request,200,,Thread-Gruppe  1-82,text,true,,541,129,100,100,http://localhost:7000/randomRequest,1324,0,1
1676157911659,1706,HTTP Request,200,,Thread-Gruppe  1-31,text,true,,541,129,100,100,http://localhost:7000/randomRequest,1706,0,1
1676157912860,517,HTTP Request,200,,Thread-Gruppe  1-42,text,true,,488,129,100,100,http://localhost:7000/randomRequest,517,0,0
1676157912654,723,HTTP Request,200,,Thread-Gruppe  1-55,text,true,,552,129,100,100,http://localhost:7000/randomRequest,723,0,1
1676157912590,789,HTTP Request,200,,Thread-Gruppe  1-64,text,true,,645,129,100,100,http://localhost:7000/randomRequest,789,0,0
1676157912974,419,HTTP Request,200,,Thread-Gruppe  1-88,text,true,,419,129,100,100,http://localhost:7000/randomRequest,419,0,0
1676157912790,618,HTTP Request,200,,Thread-Gruppe  1-81,text,true,,492,129,100,100,http://localhost:7000/randomRequest,618,0,0
1676157911916,1494,HTTP Request,200,,Thread-Gruppe  1-52,text,true,,643,129,100,100,http://localhost:7000/randomRequest,1494,0,0
1676157912851,616,HTTP Request,200,,Thread-Gruppe  1-39,text,true,,417,129,100,100,http://localhost:7000/randomRequest,616,0,1
1676157912385,1119,HTTP Request,200,,Thread-Gruppe  1-91,text,true,,633,129,100,100,http://localhost:7000/randomRequest,1119,0,0
1676157912790,724,HTTP Request,200,,Thread-Gruppe  1-18,text,true,,555,129,100,100,http://localhost:7000/randomRequest,724,0,0
1676157912385,1130,HTTP Request,200,,Thread-Gruppe  1-13,text,true,,492,129,100,100,http://localhost:7000/randomRequest,1130,0,0
1676157912414,1111,HTTP Request,200,,Thread-Gruppe  1-97,text,true,,537,129,100,100,http://localhost:7000/randomRequest,1111,0,1
1676157912910,615,HTTP Request,200,,Thread-Gruppe  1-45,text,true,,489,129,100,100,http://localhost:7000/randomRequest,615,0,0
1676157912690,849,HTTP Request,200,,Thread-Gruppe  1-66,text,true,,545,129,100,100,http://localhost:7000/randomRequest,849,0,0
1676157912299,1261,HTTP Request,200,,Thread-Gruppe  1-15,text,true,,474,129,100,100,http://localhost:7000/randomRequest,1261,0,1
1676157912690,898,HTTP Request,200,,Thread-Gruppe  1-12,text,true,,537,129,100,100,http://localhost:7000/randomRequest,898,0,0
1676157912448,1142,HTTP Request,200,,Thread-Gruppe  1-54,text,true,,567,129,100,100,http://localhost:7000/randomRequest,1142,0,1
1676157913091,513,HTTP Request,200,,Thread-Gruppe  1-99,text,true,,419,129,100,100,http://localhost:7000/randomRequest,513,0,1
1676157913091,513,HTTP Request,200,,Thread-Gruppe  1-98,text,true,,551,129,100,100,http://localhost:7000/randomRequest,513,0,1
1676157912994,618,HTTP Request,200,,Thread-Gruppe  1-74,text,true,,403,129,100,100,http://localhost:7000/randomRequest,618,0,0
1676157912493,1119,HTTP Request,200,,Thread-Gruppe  1-28,text,true,,481,129,100,100,http://localhost:7000/randomRequest,1119,0,1
1676157912904,713,HTTP Request,200,,Thread-Gruppe  1-20,text,true,,553,129,100,100,http://localhost:7000/randomRequest,713,0,0
1676157912344,1318,HTTP Request,200,,Thread-Gruppe  1-50,text,true,,643,129,100,100,http://localhost:7000/randomRequest,1318,0,0
1676157912860,829,HTTP Request,200,,Thread-Gruppe  1-21,text,true,,555,129,100,100,http://localhost:7000/randomRequest,829,0,0
1676157912974,733,HTTP Request,200,,Thread-Gruppe  1-48,text,true,,415,129,100,100,http://localhost:7000/randomRequest,733,0,0
1676157912883,824,HTTP Request,200,,Thread-Gruppe  1-76,text,true,,559,129,100,100,http://localhost:7000/randomRequest,824,0,0
1676157912893,819,HTTP Request,200,,Thread-Gruppe  1-26,text,true,,418,129,100,100,http://localhost:7000/randomRequest,819,0,1
1676157912385,1327,HTTP Request,200,,Thread-Gruppe  1-92,text,true,,485,129,100,100,http://localhost:7000/randomRequest,1327,0,0
1676157912897,815,HTTP Request,200,,Thread-Gruppe  1-36,text,true,,479,129,100,100,http://localhost:7000/randomRequest,815,0,1
1676157912893,819,HTTP Request,200,,Thread-Gruppe  1-94,text,true,,486,129,100,100,http://localhost:7000/randomRequest,819,0,1
1676157913218,516,HTTP Request,200,,Thread-Gruppe  1-25,text,true,,492,129,100,100,http://localhost:7000/randomRequest,516,0,0
1676157912524,1233,HTTP Request,200,,Thread-Gruppe  1-62,text,true,,530,129,100,100,http://localhost:7000/randomRequest,1233,0,1
1676157913160,612,HTTP Request,200,,Thread-Gruppe  1-58,text,true,,488,129,100,100,http://localhost:7000/randomRequest,612,0,1
1676157912883,910,HTTP Request,200,,Thread-Gruppe  1-47,text,true,,491,129,100,100,http://localhost:7000/randomRequest,910,0,0
1676157912755,1038,HTTP Request,200,,Thread-Gruppe  1-79,text,true,,488,129,100,100,http://localhost:7000/randomRequest,1038,0,1
1676157912407,1406,HTTP Request,200,,Thread-Gruppe  1-68,text,true,,647,129,100,100,http://localhost:7000/randomRequest,1406,0,0
1676157912897,916,HTTP Request,200,,Thread-Gruppe  1-78,text,true,,492,129,100,100,http://localhost:7000/randomRequest,916,0,1
1676157913105,721,HTTP Request,200,,Thread-Gruppe  1-27,text,true,,530,129,100,100,http://localhost:7000/randomRequest,721,0,0
1676157913220,619,HTTP Request,200,,Thread-Gruppe  1-32,text,true,,548,129,100,100,http://localhost:7000/randomRequest,619,0,0
1676157913128,723,HTTP Request,200,,Thread-Gruppe  1-4,text,true,,419,129,100,100,http://localhost:7000/randomRequest,723,0,0
1676157913356,512,HTTP Request,200,,Thread-Gruppe  1-6,text,true,,485,129,100,100,http://localhost:7000/randomRequest,512,0,0
1676157913060,812,HTTP Request,200,,Thread-Gruppe  1-40,text,true,,403,129,100,100,http://localhost:7000/randomRequest,812,0,0
1676157912677,1195,HTTP Request,200,,Thread-Gruppe  1-75,text,true,,480,129,100,100,http://localhost:7000/randomRequest,1195,0,1
1676157913365,507,HTTP Request,200,,Thread-Gruppe  1-35,text,true,,562,129,100,100,http://localhost:7000/randomRequest,507,0,1
1676157913050,822,HTTP Request,200,,Thread-Gruppe  1-38,text,true,,403,129,100,100,http://localhost:7000/randomRequest,822,0,0
1676157913377,518,HTTP Request,200,,Thread-Gruppe  1-42,text,true,,555,129,100,100,http://localhost:7000/randomRequest,518,0,0
1676157913379,516,HTTP Request,200,,Thread-Gruppe  1-64,text,true,,553,129,100,100,http://localhost:7000/randomRequest,516,0,0
1676157913274,621,HTTP Request,200,,Thread-Gruppe  1-100,text,true,,492,129,100,100,http://localhost:7000/randomRequest,621,0,0
1676157913004,919,HTTP Request,200,,Thread-Gruppe  1-96,text,true,,418,129,100,100,http://localhost:7000/randomRequest,919,0,1
1676157912818,1109,HTTP Request,200,,Thread-Gruppe  1-83,text,true,,643,129,100,100,http://localhost:7000/randomRequest,1109,0,0
1676157913305,622,HTTP Request,200,,Thread-Gruppe  1-77,text,true,,559,129,100,100,http://localhost:7000/randomRequest,622,0,0
1676157913305,622,HTTP Request,200,,Thread-Gruppe  1-69,text,true,,403,129,100,100,http://localhost:7000/randomRequest,622,0,0
1676157913187,742,HTTP Request,200,,Thread-Gruppe  1-30,text,true,,681,129,100,100,http://localhost:7000/randomRequest,742,0,0
1676157912904,1025,HTTP Request,200,,Thread-Gruppe  1-24,text,true,,418,129,100,100,http://localhost:7000/randomRequest,1025,0,0
1676157912654,1300,HTTP Request,200,,Thread-Gruppe  1-2,text,true,,541,129,100,100,http://localhost:7000/randomRequest,1300,0,1
1676157913025,944,HTTP Request,200,,Thread-Gruppe  1-87,text,true,,417,129,100,100,http://localhost:7000/randomRequest,944,0,0
1676157912473,1499,HTTP Request,200,,Thread-Gruppe  1-71,text,true,,525,129,100,100,http://localhost:7000/randomRequest,1499,0,0
1676157913468,504,HTTP Request,200,,Thread-Gruppe  1-39,text,true,,557,129,100,100,http://localhost:7000/randomRequest,504,0,0
1676157912960,1019,HTTP Request,200,,Thread-Gruppe  1-80,text,true,,419,129,100,100,http://localhost:7000/randomRequest,1019,0,0
1676157913393,616,HTTP Request,200,,Thread-Gruppe  1-88,text,true,,481,129,100,100,http://localhost:7000/randomRequest,616,0,1
1676157913025,984,HTTP Request,200,,Thread-Gruppe  1-49,text,true,,541,129,100,100,http://localhost:7000/randomRequest,984,0,0
1676157912974,1035,HTTP Request,200,,Thread-Gruppe  1-56,text,true,,558,129,100,100,http://localhost:7000/randomRequest,1035,0,0
1676157912983,1026,HTTP Request,200,,Thread-Gruppe  1-70,text,true,,492,129,100,100,http://localhost:7000/randomRequest,1026,0,0
1676157913409,618,HTTP Request,200,,Thread-Gruppe  1-81,text,true,,550,129,100,100,http://localhost:7000/randomRequest,618,0,0
1676157913410,629,HTTP Request,200,,Thread-Gruppe  1-52,text,true,,417,129,100,100,http://localhost:7000/randomRequest,629,0,0
1676157913327,718,HTTP Request,200,,Thread-Gruppe  1-67,text,true,,419,129,100,100,http://localhost:7000/randomRequest,718,0,0
1676157913233,822,HTTP Request,200,,Thread-Gruppe  1-29,text,true,,419,129,100,100,http://localhost:7000/randomRequest,822,0,1
1676157913345,723,HTTP Request,200,,Thread-Gruppe  1-57,text,true,,559,129,100,100,http://localhost:7000/randomRequest,723,0,0
1676157913060,1013,HTTP Request,200,,Thread-Gruppe  1-34,text,true,,403,129,100,100,http://localhost:7000/randomRequest,1013,0,0
1676157913262,811,HTTP Request,200,,Thread-Gruppe  1-44,text,true,,492,129,100,100,http://localhost:7000/randomRequest,811,0,0
1676157912654,1419,HTTP Request,200,,Thread-Gruppe  1-95,text,true,,488,129,100,100,http://localhost:7000/randomRequest,1419,0,1
1676157912696,1414,HTTP Request,200,,Thread-Gruppe  1-11,text,true,,527,129,100,100,http://localhost:7000/randomRequest,1414,0,0
1676157913205,924,HTTP Request,200,,Thread-Gruppe  1-7,text,true,,419,129,100,100,http://localhost:7000/randomRequest,924,0,0
1676157913515,614,HTTP Request,200,,Thread-Gruppe  1-13,text,true,,541,129,100,100,http://localhost:7000/randomRequest,614,0,2
1676157913525,614,HTTP Request,200,,Thread-Gruppe  1-97,text,true,,419,129,100,100,http://localhost:7000/randomRequest,614,0,1
1676157913139,1029,HTTP Request,200,,Thread-Gruppe  1-86,text,true,,481,129,100,100,http://localhost:7000/randomRequest,1029,0,0
1676157913159,1017,HTTP Request,200,,Thread-Gruppe  1-85,text,true,,490,129,100,100,http://localhost:7000/randomRequest,1017,0,0
1676157913365,811,HTTP Request,200,,Thread-Gruppe  1-82,text,true,,574,129,100,100,http://localhost:7000/randomRequest,811,0,1
1676157913589,612,HTTP Request,200,,Thread-Gruppe  1-12,text,true,,557,129,100,100,http://localhost:7000/randomRequest,612,0,0
1676157913707,503,HTTP Request,200,,Thread-Gruppe  1-76,text,true,,492,129,100,100,http://localhost:7000/randomRequest,503,0,1
1676157912280,1941,HTTP Request,200,,Thread-Gruppe  1-43,text,true,,492,129,100,100,http://localhost:7000/randomRequest,1941,0,1
1676157913612,622,HTTP Request,200,,Thread-Gruppe  1-28,text,true,,553,129,100,100,http://localhost:7000/randomRequest,622,0,0
1676157913617,617,HTTP Request,200,,Thread-Gruppe  1-20,text,true,,419,129,100,100,http://localhost:7000/randomRequest,617,0,1
1676157913039,1200,HTTP Request,200,,Thread-Gruppe  1-89,text,true,,541,129,100,100,http://localhost:7000/randomRequest,1200,0,0
1676157913525,716,HTTP Request,200,,Thread-Gruppe  1-45,text,true,,416,129,100,100,http://localhost:7000/randomRequest,716,0,1
1676157913539,715,HTTP Request,200,,Thread-Gruppe  1-66,text,true,,419,129,100,100,http://localhost:7000/randomRequest,715,0,1
1676157913757,515,HTTP Request,200,,Thread-Gruppe  1-62,text,true,,485,129,100,100,http://localhost:7000/randomRequest,515,0,0
1676157913560,719,HTTP Request,200,,Thread-Gruppe  1-15,text,true,,415,129,100,100,http://localhost:7000/randomRequest,719,0,1
1676157913604,709,HTTP Request,200,,Thread-Gruppe  1-99,text,true,,419,129,100,100,http://localhost:7000/randomRequest,709,0,0
1676157913505,816,HTTP Request,200,,Thread-Gruppe  1-91,text,true,,417,129,100,100,http://localhost:7000/randomRequest,816,0,1
1676157913612,727,HTTP Request,200,,Thread-Gruppe  1-74,text,true,,488,129,100,100,http://localhost:7000/randomRequest,727,0,0
1676157913827,512,HTTP Request,200,,Thread-Gruppe  1-27,text,true,,419,129,100,100,http://localhost:7000/randomRequest,512,0,0
1676157913927,416,HTTP Request,200,,Thread-Gruppe  1-83,text,true,,559,129,100,100,http://localhost:7000/randomRequest,416,0,1
1676157913872,509,HTTP Request,200,,Thread-Gruppe  1-38,text,true,,419,129,100,100,http://localhost:7000/randomRequest,509,0,0
1676157913262,1119,HTTP Request,200,,Thread-Gruppe  1-17,text,true,,489,129,100,100,http://localhost:7000/randomRequest,1119,0,0
1676157913872,517,HTTP Request,200,,Thread-Gruppe  1-35,text,true,,419,129,100,100,http://localhost:7000/randomRequest,517,0,0
1676157913793,618,HTTP Request,200,,Thread-Gruppe  1-47,text,true,,548,129,100,100,http://localhost:7000/randomRequest,618,0,0
1676157913590,821,HTTP Request,200,,Thread-Gruppe  1-54,text,true,,403,129,100,100,http://localhost:7000/randomRequest,821,0,0
1676157913712,731,HTTP Request,200,,Thread-Gruppe  1-26,text,true,,485,129,100,100,http://localhost:7000/randomRequest,731,0,1
1676157913712,731,HTTP Request,200,,Thread-Gruppe  1-36,text,true,,478,129,100,100,http://localhost:7000/randomRequest,731,0,1
1676157913839,606,HTTP Request,200,,Thread-Gruppe  1-32,text,true,,492,129,100,100,http://localhost:7000/randomRequest,606,0,0
1676157913929,516,HTTP Request,200,,Thread-Gruppe  1-30,text,true,,552,129,100,100,http://localhost:7000/randomRequest,516,0,1
1676157913334,1120,HTTP Request,200,,Thread-Gruppe  1-1,text,true,,647,129,100,100,http://localhost:7000/randomRequest,1120,0,0
1676157913365,1103,HTTP Request,200,,Thread-Gruppe  1-61,text,true,,526,129,100,100,http://localhost:7000/randomRequest,1103,0,1
1676157913851,617,HTTP Request,200,,Thread-Gruppe  1-4,text,true,,559,129,100,100,http://localhost:7000/randomRequest,617,0,0
1676157913365,1103,HTTP Request,200,,Thread-Gruppe  1-31,text,true,,537,129,100,100,http://localhost:7000/randomRequest,1103,0,1
1676157913972,521,HTTP Request,200,,Thread-Gruppe  1-71,text,true,,561,129,100,100,http://localhost:7000/randomRequest,521,0,1
1676157913712,788,HTTP Request,200,,Thread-Gruppe  1-92,text,true,,643,129,100,100,http://localhost:7000/randomRequest,788,0,1
1676157913689,824,HTTP Request,200,,Thread-Gruppe  1-21,text,true,,492,129,100,100,http://localhost:7000/randomRequest,824,0,0
1676157913895,620,HTTP Request,200,,Thread-Gruppe  1-100,text,true,,567,129,100,100,http://localhost:7000/randomRequest,620,0,0
1676157913604,916,HTTP Request,200,,Thread-Gruppe  1-98,text,true,,492,129,100,100,http://localhost:7000/randomRequest,916,0,0
1676157913707,817,HTTP Request,200,,Thread-Gruppe  1-48,text,true,,486,129,100,100,http://localhost:7000/randomRequest,817,0,1
1676157913514,1012,HTTP Request,200,,Thread-Gruppe  1-18,text,true,,633,129,100,100,http://localhost:7000/randomRequest,1012,0,3
1676157912830,1696,HTTP Request,200,,Thread-Gruppe  1-16,text,true,,643,129,100,100,http://localhost:7000/randomRequest,1696,0,0
1676157913927,620,HTTP Request,200,,Thread-Gruppe  1-69,text,true,,540,129,100,100,http://localhost:7000/randomRequest,620,0,1
1676157913734,813,HTTP Request,200,,Thread-Gruppe  1-25,text,true,,490,129,100,100,http://localhost:7000/randomRequest,813,0,0
1676157914045,523,HTTP Request,200,,Thread-Gruppe  1-67,text,true,,554,129,100,100,http://localhost:7000/randomRequest,523,0,1
1676157913954,615,HTTP Request,200,,Thread-Gruppe  1-2,text,true,,558,129,100,100,http://localhost:7000/randomRequest,615,0,0
1676157914068,511,HTTP Request,200,,Thread-Gruppe  1-57,text,true,,419,129,100,100,http://localhost:7000/randomRequest,511,0,0
1676157913377,1212,HTTP Request,200,,Thread-Gruppe  1-55,text,true,,539,129,100,100,http://localhost:7000/randomRequest,1212,0,0
1676157913772,817,HTTP Request,200,,Thread-Gruppe  1-58,text,true,,419,129,100,100,http://localhost:7000/randomRequest,817,0,0
1676157914073,522,HTTP Request,200,,Thread-Gruppe  1-44,text,true,,419,129,100,100,http://localhost:7000/randomRequest,522,0,0
1676157913868,736,HTTP Request,200,,Thread-Gruppe  1-6,text,true,,417,129,100,100,http://localhost:7000/randomRequest,736,0,0
1676157913793,826,HTTP Request,200,,Thread-Gruppe  1-79,text,true,,557,129,100,100,http://localhost:7000/randomRequest,826,0,0
1676157913895,724,HTTP Request,200,,Thread-Gruppe  1-64,text,true,,492,129,100,100,http://localhost:7000/randomRequest,724,0,0
1676157913895,724,HTTP Request,200,,Thread-Gruppe  1-42,text,true,,541,129,100,100,http://localhost:7000/randomRequest,724,0,0
1676157914110,514,HTTP Request,200,,Thread-Gruppe  1-11,text,true,,492,129,100,100,http://localhost:7000/randomRequest,514,0,0
1676157914009,617,HTTP Request,200,,Thread-Gruppe  1-49,text,true,,492,129,100,100,http://localhost:7000/randomRequest,617,0,1
1676157914009,617,HTTP Request,200,,Thread-Gruppe  1-56,text,true,,540,129,100,100,http://localhost:7000/randomRequest,617,0,1
1676157914009,617,HTTP Request,200,,Thread-Gruppe  1-70,text,true,,492,129,100,100,http://localhost:7000/randomRequest,617,0,1
1676157914130,522,HTTP Request,200,,Thread-Gruppe  1-13,text,true,,492,129,100,100,http://localhost:7000/randomRequest,522,0,0
1676157913872,780,HTTP Request,200,,Thread-Gruppe  1-75,text,true,,527,129,100,100,http://localhost:7000/randomRequest,780,0,0
1676157913927,725,HTTP Request,200,,Thread-Gruppe  1-77,text,true,,419,129,100,100,http://localhost:7000/randomRequest,725,0,1
1676157914239,433,HTTP Request,200,,Thread-Gruppe  1-89,text,true,,417,129,100,100,http://localhost:7000/randomRequest,433,0,1
1676157913972,727,HTTP Request,200,,Thread-Gruppe  1-39,text,true,,492,129,100,100,http://localhost:7000/randomRequest,727,0,1
1676157913712,1008,HTTP Request,200,,Thread-Gruppe  1-94,text,true,,541,129,100,100,http://localhost:7000/randomRequest,1008,0,1
1676157914009,722,HTTP Request,200,,Thread-Gruppe  1-88,text,true,,403,129,100,100,http://localhost:7000/randomRequest,722,0,1
1676157913813,920,HTTP Request,200,,Thread-Gruppe  1-78,text,true,,492,129,100,100,http://localhost:7000/randomRequest,920,0,0
1676157914234,521,HTTP Request,200,,Thread-Gruppe  1-28,text,true,,492,129,100,100,http://localhost:7000/randomRequest,521,0,0
1676157914027,728,HTTP Request,200,,Thread-Gruppe  1-81,text,true,,556,129,100,100,http://localhost:7000/randomRequest,728,0,1
1676157914039,716,HTTP Request,200,,Thread-Gruppe  1-52,text,true,,419,129,100,100,http://localhost:7000/randomRequest,716,0,0
1676157914055,719,HTTP Request,200,,Thread-Gruppe  1-29,text,true,,565,129,100,100,http://localhost:7000/randomRequest,719,0,1
1676157913076,1698,HTTP Request,200,,Thread-Gruppe  1-46,text,true,,541,129,100,100,http://localhost:7000/randomRequest,1698,0,0
1676157913969,815,HTTP Request,200,,Thread-Gruppe  1-87,text,true,,552,129,100,100,http://localhost:7000/randomRequest,815,0,1
1676157914073,729,HTTP Request,200,,Thread-Gruppe  1-95,text,true,,492,129,100,100,http://localhost:7000/randomRequest,729,0,0
1676157914073,729,HTTP Request,200,,Thread-Gruppe  1-34,text,true,,478,129,100,100,http://localhost:7000/randomRequest,729,0,0
1676157912893,1913,HTTP Request,200,,Thread-Gruppe  1-5,text,true,,536,129,100,100,http://localhost:7000/randomRequest,1913,0,1
1676157914201,620,HTTP Request,200,,Thread-Gruppe  1-12,text,true,,485,129,100,100,http://localhost:7000/randomRequest,620,0,0
1676157914411,410,HTTP Request,200,,Thread-Gruppe  1-54,text,true,,418,129,100,100,http://localhost:7000/randomRequest,410,0,1
1676157914343,517,HTTP Request,200,,Thread-Gruppe  1-83,text,true,,403,129,100,100,http://localhost:7000/randomRequest,517,0,0
1676157913929,931,HTTP Request,200,,Thread-Gruppe  1-24,text,true,,485,129,100,100,http://localhost:7000/randomRequest,931,0,1
1676157914130,730,HTTP Request,200,,Thread-Gruppe  1-7,text,true,,562,129,100,100,http://localhost:7000/randomRequest,730,0,0
1676157914339,538,HTTP Request,200,,Thread-Gruppe  1-27,text,true,,679,129,100,100,http://localhost:7000/randomRequest,538,0,1
1676157914381,520,HTTP Request,200,,Thread-Gruppe  1-38,text,true,,489,129,100,100,http://localhost:7000/randomRequest,520,0,1
1676157914177,725,HTTP Request,200,,Thread-Gruppe  1-82,text,true,,418,129,100,100,http://localhost:7000/randomRequest,725,0,0
1676157913979,929,HTTP Request,200,,Thread-Gruppe  1-80,text,true,,492,129,100,100,http://localhost:7000/randomRequest,929,0,0
1676157914524,416,HTTP Request,200,,Thread-Gruppe  1-48,text,true,,418,129,100,100,http://localhost:7000/randomRequest,416,0,0
1676157914443,518,HTTP Request,200,,Thread-Gruppe  1-26,text,true,,560,129,100,100,http://localhost:7000/randomRequest,518,0,1
1676157914443,518,HTTP Request,200,,Thread-Gruppe  1-36,text,true,,419,129,100,100,http://localhost:7000/randomRequest,518,0,1
1676157914272,721,HTTP Request,200,,Thread-Gruppe  1-62,text,true,,1516,129,100,100,http://localhost:7000/randomRequest,721,0,0
1676157914589,415,HTTP Request,200,,Thread-Gruppe  1-58,text,true,,1346,129,100,100,http://localhost:7000/randomRequest,415,0,0
1676157914411,614,HTTP Request,200,,Thread-Gruppe  1-47,text,true,,418,129,100,100,http://localhost:7000/randomRequest,614,0,1
1676157914210,828,HTTP Request,200,,Thread-Gruppe  1-76,text,true,,550,129,100,100,http://localhost:7000/randomRequest,828,0,0
1676157914526,516,HTTP Request,200,,Thread-Gruppe  1-18,text,true,,419,129,100,100,http://localhost:7000/randomRequest,516,0,1
1676157914321,721,HTTP Request,200,,Thread-Gruppe  1-91,text,true,,553,129,100,100,http://localhost:7000/randomRequest,721,0,1
1676157914339,724,HTTP Request,200,,Thread-Gruppe  1-74,text,true,,485,129,100,100,http://localhost:7000/randomRequest,724,0,0
1676157914454,619,HTTP Request,200,,Thread-Gruppe  1-1,text,true,,486,129,100,100,http://localhost:7000/randomRequest,619,0,1
1676157914469,615,HTTP Request,200,,Thread-Gruppe  1-4,text,true,,564,129,100,100,http://localhost:7000/randomRequest,615,0,0
1676157914469,615,HTTP Request,200,,Thread-Gruppe  1-61,text,true,,416,129,100,100,http://localhost:7000/randomRequest,615,0,0
1676157914469,635,HTTP Request,200,,Thread-Gruppe  1-31,text,true,,417,129,100,100,http://localhost:7000/randomRequest,635,0,0
1676157914177,927,HTTP Request,200,,Thread-Gruppe  1-85,text,true,,490,129,100,100,http://localhost:7000/randomRequest,927,0,0
1676157914604,513,HTTP Request,200,,Thread-Gruppe  1-6,text,true,,554,129,100,100,http://localhost:7000/randomRequest,513,0,1
1676157914520,623,HTTP Request,200,,Thread-Gruppe  1-98,text,true,,419,129,100,100,http://localhost:7000/randomRequest,623,0,0
1676157914139,1007,HTTP Request,200,,Thread-Gruppe  1-97,text,true,,540,129,100,100,http://localhost:7000/randomRequest,1007,0,0
1676157914626,520,HTTP Request,200,,Thread-Gruppe  1-56,text,true,,490,129,100,100,http://localhost:7000/randomRequest,520,0,1
1676157914625,521,HTTP Request,200,,Thread-Gruppe  1-11,text,true,,403,129,100,100,http://localhost:7000/randomRequest,521,0,0
1676157914653,515,HTTP Request,200,,Thread-Gruppe  1-13,text,true,,489,129,100,100,http://localhost:7000/randomRequest,515,0,0
1676157914653,515,HTTP Request,200,,Thread-Gruppe  1-77,text,true,,492,129,100,100,http://localhost:7000/randomRequest,515,0,0
1676157913662,1506,HTTP Request,200,,Thread-Gruppe  1-50,text,true,,527,129,100,100,http://localhost:7000/randomRequest,1506,0,0
1676157914254,914,HTTP Request,200,,Thread-Gruppe  1-66,text,true,,541,129,100,100,http://localhost:7000/randomRequest,914,0,1
1676157914234,934,HTTP Request,200,,Thread-Gruppe  1-20,text,true,,481,129,100,100,http://localhost:7000/randomRequest,934,0,0
1676157914241,927,HTTP Request,200,,Thread-Gruppe  1-45,text,true,,488,129,100,100,http://localhost:7000/randomRequest,927,0,0
1676157913923,1253,HTTP Request,200,,Thread-Gruppe  1-96,text,true,,417,129,100,100,http://localhost:7000/randomRequest,1253,0,0
1676157914774,414,HTTP Request,200,,Thread-Gruppe  1-46,text,true,,573,129,100,100,http://localhost:7000/randomRequest,414,0,1
1676157914445,743,HTTP Request,200,,Thread-Gruppe  1-32,text,true,,417,129,100,100,http://localhost:7000/randomRequest,743,0,1
1676157914168,1032,HTTP Request,200,,Thread-Gruppe  1-86,text,true,,403,129,100,100,http://localhost:7000/randomRequest,1032,0,1
1676157914579,621,HTTP Request,200,,Thread-Gruppe  1-57,text,true,,419,129,100,100,http://localhost:7000/randomRequest,621,0,0
1676157914493,720,HTTP Request,200,,Thread-Gruppe  1-71,text,true,,490,129,100,100,http://localhost:7000/randomRequest,720,0,0
1676157914221,1001,HTTP Request,200,,Thread-Gruppe  1-43,text,true,,537,129,100,100,http://localhost:7000/randomRequest,1001,0,0
1676157913872,1354,HTTP Request,200,,Thread-Gruppe  1-40,text,true,,562,129,100,100,http://localhost:7000/randomRequest,1354,0,0
1676157914547,679,HTTP Request,200,,Thread-Gruppe  1-25,text,true,,631,129,100,100,http://localhost:7000/randomRequest,679,0,1
1676157914389,900,HTTP Request,200,,Thread-Gruppe  1-35,text,true,,491,129,100,100,http://localhost:7000/randomRequest,900,0,0
1676157914568,721,HTTP Request,200,,Thread-Gruppe  1-67,text,true,,405,129,100,100,http://localhost:7000/randomRequest,721,0,0
1676157914902,406,HTTP Request,200,,Thread-Gruppe  1-82,text,true,,419,129,100,100,http://localhost:7000/randomRequest,406,0,0
1676157913813,1506,HTTP Request,200,,Thread-Gruppe  1-68,text,true,,643,129,100,100,http://localhost:7000/randomRequest,1506,0,0
1676157914595,724,HTTP Request,200,,Thread-Gruppe  1-44,text,true,,560,129,100,100,http://localhost:7000/randomRequest,724,0,1
1676157914720,619,HTTP Request,200,,Thread-Gruppe  1-94,text,true,,416,129,100,100,http://localhost:7000/randomRequest,619,0,1
1676157914515,824,HTTP Request,200,,Thread-Gruppe  1-100,text,true,,549,129,100,100,http://localhost:7000/randomRequest,824,0,1
1676157914445,902,HTTP Request,200,,Thread-Gruppe  1-30,text,true,,647,129,100,100,http://localhost:7000/randomRequest,902,0,1
1676157914313,1034,HTTP Request,200,,Thread-Gruppe  1-99,text,true,,492,129,100,100,http://localhost:7000/randomRequest,1034,0,0
1676157885198,30165,HTTP Request,500,,Thread-Gruppe  1-22,text,false,,258,129,100,100,http://localhost:7000/randomRequest,30164,0,64
1676157914756,616,HTTP Request,200,,Thread-Gruppe  1-52,text,true,,488,129,100,100,http://localhost:7000/randomRequest,616,0,0
1676157914993,412,HTTP Request,200,,Thread-Gruppe  1-62,text,true,,419,129,100,100,http://localhost:7000/randomRequest,412,0,0
1676157914784,621,HTTP Request,200,,Thread-Gruppe  1-87,text,true,,540,129,100,100,http://localhost:7000/randomRequest,621,0,0
1676157914802,616,HTTP Request,200,,Thread-Gruppe  1-34,text,true,,490,129,100,100,http://localhost:7000/randomRequest,616,0,0
1676157914802,617,HTTP Request,200,,Thread-Gruppe  1-95,text,true,,488,129,100,100,http://localhost:7000/randomRequest,617,0,0
1676157914501,918,HTTP Request,200,,Thread-Gruppe  1-92,text,true,,401,129,100,100,http://localhost:7000/randomRequest,918,0,0
1676157914626,793,HTTP Request,200,,Thread-Gruppe  1-49,text,true,,525,129,100,100,http://localhost:7000/randomRequest,793,0,1
1676157914279,1143,HTTP Request,200,,Thread-Gruppe  1-15,text,true,,696,129,100,100,http://localhost:7000/randomRequest,1143,0,0
1676157914589,840,HTTP Request,200,,Thread-Gruppe  1-55,text,true,,417,129,100,100,http://localhost:7000/randomRequest,840,0,0
1676157914619,824,HTTP Request,200,,Thread-Gruppe  1-64,text,true,,417,129,100,100,http://localhost:7000/randomRequest,824,0,0
1676157914619,824,HTTP Request,200,,Thread-Gruppe  1-42,text,true,,565,129,100,100,http://localhost:7000/randomRequest,824,0,0
1676157915042,415,HTTP Request,200,,Thread-Gruppe  1-18,text,true,,419,129,100,100,http://localhost:7000/randomRequest,415,0,1
1676157914526,931,HTTP Request,200,,Thread-Gruppe  1-16,text,true,,561,129,100,100,http://localhost:7000/randomRequest,931,0,1
1676157914731,726,HTTP Request,200,,Thread-Gruppe  1-88,text,true,,561,129,100,100,http://localhost:7000/randomRequest,726,0,1
1676157915146,311,HTTP Request,200,,Thread-Gruppe  1-56,text,true,,418,129,100,100,http://localhost:7000/randomRequest,311,0,1
1676157914570,902,HTTP Request,200,,Thread-Gruppe  1-2,text,true,,491,129,100,100,http://localhost:7000/randomRequest,902,0,0
1676157914901,593,HTTP Request,200,,Thread-Gruppe  1-38,text,true,,631,129,100,100,http://localhost:7000/randomRequest,593,0,1
1676157914860,634,HTTP Request,200,,Thread-Gruppe  1-24,text,true,,412,129,100,100,http://localhost:7000/randomRequest,634,0,0
1676157914877,618,HTTP Request,200,,Thread-Gruppe  1-27,text,true,,488,129,100,100,http://localhost:7000/randomRequest,618,0,0
1676157915104,407,HTTP Request,200,,Thread-Gruppe  1-31,text,true,,548,129,100,100,http://localhost:7000/randomRequest,407,0,1
1676157914908,618,HTTP Request,200,,Thread-Gruppe  1-80,text,true,,558,129,100,100,http://localhost:7000/randomRequest,618,0,0
1676157914941,616,HTTP Request,200,,Thread-Gruppe  1-48,text,true,,417,129,100,100,http://localhost:7000/randomRequest,616,0,0
1676157915146,428,HTTP Request,200,,Thread-Gruppe  1-97,text,true,,417,129,100,100,http://localhost:7000/randomRequest,428,0,1
1676157915169,406,HTTP Request,200,,Thread-Gruppe  1-66,text,true,,548,129,100,100,http://localhost:7000/randomRequest,406,0,0
1676157915063,511,HTTP Request,200,,Thread-Gruppe  1-74,text,true,,492,129,100,100,http://localhost:7000/randomRequest,511,0,0
1676157885199,30382,HTTP Request,500,,Thread-Gruppe  1-51,text,false,,258,129,100,100,http://localhost:7000/randomRequest,30381,0,58
1676157914619,1020,HTTP Request,200,,Thread-Gruppe  1-79,text,true,,647,129,100,100,http://localhost:7000/randomRequest,1020,0,0
1676157914513,1138,HTTP Request,200,,Thread-Gruppe  1-21,text,true,,485,129,100,100,http://localhost:7000/randomRequest,1138,0,0
1676157914626,1036,HTTP Request,200,,Thread-Gruppe  1-70,text,true,,489,129,100,100,http://localhost:7000/randomRequest,1035,0,1
1676157915042,620,HTTP Request,200,,Thread-Gruppe  1-91,text,true,,419,129,100,100,http://localhost:7000/randomRequest,619,0,1
1676157914733,937,HTTP Request,200,,Thread-Gruppe  1-78,text,true,,417,129,100,100,http://localhost:7000/randomRequest,937,0,0
1676157914961,713,HTTP Request,200,,Thread-Gruppe  1-26,text,true,,419,129,100,100,http://localhost:7000/randomRequest,713,0,0
1676157914860,814,HTTP Request,200,,Thread-Gruppe  1-83,text,true,,492,129,100,100,http://localhost:7000/randomRequest,814,0,0
1676157914381,1320,HTTP Request,200,,Thread-Gruppe  1-17,text,true,,633,129,100,100,http://localhost:7000/randomRequest,1320,0,1
1676157915178,527,HTTP Request,200,,Thread-Gruppe  1-96,text,true,,549,129,100,100,http://localhost:7000/randomRequest,527,0,0
1676157915025,726,HTTP Request,200,,Thread-Gruppe  1-47,text,true,,419,129,100,100,http://localhost:7000/randomRequest,726,0,1
1676157914822,929,HTTP Request,200,,Thread-Gruppe  1-12,text,true,,419,129,100,100,http://localhost:7000/randomRequest,929,0,0
1676157914756,996,HTTP Request,200,,Thread-Gruppe  1-81,text,true,,643,129,100,100,http://localhost:7000/randomRequest,996,0,0
1676157915039,717,HTTP Request,200,,Thread-Gruppe  1-76,text,true,,558,129,100,100,http://localhost:7000/randomRequest,717,0,0
1676157915143,615,HTTP Request,200,,Thread-Gruppe  1-98,text,true,,481,129,100,100,http://localhost:7000/randomRequest,615,0,1
1676157914822,941,HTTP Request,200,,Thread-Gruppe  1-54,text,true,,569,129,100,100,http://localhost:7000/randomRequest,941,0,0
1676157915169,607,HTTP Request,200,,Thread-Gruppe  1-50,text,true,,402,129,100,100,http://localhost:7000/randomRequest,607,0,0
1676157914672,1129,HTTP Request,200,,Thread-Gruppe  1-89,text,true,,492,129,100,100,http://localhost:7000/randomRequest,1129,0,0
1676157915169,636,HTTP Request,200,,Thread-Gruppe  1-77,text,true,,565,129,100,100,http://localhost:7000/randomRequest,636,0,0
1676157915201,611,HTTP Request,200,,Thread-Gruppe  1-86,text,true,,492,129,100,100,http://localhost:7000/randomRequest,611,0,1
1676157915004,813,HTTP Request,200,,Thread-Gruppe  1-58,text,true,,565,129,100,100,http://localhost:7000/randomRequest,813,0,1
1676157914700,1120,HTTP Request,200,,Thread-Gruppe  1-39,text,true,,492,129,100,100,http://localhost:7000/randomRequest,1120,0,0
1676157915227,615,HTTP Request,200,,Thread-Gruppe  1-40,text,true,,403,129,100,100,http://localhost:7000/randomRequest,615,0,0
1676157915223,619,HTTP Request,200,,Thread-Gruppe  1-43,text,true,,488,129,100,100,http://localhost:7000/randomRequest,619,0,1
1676157915340,515,HTTP Request,200,,Thread-Gruppe  1-100,text,true,,555,129,100,100,http://localhost:7000/randomRequest,515,0,0
1676157914653,1227,HTTP Request,200,,Thread-Gruppe  1-75,text,true,,403,129,100,100,http://localhost:7000/randomRequest,1227,0,0
1676157915169,712,HTTP Request,200,,Thread-Gruppe  1-45,text,true,,419,129,100,100,http://localhost:7000/randomRequest,712,0,0
1676157915190,716,HTTP Request,200,,Thread-Gruppe  1-46,text,true,,419,129,100,100,http://localhost:7000/randomRequest,716,0,0
1676157915084,821,HTTP Request,200,,Thread-Gruppe  1-61,text,true,,419,129,100,100,http://localhost:7000/randomRequest,821,0,0
1676157914774,1132,HTTP Request,200,,Thread-Gruppe  1-29,text,true,,488,129,100,100,http://localhost:7000/randomRequest,1132,0,1
1676157915420,515,HTTP Request,200,,Thread-Gruppe  1-49,text,true,,556,129,100,100,http://localhost:7000/randomRequest,515,0,1
1676157915320,615,HTTP Request,200,,Thread-Gruppe  1-44,text,true,,557,129,100,100,http://localhost:7000/randomRequest,615,0,1
1676157915227,719,HTTP Request,200,,Thread-Gruppe  1-25,text,true,,492,129,100,100,http://localhost:7000/randomRequest,719,0,0
1676157914860,1124,HTTP Request,200,,Thread-Gruppe  1-7,text,true,,403,129,100,100,http://localhost:7000/randomRequest,1124,0,0
1676157915373,645,HTTP Request,200,,Thread-Gruppe  1-52,text,true,,685,129,100,100,http://localhost:7000/randomRequest,645,0,0
1676157915420,610,HTTP Request,200,,Thread-Gruppe  1-34,text,true,,489,129,100,100,http://localhost:7000/randomRequest,610,0,0
1676157915423,618,HTTP Request,200,,Thread-Gruppe  1-15,text,true,,403,129,100,100,http://localhost:7000/randomRequest,618,0,1
1676157915348,710,HTTP Request,200,,Thread-Gruppe  1-99,text,true,,492,129,100,100,http://localhost:7000/randomRequest,710,0,0
1676157915146,924,HTTP Request,200,,Thread-Gruppe  1-11,text,true,,488,129,100,100,http://localhost:7000/randomRequest,924,0,1
1676157915458,622,HTTP Request,200,,Thread-Gruppe  1-56,text,true,,419,129,100,100,http://localhost:7000/randomRequest,622,0,0
1676157914961,1128,HTTP Request,200,,Thread-Gruppe  1-36,text,true,,492,129,100,100,http://localhost:7000/randomRequest,1128,0,0
1676157915495,610,HTTP Request,200,,Thread-Gruppe  1-38,text,true,,419,129,100,100,http://localhost:7000/randomRequest,610,0,0
1676157915073,1032,HTTP Request,200,,Thread-Gruppe  1-1,text,true,,492,129,100,100,http://localhost:7000/randomRequest,1032,0,0
1676157914806,1301,HTTP Request,200,,Thread-Gruppe  1-5,text,true,,527,129,100,100,http://localhost:7000/randomRequest,1301,0,0
1676157915310,816,HTTP Request,200,,Thread-Gruppe  1-82,text,true,,492,129,100,100,http://localhost:7000/randomRequest,816,0,0
1676157915214,920,HTTP Request,200,,Thread-Gruppe  1-71,text,true,,485,129,100,100,http://localhost:7000/randomRequest,920,0,0
1676157915420,724,HTTP Request,200,,Thread-Gruppe  1-95,text,true,,419,129,100,100,http://localhost:7000/randomRequest,724,0,1
1676157915430,716,HTTP Request,200,,Thread-Gruppe  1-55,text,true,,403,129,100,100,http://localhost:7000/randomRequest,716,0,0
1676157915444,714,HTTP Request,200,,Thread-Gruppe  1-64,text,true,,419,129,100,100,http://localhost:7000/randomRequest,714,0,0
1676157915444,714,HTTP Request,200,,Thread-Gruppe  1-42,text,true,,419,129,100,100,http://localhost:7000/randomRequest,714,0,0
1676157915340,818,HTTP Request,200,,Thread-Gruppe  1-94,text,true,,557,129,100,100,http://localhost:7000/randomRequest,818,0,0
1676157915652,506,HTTP Request,200,,Thread-Gruppe  1-21,text,true,,547,129,100,100,http://localhost:7000/randomRequest,506,0,1
1676157915458,715,HTTP Request,200,,Thread-Gruppe  1-88,text,true,,552,129,100,100,http://localhost:7000/randomRequest,715,0,0
1676157914547,1625,HTTP Request,200,,Thread-Gruppe  1-69,text,true,,640,129,100,100,http://localhost:7000/randomRequest,1625,0,1
1676157915458,725,HTTP Request,200,,Thread-Gruppe  1-18,text,true,,548,129,100,100,http://localhost:7000/randomRequest,725,0,0
1676157915458,725,HTTP Request,200,,Thread-Gruppe  1-16,text,true,,419,129,100,100,http://localhost:7000/randomRequest,725,0,0
1676157915559,624,HTTP Request,200,,Thread-Gruppe  1-48,text,true,,485,129,100,100,http://localhost:7000/randomRequest,624,0,0
1676157915473,717,HTTP Request,200,,Thread-Gruppe  1-2,text,true,,485,129,100,100,http://localhost:7000/randomRequest,717,0,0
1676157915675,515,HTTP Request,200,,Thread-Gruppe  1-26,text,true,,563,129,100,100,http://localhost:7000/randomRequest,515,0,0
1676157915169,1021,HTTP Request,200,,Thread-Gruppe  1-20,text,true,,541,129,100,100,http://localhost:7000/randomRequest,1021,0,0
1676157915291,915,HTTP Request,200,,Thread-Gruppe  1-35,text,true,,565,129,100,100,http://localhost:7000/randomRequest,915,0,0
1676157915201,1007,HTTP Request,200,,Thread-Gruppe  1-57,text,true,,527,129,100,100,http://localhost:7000/randomRequest,1007,0,1
1676157915406,819,HTTP Request,200,,Thread-Gruppe  1-87,text,true,,486,129,100,100,http://localhost:7000/randomRequest,819,0,1
1676157915752,510,HTTP Request,200,,Thread-Gruppe  1-12,text,true,,419,129,100,100,http://localhost:7000/randomRequest,510,0,1
1676157915671,612,HTTP Request,200,,Thread-Gruppe  1-78,text,true,,492,129,100,100,http://localhost:7000/randomRequest,612,0,0
1676157915663,620,HTTP Request,200,,Thread-Gruppe  1-91,text,true,,492,129,100,100,http://localhost:7000/randomRequest,620,0,0
1676157915675,615,HTTP Request,200,,Thread-Gruppe  1-83,text,true,,548,129,100,100,http://localhost:7000/randomRequest,615,0,0
1676157915575,715,HTTP Request,200,,Thread-Gruppe  1-74,text,true,,555,129,100,100,http://localhost:7000/randomRequest,715,0,0
1676157915907,403,HTTP Request,200,,Thread-Gruppe  1-29,text,true,,418,129,100,100,http://localhost:7000/randomRequest,403,0,0
1676157915906,404,HTTP Request,200,,Thread-Gruppe  1-61,text,true,,554,129,100,100,http://localhost:7000/randomRequest,404,0,1
1676157915104,1232,HTTP Request,200,,Thread-Gruppe  1-85,text,true,,538,129,100,100,http://localhost:7000/randomRequest,1232,0,1
1676157915843,511,HTTP Request,200,,Thread-Gruppe  1-40,text,true,,419,129,100,100,http://localhost:7000/randomRequest,511,0,0
1676157915663,721,HTTP Request,200,,Thread-Gruppe  1-70,text,true,,481,129,100,100,http://localhost:7000/randomRequest,721,0,0
1676157915575,816,HTTP Request,200,,Thread-Gruppe  1-66,text,true,,492,129,100,100,http://localhost:7000/randomRequest,816,0,0
1676157915881,510,HTTP Request,200,,Thread-Gruppe  1-45,text,true,,403,129,100,100,http://localhost:7000/randomRequest,510,0,0
1676157915575,816,HTTP Request,200,,Thread-Gruppe  1-97,text,true,,559,129,100,100,http://localhost:7000/randomRequest,816,0,0
1676157914756,1634,HTTP Request,200,,Thread-Gruppe  1-28,text,true,,492,129,100,100,http://localhost:7000/randomRequest,1634,0,0
1676157915320,1101,HTTP Request,200,,Thread-Gruppe  1-68,text,true,,633,129,100,100,http://localhost:7000/randomRequest,1100,0,1
1676157915812,622,HTTP Request,200,,Thread-Gruppe  1-86,text,true,,565,129,100,100,http://localhost:7000/randomRequest,622,0,0
1676157915513,927,HTTP Request,200,,Thread-Gruppe  1-31,text,true,,492,129,100,100,http://localhost:7000/randomRequest,927,0,0
1676157915118,1336,HTTP Request,200,,Thread-Gruppe  1-6,text,true,,486,129,100,100,http://localhost:7000/randomRequest,1336,0,0
1676157915527,928,HTTP Request,200,,Thread-Gruppe  1-80,text,true,,492,129,100,100,http://localhost:7000/randomRequest,928,0,1
1676157916158,311,HTTP Request,200,,Thread-Gruppe  1-64,text,true,,485,129,100,100,http://localhost:7000/randomRequest,311,0,1
1676157915764,711,HTTP Request,200,,Thread-Gruppe  1-54,text,true,,492,129,100,100,http://localhost:7000/randomRequest,711,0,1
1676157915759,716,HTTP Request,200,,Thread-Gruppe  1-98,text,true,,413,129,100,100,http://localhost:7000/randomRequest,716,0,1
1676157915577,914,HTTP Request,200,,Thread-Gruppe  1-51,text,true,,563,129,100,100,http://localhost:7000/randomRequest,914,0,0
1676157915406,1085,HTTP Request,200,,Thread-Gruppe  1-62,text,true,,633,129,100,100,http://localhost:7000/randomRequest,1085,0,1
1676157915803,711,HTTP Request,200,,Thread-Gruppe  1-89,text,true,,556,129,100,100,http://localhost:7000/randomRequest,711,0,0
1676157915420,1094,HTTP Request,200,,Thread-Gruppe  1-92,text,true,,537,129,100,100,http://localhost:7000/randomRequest,1094,0,1
1676157915291,1249,HTTP Request,200,,Thread-Gruppe  1-67,text,true,,545,129,100,100,http://localhost:7000/randomRequest,1249,0,0
1676157915348,1192,HTTP Request,200,,Thread-Gruppe  1-30,text,true,,644,129,100,100,http://localhost:7000/randomRequest,1192,0,0
1676157915855,714,HTTP Request,200,,Thread-Gruppe  1-100,text,true,,492,129,100,100,http://localhost:7000/randomRequest,714,0,0
1676157916183,408,HTTP Request,200,,Thread-Gruppe  1-18,text,true,,490,129,100,100,http://localhost:7000/randomRequest,408,0,0
1676157916090,501,HTTP Request,200,,Thread-Gruppe  1-36,text,true,,492,129,100,100,http://localhost:7000/randomRequest,501,0,0
1676157915084,1506,HTTP Request,200,,Thread-Gruppe  1-4,text,true,,643,129,100,100,http://localhost:7000/randomRequest,1506,0,0
1676157915805,786,HTTP Request,200,,Thread-Gruppe  1-77,text,true,,526,129,100,100,http://localhost:7000/randomRequest,786,0,0
1676157916391,204,HTTP Request,200,,Thread-Gruppe  1-97,text,true,,419,129,100,100,http://localhost:7000/randomRequest,204,0,1
1676157915752,890,HTTP Request,200,,Thread-Gruppe  1-47,text,true,,537,129,100,100,http://localhost:7000/randomRequest,890,0,0
1676157915495,1149,HTTP Request,200,,Thread-Gruppe  1-24,text,true,,572,129,100,100,http://localhost:7000/randomRequest,1149,0,0
1676157915169,1490,HTTP Request,200,,Thread-Gruppe  1-13,text,true,,643,129,100,100,http://localhost:7000/randomRequest,1490,0,0
1676157915819,840,HTTP Request,200,,Thread-Gruppe  1-58,text,true,,565,129,100,100,http://localhost:7000/randomRequest,840,0,0
1676157915776,904,HTTP Request,200,,Thread-Gruppe  1-50,text,true,,647,129,100,100,http://localhost:7000/randomRequest,904,0,1
1676157886519,30167,HTTP Request,500,,Thread-Gruppe  1-90,text,false,,258,129,100,100,http://localhost:7000/randomRequest,30166,0,0
1676157916080,615,HTTP Request,200,,Thread-Gruppe  1-56,text,true,,554,129,100,100,http://localhost:7000/randomRequest,615,0,0
1676157915881,814,HTTP Request,200,,Thread-Gruppe  1-75,text,true,,492,129,100,100,http://localhost:7000/randomRequest,814,0,0
1676157915496,1199,HTTP Request,200,,Thread-Gruppe  1-27,text,true,,633,129,100,100,http://localhost:7000/randomRequest,1199,0,0
1676157915906,817,HTTP Request,200,,Thread-Gruppe  1-46,text,true,,492,129,100,100,http://localhost:7000/randomRequest,817,0,1
1676157916108,615,HTTP Request,200,,Thread-Gruppe  1-5,text,true,,419,129,100,100,http://localhost:7000/randomRequest,615,0,0
1676157915702,1021,HTTP Request,200,,Thread-Gruppe  1-17,text,true,,520,129,100,100,http://localhost:7000/randomRequest,1021,0,0
1676157916019,718,HTTP Request,200,,Thread-Gruppe  1-52,text,true,,419,129,100,100,http://localhost:7000/randomRequest,718,0,0
1676157916134,610,HTTP Request,200,,Thread-Gruppe  1-71,text,true,,550,129,100,100,http://localhost:7000/randomRequest,610,0,1
1676157915935,828,HTTP Request,200,,Thread-Gruppe  1-44,text,true,,403,129,100,100,http://localhost:7000/randomRequest,828,0,0
1676157915935,828,HTTP Request,200,,Thread-Gruppe  1-49,text,true,,546,129,100,100,http://localhost:7000/randomRequest,828,0,0
1676157916173,612,HTTP Request,200,,Thread-Gruppe  1-88,text,true,,492,129,100,100,http://localhost:7000/randomRequest,612,0,0
1676157916183,615,HTTP Request,200,,Thread-Gruppe  1-48,text,true,,549,129,100,100,http://localhost:7000/randomRequest,615,0,0
1676157916183,615,HTTP Request,200,,Thread-Gruppe  1-16,text,true,,418,129,100,100,http://localhost:7000/randomRequest,615,0,0
1676157916106,719,HTTP Request,200,,Thread-Gruppe  1-1,text,true,,492,129,100,100,http://localhost:7000/randomRequest,719,0,0
1676157916206,619,HTTP Request,200,,Thread-Gruppe  1-35,text,true,,492,129,100,100,http://localhost:7000/randomRequest,619,0,1
1676157916105,739,HTTP Request,200,,Thread-Gruppe  1-38,text,true,,539,129,100,100,http://localhost:7000/randomRequest,739,0,1
1676157916031,813,HTTP Request,200,,Thread-Gruppe  1-34,text,true,,492,129,100,100,http://localhost:7000/randomRequest,813,0,0
1676157916041,828,HTTP Request,200,,Thread-Gruppe  1-15,text,true,,553,129,100,100,http://localhost:7000/randomRequest,828,0,0
1676157916146,723,HTTP Request,200,,Thread-Gruppe  1-55,text,true,,563,129,100,100,http://localhost:7000/randomRequest,723,0,1
1676157915946,925,HTTP Request,200,,Thread-Gruppe  1-25,text,true,,565,129,100,100,http://localhost:7000/randomRequest,925,0,0
1676157915753,1122,HTTP Request,200,,Thread-Gruppe  1-81,text,true,,403,129,100,100,http://localhost:7000/randomRequest,1122,0,0
1676157916071,819,HTTP Request,200,,Thread-Gruppe  1-11,text,true,,543,129,100,100,http://localhost:7000/randomRequest,819,0,0
1676157916262,641,HTTP Request,200,,Thread-Gruppe  1-12,text,true,,417,129,100,100,http://localhost:7000/randomRequest,641,0,0
1676157915359,1544,HTTP Request,200,,Thread-Gruppe  1-22,text,true,,485,129,100,100,http://localhost:7000/randomRequest,1544,0,1
1676157916283,620,HTTP Request,200,,Thread-Gruppe  1-91,text,true,,492,129,100,100,http://localhost:7000/randomRequest,620,0,1
1676157916290,620,HTTP Request,200,,Thread-Gruppe  1-74,text,true,,419,129,100,100,http://localhost:7000/randomRequest,620,0,0
1676157915705,1240,HTTP Request,200,,Thread-Gruppe  1-96,text,true,,589,129,100,100,http://localhost:7000/randomRequest,1240,0,0
1676157916158,787,HTTP Request,200,,Thread-Gruppe  1-42,text,true,,644,129,100,100,http://localhost:7000/randomRequest,787,0,1
1676157916435,510,HTTP Request,200,,Thread-Gruppe  1-86,text,true,,419,129,100,100,http://localhost:7000/randomRequest,510,0,0
1676157915640,1305,HTTP Request,200,,Thread-Gruppe  1-79,text,true,,540,129,100,100,http://localhost:7000/randomRequest,1305,0,0
1676157916173,820,HTTP Request,200,,Thread-Gruppe  1-69,text,true,,555,129,100,100,http://localhost:7000/randomRequest,820,0,0
1676157916158,840,HTTP Request,200,,Thread-Gruppe  1-21,text,true,,417,129,100,100,http://localhost:7000/randomRequest,840,0,1
1676157916283,722,HTTP Request,200,,Thread-Gruppe  1-78,text,true,,492,129,100,100,http://localhost:7000/randomRequest,722,0,1
1676157916190,815,HTTP Request,200,,Thread-Gruppe  1-26,text,true,,561,129,100,100,http://localhost:7000/randomRequest,815,0,0
1676157916208,822,HTTP Request,200,,Thread-Gruppe  1-57,text,true,,485,129,100,100,http://localhost:7000/randomRequest,822,0,1
1676157915190,1840,HTTP Request,200,,Thread-Gruppe  1-32,text,true,,536,129,100,100,http://localhost:7000/randomRequest,1840,0,0
1676157916144,890,HTTP Request,200,,Thread-Gruppe  1-95,text,true,,643,129,100,100,http://localhost:7000/randomRequest,890,0,0
1676157916127,919,HTTP Request,200,,Thread-Gruppe  1-82,text,true,,561,129,100,100,http://localhost:7000/randomRequest,919,0,0
1676157916540,506,HTTP Request,200,,Thread-Gruppe  1-67,text,true,,419,129,100,100,http://localhost:7000/randomRequest,506,0,0
1676157916455,617,HTTP Request,200,,Thread-Gruppe  1-80,text,true,,419,129,100,100,http://localhost:7000/randomRequest,617,0,0
1676157916455,617,HTTP Request,200,,Thread-Gruppe  1-6,text,true,,490,129,100,100,http://localhost:7000/randomRequest,617,0,0
1676157915843,1229,HTTP Request,200,,Thread-Gruppe  1-43,text,true,,490,129,100,100,http://localhost:7000/randomRequest,1229,0,0
1676157916391,681,HTTP Request,200,,Thread-Gruppe  1-28,text,true,,640,129,100,100,http://localhost:7000/randomRequest,681,0,1
1676157915821,1252,HTTP Request,200,,Thread-Gruppe  1-39,text,true,,680,129,100,100,http://localhost:7000/randomRequest,1252,0,0
1676157887038,30047,HTTP Request,500,,Thread-Gruppe  1-84,text,false,,258,129,100,100,http://localhost:7000/randomRequest,30046,0,0
1676157916158,927,HTTP Request,200,,Thread-Gruppe  1-94,text,true,,481,129,100,100,http://localhost:7000/randomRequest,927,0,1
1676157916058,1027,HTTP Request,200,,Thread-Gruppe  1-99,text,true,,485,129,100,100,http://localhost:7000/randomRequest,1027,0,1
1676157887007,30096,HTTP Request,500,,Thread-Gruppe  1-23,text,false,,258,129,100,100,http://localhost:7000/randomRequest,30096,0,1
1676157916475,627,HTTP Request,200,,Thread-Gruppe  1-98,text,true,,419,129,100,100,http://localhost:7000/randomRequest,627,0,1
1676157916310,792,HTTP Request,200,,Thread-Gruppe  1-29,text,true,,491,129,100,100,http://localhost:7000/randomRequest,792,0,0
1676157916591,515,HTTP Request,200,,Thread-Gruppe  1-18,text,true,,419,129,100,100,http://localhost:7000/randomRequest,515,0,1
1676157916391,715,HTTP Request,200,,Thread-Gruppe  1-45,text,true,,485,129,100,100,http://localhost:7000/randomRequest,715,0,1
1676157916592,514,HTTP Request,200,,Thread-Gruppe  1-77,text,true,,419,129,100,100,http://localhost:7000/randomRequest,514,0,0
1676157916391,715,HTTP Request,200,,Thread-Gruppe  1-66,text,true,,488,129,100,100,http://localhost:7000/randomRequest,715,0,1
1676157916514,621,HTTP Request,200,,Thread-Gruppe  1-89,text,true,,419,129,100,100,http://localhost:7000/randomRequest,621,0,0
1676157916421,718,HTTP Request,200,,Thread-Gruppe  1-68,text,true,,485,129,100,100,http://localhost:7000/randomRequest,718,0,0
1676157916642,507,HTTP Request,200,,Thread-Gruppe  1-47,text,true,,419,129,100,100,http://localhost:7000/randomRequest,507,0,0
1676157916440,709,HTTP Request,200,,Thread-Gruppe  1-31,text,true,,419,129,100,100,http://localhost:7000/randomRequest,709,0,1
1676157916354,822,HTTP Request,200,,Thread-Gruppe  1-40,text,true,,479,129,100,100,http://localhost:7000/randomRequest,822,0,0
1676157916569,621,HTTP Request,200,,Thread-Gruppe  1-100,text,true,,416,129,100,100,http://localhost:7000/randomRequest,621,0,0
1676157916491,718,HTTP Request,200,,Thread-Gruppe  1-51,text,true,,492,129,100,100,http://localhost:7000/randomRequest,718,0,1
1676157916695,514,HTTP Request,200,,Thread-Gruppe  1-75,text,true,,419,129,100,100,http://localhost:7000/randomRequest,514,0,0
1676157916723,517,HTTP Request,200,,Thread-Gruppe  1-17,text,true,,481,129,100,100,http://localhost:7000/randomRequest,517,0,1
1676157916659,618,HTTP Request,200,,Thread-Gruppe  1-13,text,true,,557,129,100,100,http://localhost:7000/randomRequest,618,0,0
1676157916469,823,HTTP Request,200,,Thread-Gruppe  1-64,text,true,,401,129,100,100,http://localhost:7000/randomRequest,823,0,0
1676157916682,624,HTTP Request,200,,Thread-Gruppe  1-90,text,true,,557,129,100,100,http://localhost:7000/randomRequest,624,0,0
1676157916190,1117,HTTP Request,200,,Thread-Gruppe  1-20,text,true,,527,129,100,100,http://localhost:7000/randomRequest,1117,0,0
1676157916799,515,HTTP Request,200,,Thread-Gruppe  1-48,text,true,,492,129,100,100,http://localhost:7000/randomRequest,515,0,0
1676157916695,619,HTTP Request,200,,Thread-Gruppe  1-27,text,true,,492,129,100,100,http://localhost:7000/randomRequest,619,0,0
1676157916680,642,HTTP Request,200,,Thread-Gruppe  1-50,text,true,,671,129,100,100,http://localhost:7000/randomRequest,642,0,0
1676157916514,829,HTTP Request,200,,Thread-Gruppe  1-92,text,true,,490,129,100,100,http://localhost:7000/randomRequest,829,0,0
1676157916738,615,HTTP Request,200,,Thread-Gruppe  1-52,text,true,,419,129,100,100,http://localhost:7000/randomRequest,615,0,0
1676157915757,1625,HTTP Request,200,,Thread-Gruppe  1-76,text,true,,643,129,100,100,http://localhost:7000/randomRequest,1625,0,0
1676157916871,514,HTTP Request,200,,Thread-Gruppe  1-25,text,true,,416,129,100,100,http://localhost:7000/randomRequest,514,0,1
1676157916869,516,HTTP Request,200,,Thread-Gruppe  1-15,text,true,,570,129,100,100,http://localhost:7000/randomRequest,516,0,0
1676157916384,1001,HTTP Request,200,,Thread-Gruppe  1-70,text,true,,643,129,100,100,http://localhost:7000/randomRequest,1001,0,1
1676157916290,1104,HTTP Request,200,,Thread-Gruppe  1-83,text,true,,643,129,100,100,http://localhost:7000/randomRequest,1104,0,0
1676157915985,1409,HTTP Request,200,,Thread-Gruppe  1-7,text,true,,644,129,100,100,http://localhost:7000/randomRequest,1409,0,1
1676157916785,621,HTTP Request,200,,Thread-Gruppe  1-88,text,true,,403,129,100,100,http://localhost:7000/randomRequest,621,0,0
1676157916890,516,HTTP Request,200,,Thread-Gruppe  1-11,text,true,,419,129,100,100,http://localhost:7000/randomRequest,516,0,0
1676157916695,723,HTTP Request,200,,Thread-Gruppe  1-56,text,true,,558,129,100,100,http://localhost:7000/randomRequest,723,0,0
1676157916911,519,HTTP Request,200,,Thread-Gruppe  1-74,text,true,,419,129,100,100,http://localhost:7000/randomRequest,519,0,0
1676157916190,1240,HTTP Request,200,,Thread-Gruppe  1-2,text,true,,485,129,100,100,http://localhost:7000/randomRequest,1240,0,0
1676157916723,721,HTTP Request,200,,Thread-Gruppe  1-46,text,true,,559,129,100,100,http://localhost:7000/randomRequest,721,0,1
1676157916491,953,HTTP Request,200,,Thread-Gruppe  1-62,text,true,,672,129,100,100,http://localhost:7000/randomRequest,953,0,1
1676157916723,721,HTTP Request,200,,Thread-Gruppe  1-5,text,true,,403,129,100,100,http://localhost:7000/randomRequest,721,0,1
1676157916338,1121,HTTP Request,200,,Thread-Gruppe  1-85,text,true,,492,129,100,100,http://localhost:7000/randomRequest,1121,0,0
1676157916844,619,HTTP Request,200,,Thread-Gruppe  1-38,text,true,,560,129,100,100,http://localhost:7000/randomRequest,619,0,0
1676157917046,417,HTTP Request,200,,Thread-Gruppe  1-67,text,true,,413,129,100,100,http://localhost:7000/randomRequest,417,0,0
1676157916844,619,HTTP Request,200,,Thread-Gruppe  1-34,text,true,,419,129,100,100,http://localhost:7000/randomRequest,619,0,0
1676157916764,726,HTTP Request,200,,Thread-Gruppe  1-44,text,true,,417,129,100,100,http://localhost:7000/randomRequest,726,0,0
1676157916591,899,HTTP Request,200,,Thread-Gruppe  1-4,text,true,,481,129,100,100,http://localhost:7000/randomRequest,899,0,1
1676157916875,617,HTTP Request,200,,Thread-Gruppe  1-81,text,true,,481,129,100,100,http://localhost:7000/randomRequest,617,0,0
1676157917106,415,HTTP Request,200,,Thread-Gruppe  1-45,text,true,,416,129,100,100,http://localhost:7000/randomRequest,415,0,0
1676157916904,617,HTTP Request,200,,Thread-Gruppe  1-12,text,true,,418,129,100,100,http://localhost:7000/randomRequest,617,0,0
1676157916310,1238,HTTP Request,200,,Thread-Gruppe  1-61,text,true,,488,129,100,100,http://localhost:7000/randomRequest,1238,0,0
1676157916825,730,HTTP Request,200,,Thread-Gruppe  1-35,text,true,,550,129,100,100,http://localhost:7000/randomRequest,730,0,0
1676157916825,730,HTTP Request,200,,Thread-Gruppe  1-1,text,true,,492,129,100,100,http://localhost:7000/randomRequest,730,0,0
1676157916764,793,HTTP Request,200,,Thread-Gruppe  1-49,text,true,,491,129,100,100,http://localhost:7000/randomRequest,793,0,0
1676157916540,1019,HTTP Request,200,,Thread-Gruppe  1-30,text,true,,492,129,100,100,http://localhost:7000/randomRequest,1019,0,0
1676157916659,931,HTTP Request,200,,Thread-Gruppe  1-58,text,true,,644,129,100,100,http://localhost:7000/randomRequest,931,0,0
1676157917073,519,HTTP Request,200,,Thread-Gruppe  1-39,text,true,,557,129,100,100,http://localhost:7000/randomRequest,519,0,0
1676157916799,793,HTTP Request,200,,Thread-Gruppe  1-16,text,true,,481,129,100,100,http://localhost:7000/randomRequest,793,0,0
1676157916998,611,HTTP Request,200,,Thread-Gruppe  1-21,text,true,,416,129,100,100,http://localhost:7000/randomRequest,611,0,1
1676157916904,718,HTTP Request,200,,Thread-Gruppe  1-91,text,true,,492,129,100,100,http://localhost:7000/randomRequest,718,0,0
1676157916904,718,HTTP Request,200,,Thread-Gruppe  1-22,text,true,,488,129,100,100,http://localhost:7000/randomRequest,718,0,0
1676157917106,516,HTTP Request,200,,Thread-Gruppe  1-18,text,true,,416,129,100,100,http://localhost:7000/randomRequest,516,0,0
1676157917135,517,HTTP Request,200,,Thread-Gruppe  1-89,text,true,,487,129,100,100,http://localhost:7000/randomRequest,517,0,0
1676157916946,722,HTTP Request,200,,Thread-Gruppe  1-96,text,true,,492,129,100,100,http://localhost:7000/randomRequest,722,0,5
1676157917072,626,HTTP Request,200,,Thread-Gruppe  1-80,text,true,,557,129,100,100,http://localhost:7000/randomRequest,626,0,0
1676157917085,613,HTTP Request,200,,Thread-Gruppe  1-99,text,true,,561,129,100,100,http://localhost:7000/randomRequest,613,0,0
1676157917106,603,HTTP Request,200,,Thread-Gruppe  1-66,text,true,,493,129,100,100,http://localhost:7000/randomRequest,603,0,0
1676157917102,612,HTTP Request,200,,Thread-Gruppe  1-29,text,true,,492,129,100,100,http://localhost:7000/randomRequest,612,0,0
1676157917030,722,HTTP Request,200,,Thread-Gruppe  1-57,text,true,,492,129,100,100,http://localhost:7000/randomRequest,722,0,1
1676157917030,722,HTTP Request,200,,Thread-Gruppe  1-32,text,true,,547,129,100,100,http://localhost:7000/randomRequest,722,0,1
1676157916869,890,HTTP Request,200,,Thread-Gruppe  1-55,text,true,,633,129,100,100,http://localhost:7000/randomRequest,890,0,0
1676157917006,797,HTTP Request,200,,Thread-Gruppe  1-26,text,true,,495,129,100,100,http://localhost:7000/randomRequest,797,0,0
1676157917292,511,HTTP Request,200,,Thread-Gruppe  1-64,text,true,,547,129,100,100,http://localhost:7000/randomRequest,511,0,0
1676157917072,731,HTTP Request,200,,Thread-Gruppe  1-43,text,true,,414,129,100,100,http://localhost:7000/randomRequest,731,0,0
1676157917106,717,HTTP Request,200,,Thread-Gruppe  1-77,text,true,,495,129,100,100,http://localhost:7000/randomRequest,717,0,0
1676157917314,509,HTTP Request,200,,Thread-Gruppe  1-27,text,true,,417,129,100,100,http://localhost:7000/randomRequest,509,0,0
1676157916226,1617,HTTP Request,200,,Thread-Gruppe  1-87,text,true,,537,129,100,100,http://localhost:7000/randomRequest,1617,0,0
1676157916946,901,HTTP Request,200,,Thread-Gruppe  1-86,text,true,,490,129,100,100,http://localhost:7000/randomRequest,901,0,5
1676157916475,1394,HTTP Request,200,,Thread-Gruppe  1-54,text,true,,643,129,100,100,http://localhost:7000/randomRequest,1394,0,1
1676157917046,827,HTTP Request,200,,Thread-Gruppe  1-82,text,true,,419,129,100,100,http://localhost:7000/randomRequest,827,0,0
1676157916744,1161,HTTP Request,200,,Thread-Gruppe  1-71,text,true,,545,129,100,100,http://localhost:7000/randomRequest,1161,0,0
1676157917394,511,HTTP Request,200,,Thread-Gruppe  1-83,text,true,,403,129,100,100,http://localhost:7000/randomRequest,511,0,1
1676157917190,715,HTTP Request,200,,Thread-Gruppe  1-100,text,true,,492,129,100,100,http://localhost:7000/randomRequest,715,0,0
1676157917323,613,HTTP Request,200,,Thread-Gruppe  1-50,text,true,,1498,129,100,100,http://localhost:7000/randomRequest,613,0,0
1676157917102,850,HTTP Request,200,,Thread-Gruppe  1-98,text,true,,417,129,100,100,http://localhost:7000/randomRequest,850,0,0
1676157917149,820,HTTP Request,200,,Thread-Gruppe  1-47,text,true,,556,129,100,100,http://localhost:7000/randomRequest,820,0,0
1676157916946,1030,HTTP Request,200,,Thread-Gruppe  1-42,text,true,,416,129,100,100,http://localhost:7000/randomRequest,1030,0,5
1676157917394,611,HTTP Request,200,,Thread-Gruppe  1-7,text,true,,417,129,100,100,http://localhost:7000/randomRequest,611,0,1
1676157917072,933,HTTP Request,200,,Thread-Gruppe  1-6,text,true,,492,129,100,100,http://localhost:7000/randomRequest,933,0,0
1676157917081,924,HTTP Request,200,,Thread-Gruppe  1-84,text,true,,559,129,100,100,http://localhost:7000/randomRequest,924,0,0
1676157916994,1018,HTTP Request,200,,Thread-Gruppe  1-69,text,true,,488,129,100,100,http://localhost:7000/randomRequest,1018,0,0
1676157916595,1424,HTTP Request,200,,Thread-Gruppe  1-97,text,true,,535,129,100,100,http://localhost:7000/randomRequest,1424,0,0
1676157917406,613,HTTP Request,200,,Thread-Gruppe  1-88,text,true,,693,129,100,100,http://localhost:7000/randomRequest,613,0,1
1676157917209,814,HTTP Request,200,,Thread-Gruppe  1-75,text,true,,419,129,100,100,http://localhost:7000/randomRequest,814,0,0
1676157917072,997,HTTP Request,200,,Thread-Gruppe  1-28,text,true,,535,129,100,100,http://localhost:7000/randomRequest,997,0,0
1676157917035,1034,HTTP Request,200,,Thread-Gruppe  1-95,text,true,,490,129,100,100,http://localhost:7000/randomRequest,1034,0,0
1676157917555,516,HTTP Request,200,,Thread-Gruppe  1-1,text,true,,563,129,100,100,http://localhost:7000/randomRequest,516,0,1
1676157916644,1461,HTTP Request,200,,Thread-Gruppe  1-24,text,true,,527,129,100,100,http://localhost:7000/randomRequest,1461,0,0
1676157917385,721,HTTP Request,200,,Thread-Gruppe  1-70,text,true,,492,129,100,100,http://localhost:7000/randomRequest,721,0,0
1676157917493,613,HTTP Request,200,,Thread-Gruppe  1-81,text,true,,419,129,100,100,http://localhost:7000/randomRequest,613,0,0
1676157917698,408,HTTP Request,200,,Thread-Gruppe  1-80,text,true,,558,129,100,100,http://localhost:7000/randomRequest,408,0,0
1676157917490,616,HTTP Request,200,,Thread-Gruppe  1-4,text,true,,549,129,100,100,http://localhost:7000/randomRequest,616,0,0
1676157917099,1015,HTTP Request,200,,Thread-Gruppe  1-23,text,true,,492,129,100,100,http://localhost:7000/randomRequest,1015,0,1
1676157917344,782,HTTP Request,200,,Thread-Gruppe  1-92,text,true,,633,129,100,100,http://localhost:7000/randomRequest,782,0,0
1676157917444,711,HTTP Request,200,,Thread-Gruppe  1-5,text,true,,492,129,100,100,http://localhost:7000/randomRequest,711,0,0
1676157917652,503,HTTP Request,200,,Thread-Gruppe  1-89,text,true,,418,129,100,100,http://localhost:7000/randomRequest,503,0,0
1676157917463,723,HTTP Request,200,,Thread-Gruppe  1-38,text,true,,403,129,100,100,http://localhost:7000/randomRequest,723,0,0
1676157917306,952,HTTP Request,200,,Thread-Gruppe  1-90,text,true,,664,129,100,100,http://localhost:7000/randomRequest,952,0,0
1676157917240,1019,HTTP Request,200,,Thread-Gruppe  1-17,text,true,,492,129,100,100,http://localhost:7000/randomRequest,1019,0,0
1676157917444,815,HTTP Request,200,,Thread-Gruppe  1-46,text,true,,490,129,100,100,http://localhost:7000/randomRequest,815,0,0
1676157917140,1135,HTTP Request,200,,Thread-Gruppe  1-68,text,true,,488,129,100,100,http://localhost:7000/randomRequest,1135,0,0
1676157917149,1127,HTTP Request,200,,Thread-Gruppe  1-31,text,true,,492,129,100,100,http://localhost:7000/randomRequest,1127,0,0
1676157917459,817,HTTP Request,200,,Thread-Gruppe  1-85,text,true,,492,129,100,100,http://localhost:7000/randomRequest,817,0,0
1676157917354,922,HTTP Request,200,,Thread-Gruppe  1-52,text,true,,418,129,100,100,http://localhost:7000/randomRequest,922,0,0
1676157917669,621,HTTP Request,200,,Thread-Gruppe  1-96,text,true,,543,129,100,100,http://localhost:7000/randomRequest,620,0,0
1676157917085,1210,HTTP Request,200,,Thread-Gruppe  1-94,text,true,,479,129,100,100,http://localhost:7000/randomRequest,1210,0,0
1676157917209,1093,HTTP Request,200,,Thread-Gruppe  1-51,text,true,,633,129,100,100,http://localhost:7000/randomRequest,1093,0,0
1676157917592,714,HTTP Request,200,,Thread-Gruppe  1-16,text,true,,403,129,100,100,http://localhost:7000/randomRequest,714,0,1
1676157916591,1715,HTTP Request,200,,Thread-Gruppe  1-36,text,true,,527,129,100,100,http://localhost:7000/randomRequest,1715,0,1
1676157917385,921,HTTP Request,200,,Thread-Gruppe  1-25,text,true,,560,129,100,100,http://localhost:7000/randomRequest,921,0,0
1676157917592,714,HTTP Request,200,,Thread-Gruppe  1-39,text,true,,419,129,100,100,http://localhost:7000/randomRequest,714,0,1
1676157917176,1144,HTTP Request,200,,Thread-Gruppe  1-40,text,true,,685,129,100,100,http://localhost:7000/randomRequest,1144,0,1
1676157917307,1019,HTTP Request,200,,Thread-Gruppe  1-20,text,true,,489,129,100,100,http://localhost:7000/randomRequest,1019,0,0
1676157917006,1329,HTTP Request,200,,Thread-Gruppe  1-78,text,true,,488,129,100,100,http://localhost:7000/randomRequest,1329,0,0
1676157917623,720,HTTP Request,200,,Thread-Gruppe  1-18,text,true,,418,129,100,100,http://localhost:7000/randomRequest,720,0,0
1676157917609,734,HTTP Request,200,,Thread-Gruppe  1-21,text,true,,677,129,100,100,http://localhost:7000/randomRequest,734,0,0
1676157917823,520,HTTP Request,200,,Thread-Gruppe  1-27,text,true,,492,129,100,100,http://localhost:7000/randomRequest,520,0,1
1676157917623,720,HTTP Request,200,,Thread-Gruppe  1-91,text,true,,419,129,100,100,http://localhost:7000/randomRequest,720,0,0
1676157917752,608,HTTP Request,200,,Thread-Gruppe  1-57,text,true,,418,129,100,100,http://localhost:7000/randomRequest,608,0,1
1676157917752,608,HTTP Request,200,,Thread-Gruppe  1-32,text,true,,418,129,100,100,http://localhost:7000/randomRequest,608,0,1
1676157917277,1098,HTTP Request,200,,Thread-Gruppe  1-13,text,true,,637,129,100,100,http://localhost:7000/randomRequest,1098,0,1
1676157917558,822,HTTP Request,200,,Thread-Gruppe  1-49,text,true,,572,129,100,100,http://localhost:7000/randomRequest,822,0,0
1676157917463,930,HTTP Request,200,,Thread-Gruppe  1-67,text,true,,567,129,100,100,http://localhost:7000/randomRequest,930,0,0
1676157917548,845,HTTP Request,200,,Thread-Gruppe  1-61,text,true,,417,129,100,100,http://localhost:7000/randomRequest,845,0,1
1676157917419,986,HTTP Request,200,,Thread-Gruppe  1-56,text,true,,633,129,100,100,http://localhost:7000/randomRequest,986,0,0
1676157917382,1024,HTTP Request,200,,Thread-Gruppe  1-76,text,true,,557,129,100,100,http://localhost:7000/randomRequest,1024,0,0
1676157918006,403,HTTP Request,200,,Thread-Gruppe  1-6,text,true,,552,129,100,100,http://localhost:7000/randomRequest,403,0,0
1676157917590,837,HTTP Request,200,,Thread-Gruppe  1-58,text,true,,417,129,100,100,http://localhost:7000/randomRequest,837,0,0
1676157917714,713,HTTP Request,200,,Thread-Gruppe  1-29,text,true,,550,129,100,100,http://localhost:7000/randomRequest,713,0,0
1676157917823,625,HTTP Request,200,,Thread-Gruppe  1-77,text,true,,492,129,100,100,http://localhost:7000/randomRequest,625,0,1
1676157917936,512,HTTP Request,200,,Thread-Gruppe  1-50,text,true,,553,129,100,100,http://localhost:7000/randomRequest,512,0,1
1676157917843,617,HTTP Request,200,,Thread-Gruppe  1-87,text,true,,419,129,100,100,http://localhost:7000/randomRequest,617,0,0
1676157917759,719,HTTP Request,200,,Thread-Gruppe  1-55,text,true,,556,129,100,100,http://localhost:7000/randomRequest,719,0,1
1676157918071,409,HTTP Request,200,,Thread-Gruppe  1-1,text,true,,419,129,100,100,http://localhost:7000/randomRequest,409,0,1
1676157917555,925,HTTP Request,200,,Thread-Gruppe  1-35,text,true,,481,129,100,100,http://localhost:7000/randomRequest,925,0,1
1676157917314,1192,HTTP Request,200,,Thread-Gruppe  1-48,text,true,,527,129,100,100,http://localhost:7000/randomRequest,1192,0,0
1676157918106,405,HTTP Request,200,,Thread-Gruppe  1-80,text,true,,419,129,100,100,http://localhost:7000/randomRequest,405,0,0
1676157918006,507,HTTP Request,200,,Thread-Gruppe  1-7,text,true,,419,129,100,100,http://localhost:7000/randomRequest,507,0,0
1676157918012,513,HTTP Request,200,,Thread-Gruppe  1-69,text,true,,413,129,100,100,http://localhost:7000/randomRequest,513,0,0
1676157918019,521,HTTP Request,200,,Thread-Gruppe  1-88,text,true,,419,129,100,100,http://localhost:7000/randomRequest,521,0,0
1676157917521,1021,HTTP Request,200,,Thread-Gruppe  1-45,text,true,,490,129,100,100,http://localhost:7000/randomRequest,1021,0,1
1676157917430,1125,HTTP Request,200,,Thread-Gruppe  1-74,text,true,,492,129,100,100,http://localhost:7000/randomRequest,1125,0,0
1676157917952,633,HTTP Request,200,,Thread-Gruppe  1-98,text,true,,417,129,100,100,http://localhost:7000/randomRequest,633,0,1
1676157917873,727,HTTP Request,200,,Thread-Gruppe  1-82,text,true,,541,129,100,100,http://localhost:7000/randomRequest,727,0,0
1676157917969,637,HTTP Request,200,,Thread-Gruppe  1-47,text,true,,555,129,100,100,http://localhost:7000/randomRequest,637,0,1
1676157917385,1221,HTTP Request,200,,Thread-Gruppe  1-15,text,true,,489,129,100,100,http://localhost:7000/randomRequest,1221,0,0
1676157917803,803,HTTP Request,200,,Thread-Gruppe  1-26,text,true,,549,129,100,100,http://localhost:7000/randomRequest,803,0,0
1676157918024,618,HTTP Request,200,,Thread-Gruppe  1-75,text,true,,552,129,100,100,http://localhost:7000/randomRequest,618,0,0
1676157917976,684,HTTP Request,200,,Thread-Gruppe  1-42,text,true,,541,129,100,100,http://localhost:7000/randomRequest,684,0,0
1676157918019,641,HTTP Request,200,,Thread-Gruppe  1-97,text,true,,676,129,100,100,http://localhost:7000/randomRequest,641,0,0
1676157917847,814,HTTP Request,200,,Thread-Gruppe  1-86,text,true,,492,129,100,100,http://localhost:7000/randomRequest,814,0,0
1676157917803,897,HTTP Request,200,,Thread-Gruppe  1-43,text,true,,495,129,100,100,http://localhost:7000/randomRequest,897,0,0
1676157918405,305,HTTP Request,200,,Thread-Gruppe  1-56,text,true,,569,129,100,100,http://localhost:7000/randomRequest,305,0,0
1676157918106,608,HTTP Request,200,,Thread-Gruppe  1-70,text,true,,403,129,100,100,http://localhost:7000/randomRequest,608,0,0
1676157918306,408,HTTP Request,200,,Thread-Gruppe  1-25,text,true,,542,129,100,100,http://localhost:7000/randomRequest,408,0,0
1676157918106,608,HTTP Request,200,,Thread-Gruppe  1-24,text,true,,707,129,100,100,http://localhost:7000/randomRequest,608,0,0
1676157917905,813,HTTP Request,200,,Thread-Gruppe  1-71,text,true,,492,129,100,100,http://localhost:7000/randomRequest,813,0,1
1676157918155,617,HTTP Request,200,,Thread-Gruppe  1-89,text,true,,565,129,100,100,http://localhost:7000/randomRequest,617,0,1
1676157918069,718,HTTP Request,200,,Thread-Gruppe  1-95,text,true,,419,129,100,100,http://localhost:7000/randomRequest,718,0,0
1676157917463,1344,HTTP Request,200,,Thread-Gruppe  1-34,text,true,,474,129,100,100,http://localhost:7000/randomRequest,1344,0,0
1676157917490,1320,HTTP Request,200,,Thread-Gruppe  1-44,text,true,,481,129,100,100,http://localhost:7000/randomRequest,1320,0,0
1676157917905,913,HTTP Request,200,,Thread-Gruppe  1-83,text,true,,418,129,100,100,http://localhost:7000/randomRequest,913,0,1
1676157918306,512,HTTP Request,200,,Thread-Gruppe  1-39,text,true,,549,129,100,100,http://localhost:7000/randomRequest,512,0,0
1676157918335,511,HTTP Request,200,,Thread-Gruppe  1-78,text,true,,419,129,100,100,http://localhost:7000/randomRequest,511,0,0
1676157918006,849,HTTP Request,200,,Thread-Gruppe  1-84,text,true,,417,129,100,100,http://localhost:7000/randomRequest,849,0,0
1676157918343,512,HTTP Request,200,,Thread-Gruppe  1-21,text,true,,551,129,100,100,http://localhost:7000/randomRequest,512,0,1
1676157918069,822,HTTP Request,200,,Thread-Gruppe  1-28,text,true,,492,129,100,100,http://localhost:7000/randomRequest,822,0,0
1676157918375,516,HTTP Request,200,,Thread-Gruppe  1-13,text,true,,492,129,100,100,http://localhost:7000/randomRequest,516,0,0
1676157918276,617,HTTP Request,200,,Thread-Gruppe  1-31,text,true,,543,129,100,100,http://localhost:7000/randomRequest,617,0,1
1676157918276,621,HTTP Request,200,,Thread-Gruppe  1-85,text,true,,417,129,100,100,http://localhost:7000/randomRequest,621,0,1
1676157917869,1035,HTTP Request,200,,Thread-Gruppe  1-54,text,true,,416,129,100,100,http://localhost:7000/randomRequest,1035,0,0
1676157917406,1501,HTTP Request,200,,Thread-Gruppe  1-11,text,true,,640,129,100,100,http://localhost:7000/randomRequest,1501,0,1
1676157918290,617,HTTP Request,200,,Thread-Gruppe  1-96,text,true,,419,129,100,100,http://localhost:7000/randomRequest,617,0,0
1676157917803,1110,HTTP Request,200,,Thread-Gruppe  1-64,text,true,,419,129,100,100,http://localhost:7000/randomRequest,1110,0,0
1676157918506,412,HTTP Request,200,,Thread-Gruppe  1-48,text,true,,483,129,100,100,http://localhost:7000/randomRequest,412,0,1
1676157918306,614,HTTP Request,200,,Thread-Gruppe  1-36,text,true,,483,129,100,100,http://localhost:7000/randomRequest,614,0,0
1676157918427,513,HTTP Request,200,,Thread-Gruppe  1-58,text,true,,548,129,100,100,http://localhost:7000/randomRequest,513,0,0
1676157918525,415,HTTP Request,200,,Thread-Gruppe  1-69,text,true,,481,129,100,100,http://localhost:7000/randomRequest,415,0,1
1676157918448,514,HTTP Request,200,,Thread-Gruppe  1-50,text,true,,485,129,100,100,http://localhost:7000/randomRequest,514,0,0
1676157918126,844,HTTP Request,200,,Thread-Gruppe  1-92,text,true,,633,129,100,100,http://localhost:7000/randomRequest,844,0,1
1676157918186,784,HTTP Request,200,,Thread-Gruppe  1-38,text,true,,541,129,100,100,http://localhost:7000/randomRequest,784,0,0
1676157918360,617,HTTP Request,200,,Thread-Gruppe  1-32,text,true,,418,129,100,100,http://localhost:7000/randomRequest,617,0,0
1676157918106,898,HTTP Request,200,,Thread-Gruppe  1-81,text,true,,541,129,100,100,http://localhost:7000/randomRequest,898,0,0
1676157918393,614,HTTP Request,200,,Thread-Gruppe  1-67,text,true,,419,129,100,100,http://localhost:7000/randomRequest,614,0,1
1676157918295,712,HTTP Request,200,,Thread-Gruppe  1-94,text,true,,403,129,100,100,http://localhost:7000/randomRequest,712,0,0
1676157917698,1343,HTTP Request,200,,Thread-Gruppe  1-99,text,true,,680,129,100,100,http://localhost:7000/randomRequest,1343,0,0
1676157918540,508,HTTP Request,200,,Thread-Gruppe  1-88,text,true,,559,129,100,100,http://localhost:7000/randomRequest,508,0,0
1676157917521,1527,HTTP Request,200,,Thread-Gruppe  1-12,text,true,,4097,129,100,100,http://localhost:7000/randomRequest,1527,0,1
1676157918542,515,HTTP Request,200,,Thread-Gruppe  1-45,text,true,,552,129,100,100,http://localhost:7000/randomRequest,515,0,0
1676157917444,1616,HTTP Request,200,,Thread-Gruppe  1-62,text,true,,481,129,100,100,http://localhost:7000/randomRequest,1616,0,0
1676157918448,614,HTTP Request,200,,Thread-Gruppe  1-77,text,true,,550,129,100,100,http://localhost:7000/randomRequest,614,0,0
1676157918260,820,HTTP Request,200,,Thread-Gruppe  1-17,text,true,,479,129,100,100,http://localhost:7000/randomRequest,820,0,0
1676157918275,837,HTTP Request,200,,Thread-Gruppe  1-68,text,true,,492,129,100,100,http://localhost:7000/randomRequest,837,0,0
1676157917623,1489,HTTP Request,200,,Thread-Gruppe  1-22,text,true,,638,129,100,100,http://localhost:7000/randomRequest,1489,0,0
1676157918343,801,HTTP Request,200,,Thread-Gruppe  1-91,text,true,,630,129,100,100,http://localhost:7000/randomRequest,801,0,1
1676157918155,997,HTTP Request,200,,Thread-Gruppe  1-5,text,true,,491,129,100,100,http://localhost:7000/randomRequest,997,0,1
1676157918555,619,HTTP Request,200,,Thread-Gruppe  1-74,text,true,,490,129,100,100,http://localhost:7000/randomRequest,619,0,1
1676157918360,825,HTTP Request,200,,Thread-Gruppe  1-57,text,true,,418,129,100,100,http://localhost:7000/randomRequest,825,0,0
1676157918276,929,HTTP Request,200,,Thread-Gruppe  1-52,text,true,,492,129,100,100,http://localhost:7000/randomRequest,929,0,1
1676157918585,620,HTTP Request,200,,Thread-Gruppe  1-98,text,true,,419,129,100,100,http://localhost:7000/randomRequest,620,0,0
1676157918106,1099,HTTP Request,200,,Thread-Gruppe  1-4,text,true,,541,129,100,100,http://localhost:7000/randomRequest,1099,0,0
1676157918380,826,HTTP Request,200,,Thread-Gruppe  1-49,text,true,,485,129,100,100,http://localhost:7000/randomRequest,826,0,1
1676157889126,30086,HTTP Request,500,,Thread-Gruppe  1-14,text,false,,258,129,100,100,http://localhost:7000/randomRequest,30086,0,0
1676157918478,734,HTTP Request,200,,Thread-Gruppe  1-55,text,true,,474,129,100,100,http://localhost:7000/randomRequest,734,0,0
1676157918607,614,HTTP Request,200,,Thread-Gruppe  1-47,text,true,,564,129,100,100,http://localhost:7000/randomRequest,614,0,0
1676157917905,1319,HTTP Request,200,,Thread-Gruppe  1-100,text,true,,480,129,100,100,http://localhost:7000/randomRequest,1319,0,1
1676157918607,617,HTTP Request,200,,Thread-Gruppe  1-26,text,true,,478,129,100,100,http://localhost:7000/randomRequest,617,0,0
1676157918819,405,HTTP Request,200,,Thread-Gruppe  1-83,text,true,,419,129,100,100,http://localhost:7000/randomRequest,405,0,0
1676157918343,888,HTTP Request,200,,Thread-Gruppe  1-18,text,true,,643,129,100,100,http://localhost:7000/randomRequest,888,0,1
1676157918513,718,HTTP Request,200,,Thread-Gruppe  1-7,text,true,,419,129,100,100,http://localhost:7000/randomRequest,718,0,0
1676157918114,1134,HTTP Request,200,,Thread-Gruppe  1-23,text,true,,647,129,100,100,http://localhost:7000/randomRequest,1134,0,0
1676157918642,617,HTTP Request,200,,Thread-Gruppe  1-75,text,true,,492,129,100,100,http://localhost:7000/randomRequest,617,0,1
1676157918855,413,HTTP Request,200,,Thread-Gruppe  1-21,text,true,,492,129,100,100,http://localhost:7000/randomRequest,413,0,1
1676157918660,618,HTTP Request,200,,Thread-Gruppe  1-97,text,true,,489,129,100,100,http://localhost:7000/randomRequest,618,0,1
1676157918460,818,HTTP Request,200,,Thread-Gruppe  1-87,text,true,,488,129,100,100,http://localhost:7000/randomRequest,818,0,0
1676157918660,618,HTTP Request,200,,Thread-Gruppe  1-42,text,true,,562,129,100,100,http://localhost:7000/randomRequest,618,0,1
1676157918891,413,HTTP Request,200,,Thread-Gruppe  1-28,text,true,,552,129,100,100,http://localhost:7000/randomRequest,413,0,0
1676157917430,1874,HTTP Request,200,,Thread-Gruppe  1-2,text,true,,675,129,100,100,http://localhost:7000/randomRequest,1874,0,0
1676157918894,411,HTTP Request,200,,Thread-Gruppe  1-31,text,true,,550,129,100,100,http://localhost:7000/randomRequest,411,0,0
1676157918907,408,HTTP Request,200,,Thread-Gruppe  1-11,text,true,,548,129,100,100,http://localhost:7000/randomRequest,408,0,0
1676157918600,715,HTTP Request,200,,Thread-Gruppe  1-82,text,true,,418,129,100,100,http://localhost:7000/randomRequest,715,0,1
1676157918810,512,HTTP Request,200,,Thread-Gruppe  1-44,text,true,,563,129,100,100,http://localhost:7000/randomRequest,512,0,0
1676157918819,508,HTTP Request,200,,Thread-Gruppe  1-39,text,true,,419,129,100,100,http://localhost:7000/randomRequest,508,0,0
1676157918406,921,HTTP Request,200,,Thread-Gruppe  1-76,text,true,,490,129,100,100,http://localhost:7000/randomRequest,921,0,0
1676157918940,412,HTTP Request,200,,Thread-Gruppe  1-69,text,true,,403,129,100,100,http://localhost:7000/randomRequest,412,0,0
1676157918661,721,HTTP Request,200,,Thread-Gruppe  1-86,text,true,,414,129,100,100,http://localhost:7000/randomRequest,721,0,0
1676157918512,893,HTTP Request,200,,Thread-Gruppe  1-80,text,true,,633,129,100,100,http://localhost:7000/randomRequest,893,0,0
1676157918787,620,HTTP Request,200,,Thread-Gruppe  1-95,text,true,,412,129,100,100,http://localhost:7000/randomRequest,620,0,0
1676157918914,512,HTTP Request,200,,Thread-Gruppe  1-64,text,true,,492,129,100,100,http://localhost:7000/randomRequest,512,0,0
1676157889399,30032,HTTP Request,500,,Thread-Gruppe  1-59,text,false,,258,129,100,100,http://localhost:7000/randomRequest,30032,0,0
1676157918715,716,HTTP Request,200,,Thread-Gruppe  1-24,text,true,,488,129,100,100,http://localhost:7000/randomRequest,716,0,0
1676157918718,713,HTTP Request,200,,Thread-Gruppe  1-71,text,true,,490,129,100,100,http://localhost:7000/randomRequest,713,0,0
1676157918343,1097,HTTP Request,200,,Thread-Gruppe  1-27,text,true,,527,129,100,100,http://localhost:7000/randomRequest,1097,0,1
1676157918855,622,HTTP Request,200,,Thread-Gruppe  1-84,text,true,,415,129,100,100,http://localhost:7000/randomRequest,622,0,1
1676157918971,509,HTTP Request,200,,Thread-Gruppe  1-92,text,true,,490,129,100,100,http://localhost:7000/randomRequest,509,0,0
1676157918259,1235,HTTP Request,200,,Thread-Gruppe  1-90,text,true,,492,129,100,100,http://localhost:7000/randomRequest,1235,0,0
1676157918773,738,HTTP Request,200,,Thread-Gruppe  1-89,text,true,,672,129,100,100,http://localhost:7000/randomRequest,738,0,0
1676157918807,715,HTTP Request,200,,Thread-Gruppe  1-34,text,true,,418,129,100,100,http://localhost:7000/randomRequest,715,0,0
1676157918920,615,HTTP Request,200,,Thread-Gruppe  1-36,text,true,,419,129,100,100,http://localhost:7000/randomRequest,615,0,0
1676157918306,1229,HTTP Request,200,,Thread-Gruppe  1-16,text,true,,485,129,100,100,http://localhost:7000/randomRequest,1229,0,0
1676157919060,518,HTTP Request,200,,Thread-Gruppe  1-62,text,true,,418,129,100,100,http://localhost:7000/randomRequest,518,0,1
1676157917559,2019,HTTP Request,200,,Thread-Gruppe  1-30,text,true,,527,129,100,100,http://localhost:7000/randomRequest,2019,0,0
1676157918326,1261,HTTP Request,200,,Thread-Gruppe  1-20,text,true,,678,129,100,100,http://localhost:7000/randomRequest,1261,0,1
1676157918978,619,HTTP Request,200,,Thread-Gruppe  1-32,text,true,,488,129,100,100,http://localhost:7000/randomRequest,619,0,0
1676157919081,516,HTTP Request,200,,Thread-Gruppe  1-17,text,true,,553,129,100,100,http://localhost:7000/randomRequest,516,0,0
1676157918891,713,HTTP Request,200,,Thread-Gruppe  1-13,text,true,,481,129,100,100,http://localhost:7000/randomRequest,713,0,0
1676157918481,1131,HTTP Request,200,,Thread-Gruppe  1-1,text,true,,419,129,100,100,http://localhost:7000/randomRequest,1131,0,0
1676157919004,608,HTTP Request,200,,Thread-Gruppe  1-81,text,true,,418,129,100,100,http://localhost:7000/randomRequest,608,0,1
1676157918701,919,HTTP Request,200,,Thread-Gruppe  1-43,text,true,,492,129,100,100,http://localhost:7000/randomRequest,919,0,0
1676157918302,1318,HTTP Request,200,,Thread-Gruppe  1-51,text,true,,492,129,100,100,http://localhost:7000/randomRequest,1318,0,0
1676157919008,619,HTTP Request,200,,Thread-Gruppe  1-94,text,true,,416,129,100,100,http://localhost:7000/randomRequest,619,0,0
1676157919112,518,HTTP Request,200,,Thread-Gruppe  1-22,text,true,,567,129,100,100,http://localhost:7000/randomRequest,518,0,0
1676157919112,518,HTTP Request,200,,Thread-Gruppe  1-68,text,true,,403,129,100,100,http://localhost:7000/randomRequest,518,0,0
1676157918710,930,HTTP Request,200,,Thread-Gruppe  1-56,text,true,,492,129,100,100,http://localhost:7000/randomRequest,930,0,1
1676157918715,925,HTTP Request,200,,Thread-Gruppe  1-25,text,true,,484,129,100,100,http://localhost:7000/randomRequest,925,0,0
1676157919042,613,HTTP Request,200,,Thread-Gruppe  1-99,text,true,,577,129,100,100,http://localhost:7000/randomRequest,613,0,0
1676157918940,720,HTTP Request,200,,Thread-Gruppe  1-58,text,true,,418,129,100,100,http://localhost:7000/randomRequest,720,0,0
1676157919048,617,HTTP Request,200,,Thread-Gruppe  1-88,text,true,,419,129,100,100,http://localhost:7000/randomRequest,617,0,0
1676157919048,623,HTTP Request,200,,Thread-Gruppe  1-12,text,true,,555,129,100,100,http://localhost:7000/randomRequest,622,0,0
1676157919057,614,HTTP Request,200,,Thread-Gruppe  1-45,text,true,,560,129,100,100,http://localhost:7000/randomRequest,613,0,1
1676157889661,30016,HTTP Request,500,,Thread-Gruppe  1-37,text,false,,258,129,100,100,http://localhost:7000/randomRequest,30016,0,1
1676157918962,719,HTTP Request,200,,Thread-Gruppe  1-50,text,true,,403,129,100,100,http://localhost:7000/randomRequest,719,0,0
1676157919185,517,HTTP Request,200,,Thread-Gruppe  1-57,text,true,,485,129,100,100,http://localhost:7000/randomRequest,517,0,0
1676157918905,810,HTTP Request,200,,Thread-Gruppe  1-54,text,true,,552,129,100,100,http://localhost:7000/randomRequest,810,0,0
1676157918481,1234,HTTP Request,200,,Thread-Gruppe  1-35,text,true,,419,129,100,100,http://localhost:7000/randomRequest,1234,0,0
1676157918907,825,HTTP Request,200,,Thread-Gruppe  1-96,text,true,,569,129,100,100,http://localhost:7000/randomRequest,825,0,0
1676157889625,30115,HTTP Request,500,,Thread-Gruppe  1-53,text,false,,258,129,100,100,http://localhost:7000/randomRequest,30115,0,1
1676157918409,1335,HTTP Request,200,,Thread-Gruppe  1-6,text,true,,492,129,100,100,http://localhost:7000/randomRequest,1335,0,1
1676157919259,511,HTTP Request,200,,Thread-Gruppe  1-75,text,true,,563,129,100,100,http://localhost:7000/randomRequest,511,0,0
1676157919278,516,HTTP Request,200,,Thread-Gruppe  1-97,text,true,,418,129,100,100,http://localhost:7000/randomRequest,516,0,0
1676157918715,1096,HTTP Request,200,,Thread-Gruppe  1-70,text,true,,541,129,100,100,http://localhost:7000/randomRequest,1096,0,0
1676157918320,1498,HTTP Request,200,,Thread-Gruppe  1-40,text,true,,541,129,100,100,http://localhost:7000/randomRequest,1498,0,0
1676157919305,513,HTTP Request,200,,Thread-Gruppe  1-31,text,true,,558,129,100,100,http://localhost:7000/randomRequest,513,0,0
1676157919205,619,HTTP Request,200,,Thread-Gruppe  1-52,text,true,,548,129,100,100,http://localhost:7000/randomRequest,619,0,1
1676157918607,1239,HTTP Request,200,,Thread-Gruppe  1-15,text,true,,492,129,100,100,http://localhost:7000/randomRequest,1239,0,0
1676157918846,1000,HTTP Request,200,,Thread-Gruppe  1-78,text,true,,537,129,100,100,http://localhost:7000/randomRequest,1000,0,0
1676157919231,621,HTTP Request,200,,Thread-Gruppe  1-18,text,true,,488,129,100,100,http://localhost:7000/randomRequest,621,0,1
1676157919224,628,HTTP Request,200,,Thread-Gruppe  1-100,text,true,,558,129,100,100,http://localhost:7000/randomRequest,628,0,1
1676157918260,1611,HTTP Request,200,,Thread-Gruppe  1-46,text,true,,643,129,100,100,http://localhost:7000/randomRequest,1611,0,0
1676157919605,307,HTTP Request,200,,Thread-Gruppe  1-13,text,true,,560,129,100,100,http://localhost:7000/randomRequest,307,0,0
1676157919304,617,HTTP Request,200,,Thread-Gruppe  1-2,text,true,,419,129,100,100,http://localhost:7000/randomRequest,617,0,1
1676157919407,518,HTTP Request,200,,Thread-Gruppe  1-95,text,true,,418,129,100,100,http://localhost:7000/randomRequest,518,0,0
1676157919208,721,HTTP Request,200,,Thread-Gruppe  1-14,text,true,,550,129,100,100,http://localhost:7000/randomRequest,721,0,0
1676157918427,1512,HTTP Request,200,,Thread-Gruppe  1-29,text,true,,643,129,100,100,http://localhost:7000/randomRequest,1512,0,0
1676157919427,517,HTTP Request,200,,Thread-Gruppe  1-59,text,true,,559,129,100,100,http://localhost:7000/randomRequest,517,0,0
1676157919322,622,HTTP Request,200,,Thread-Gruppe  1-44,text,true,,559,129,100,100,http://localhost:7000/randomRequest,622,0,0
1676157919327,624,HTTP Request,200,,Thread-Gruppe  1-39,text,true,,555,129,100,100,http://localhost:7000/randomRequest,624,0,1
1676157919431,520,HTTP Request,200,,Thread-Gruppe  1-24,text,true,,541,129,100,100,http://localhost:7000/randomRequest,520,0,0
1676157919431,520,HTTP Request,200,,Thread-Gruppe  1-71,text,true,,554,129,100,100,http://localhost:7000/randomRequest,520,0,0
1676157919268,726,HTTP Request,200,,Thread-Gruppe  1-21,text,true,,486,129,100,100,http://localhost:7000/randomRequest,726,0,1
1676157919578,416,HTTP Request,200,,Thread-Gruppe  1-30,text,true,,419,129,100,100,http://localhost:7000/randomRequest,416,0,0
1676157919062,932,HTTP Request,200,,Thread-Gruppe  1-77,text,true,,486,129,100,100,http://localhost:7000/randomRequest,932,0,0
1676157919382,623,HTTP Request,200,,Thread-Gruppe  1-86,text,true,,562,129,100,100,http://localhost:7000/randomRequest,623,0,0
1676157919598,410,HTTP Request,200,,Thread-Gruppe  1-32,text,true,,419,129,100,100,http://localhost:7000/randomRequest,410,0,0
1676157919224,790,HTTP Request,200,,Thread-Gruppe  1-83,text,true,,629,129,100,100,http://localhost:7000/randomRequest,790,0,1
1676157919206,826,HTTP Request,200,,Thread-Gruppe  1-49,text,true,,531,129,100,100,http://localhost:7000/randomRequest,826,0,0
1676157919315,729,HTTP Request,200,,Thread-Gruppe  1-11,text,true,,545,129,100,100,http://localhost:7000/randomRequest,729,0,0
1676157919212,832,HTTP Request,200,,Thread-Gruppe  1-55,text,true,,419,129,100,100,http://localhost:7000/randomRequest,832,0,0
1676157919152,921,HTTP Request,200,,Thread-Gruppe  1-5,text,true,,492,129,100,100,http://localhost:7000/randomRequest,921,0,0
1676157919248,850,HTTP Request,200,,Thread-Gruppe  1-23,text,true,,675,129,100,100,http://localhost:7000/randomRequest,850,0,0
1676157918393,1733,HTTP Request,200,,Thread-Gruppe  1-61,text,true,,643,129,100,100,http://localhost:7000/randomRequest,1733,0,1
1676157919205,930,HTTP Request,200,,Thread-Gruppe  1-4,text,true,,488,129,100,100,http://localhost:7000/randomRequest,930,0,1
1676157919221,925,HTTP Request,200,,Thread-Gruppe  1-47,text,true,,488,129,100,100,http://localhost:7000/randomRequest,925,0,0
1676157919224,933,HTTP Request,200,,Thread-Gruppe  1-26,text,true,,488,129,100,100,http://localhost:7000/randomRequest,933,0,1
1676157919535,622,HTTP Request,200,,Thread-Gruppe  1-36,text,true,,492,129,100,100,http://localhost:7000/randomRequest,622,0,0
1676157919744,413,HTTP Request,200,,Thread-Gruppe  1-6,text,true,,419,129,100,100,http://localhost:7000/randomRequest,413,0,0
1676157919655,511,HTTP Request,200,,Thread-Gruppe  1-99,text,true,,492,129,100,100,http://localhost:7000/randomRequest,511,0,1
1676157919231,942,HTTP Request,200,,Thread-Gruppe  1-7,text,true,,552,129,100,100,http://localhost:7000/randomRequest,942,0,1
1676157919671,502,HTTP Request,200,,Thread-Gruppe  1-12,text,true,,416,129,100,100,http://localhost:7000/randomRequest,502,0,0
1676157919578,624,HTTP Request,200,,Thread-Gruppe  1-62,text,true,,401,129,100,100,http://localhost:7000/randomRequest,624,0,0
1676157918971,1237,HTTP Request,200,,Thread-Gruppe  1-38,text,true,,492,129,100,100,http://localhost:7000/randomRequest,1237,0,0
1676157919174,1034,HTTP Request,200,,Thread-Gruppe  1-74,text,true,,492,129,100,100,http://localhost:7000/randomRequest,1034,0,0
1676157919702,513,HTTP Request,200,,Thread-Gruppe  1-57,text,true,,419,129,100,100,http://localhost:7000/randomRequest,513,0,0
1676157919304,924,HTTP Request,200,,Thread-Gruppe  1-28,text,true,,482,129,100,100,http://localhost:7000/randomRequest,924,0,1
1676157918918,1328,HTTP Request,200,,Thread-Gruppe  1-48,text,true,,537,129,100,100,http://localhost:7000/randomRequest,1328,0,1
1676157919477,784,HTTP Request,200,,Thread-Gruppe  1-84,text,true,,647,129,100,100,http://localhost:7000/randomRequest,784,0,1
1676157919278,987,HTTP Request,200,,Thread-Gruppe  1-42,text,true,,643,129,100,100,http://localhost:7000/randomRequest,987,0,0
1676157919352,922,HTTP Request,200,,Thread-Gruppe  1-69,text,true,,548,129,100,100,http://localhost:7000/randomRequest,922,0,0
1676157919665,609,HTTP Request,200,,Thread-Gruppe  1-88,text,true,,419,129,100,100,http://localhost:7000/randomRequest,609,0,0
1676157919671,603,HTTP Request,200,,Thread-Gruppe  1-45,text,true,,419,129,100,100,http://localhost:7000/randomRequest,603,0,0
1676157919673,616,HTTP Request,200,,Thread-Gruppe  1-37,text,true,,539,129,100,100,http://localhost:7000/randomRequest,616,0,0
1676157918897,1397,HTTP Request,200,,Thread-Gruppe  1-85,text,true,,526,129,100,100,http://localhost:7000/randomRequest,1397,0,1
1676157919682,620,HTTP Request,200,,Thread-Gruppe  1-50,text,true,,492,129,100,100,http://localhost:7000/randomRequest,620,0,0
1676157919480,842,HTTP Request,200,,Thread-Gruppe  1-92,text,true,,696,129,100,100,http://localhost:7000/randomRequest,842,0,0
1676157919535,787,HTTP Request,200,,Thread-Gruppe  1-16,text,true,,537,129,100,100,http://localhost:7000/randomRequest,787,0,0
1676157919405,935,HTTP Request,200,,Thread-Gruppe  1-80,text,true,,530,129,100,100,http://localhost:7000/randomRequest,935,0,0
1676157919925,416,HTTP Request,200,,Thread-Gruppe  1-95,text,true,,418,129,100,100,http://localhost:7000/randomRequest,416,0,0
1676157919495,849,HTTP Request,200,,Thread-Gruppe  1-90,text,true,,474,129,100,100,http://localhost:7000/randomRequest,849,0,0
1676157919205,1139,HTTP Request,200,,Thread-Gruppe  1-98,text,true,,489,129,100,100,http://localhost:7000/randomRequest,1139,0,1
1676157919929,415,HTTP Request,200,,Thread-Gruppe  1-14,text,true,,418,129,100,100,http://localhost:7000/randomRequest,415,0,0
1676157919940,410,HTTP Request,200,,Thread-Gruppe  1-29,text,true,,419,129,100,100,http://localhost:7000/randomRequest,410,0,0
1676157919327,1037,HTTP Request,200,,Thread-Gruppe  1-76,text,true,,488,129,100,100,http://localhost:7000/randomRequest,1037,0,1
1676157919640,724,HTTP Request,200,,Thread-Gruppe  1-56,text,true,,557,129,100,100,http://localhost:7000/randomRequest,724,0,0
1676157919951,413,HTTP Request,200,,Thread-Gruppe  1-24,text,true,,488,129,100,100,http://localhost:7000/randomRequest,413,0,1
1676157919621,792,HTTP Request,200,,Thread-Gruppe  1-43,text,true,,491,129,100,100,http://localhost:7000/randomRequest,792,0,0
1676157919008,1405,HTTP Request,200,,Thread-Gruppe  1-67,text,true,,541,129,100,100,http://localhost:7000/randomRequest,1405,0,0
1676157919794,619,HTTP Request,200,,Thread-Gruppe  1-97,text,true,,556,129,100,100,http://localhost:7000/randomRequest,619,0,0
1676157919737,715,HTTP Request,200,,Thread-Gruppe  1-53,text,true,,488,129,100,100,http://localhost:7000/randomRequest,715,0,0
1676157919630,822,HTTP Request,200,,Thread-Gruppe  1-22,text,true,,418,129,100,100,http://localhost:7000/randomRequest,822,0,0
1676157919640,828,HTTP Request,200,,Thread-Gruppe  1-25,text,true,,549,129,100,100,http://localhost:7000/randomRequest,828,0,0
1676157919994,511,HTTP Request,200,,Thread-Gruppe  1-21,text,true,,563,129,100,100,http://localhost:7000/randomRequest,511,0,0
1676157919994,517,HTTP Request,200,,Thread-Gruppe  1-30,text,true,,419,129,100,100,http://localhost:7000/randomRequest,517,0,0
1676157919426,1099,HTTP Request,200,,Thread-Gruppe  1-64,text,true,,647,129,100,100,http://localhost:7000/randomRequest,1099,0,0
1676157920005,520,HTTP Request,200,,Thread-Gruppe  1-86,text,true,,419,129,100,100,http://localhost:7000/randomRequest,520,0,0
1676157919598,927,HTTP Request,200,,Thread-Gruppe  1-17,text,true,,566,129,100,100,http://localhost:7000/randomRequest,927,0,0
1676157919913,612,HTTP Request,200,,Thread-Gruppe  1-13,text,true,,419,129,100,100,http://localhost:7000/randomRequest,612,0,0
1676157919921,614,HTTP Request,200,,Thread-Gruppe  1-2,text,true,,485,129,100,100,http://localhost:7000/randomRequest,614,0,0
1676157919819,716,HTTP Request,200,,Thread-Gruppe  1-31,text,true,,541,129,100,100,http://localhost:7000/randomRequest,716,0,0
1676157919612,928,HTTP Request,200,,Thread-Gruppe  1-1,text,true,,492,129,100,100,http://localhost:7000/randomRequest,928,0,0
1676157919715,825,HTTP Request,200,,Thread-Gruppe  1-54,text,true,,481,129,100,100,http://localhost:7000/randomRequest,825,0,0
1676157919630,926,HTTP Request,200,,Thread-Gruppe  1-68,text,true,,568,129,100,100,http://localhost:7000/randomRequest,926,0,0
1676157919732,824,HTTP Request,200,,Thread-Gruppe  1-96,text,true,,492,129,100,100,http://localhost:7000/randomRequest,824,0,0
1676157920044,512,HTTP Request,200,,Thread-Gruppe  1-11,text,true,,485,129,100,100,http://localhost:7000/randomRequest,512,0,1
1676157919944,625,HTTP Request,200,,Thread-Gruppe  1-59,text,true,,553,129,100,100,http://localhost:7000/randomRequest,625,0,1
1676157919847,724,HTTP Request,200,,Thread-Gruppe  1-78,text,true,,562,129,100,100,http://localhost:7000/randomRequest,724,0,0
1676157919440,1142,HTTP Request,200,,Thread-Gruppe  1-27,text,true,,474,129,100,100,http://localhost:7000/randomRequest,1142,0,0
1676157919819,820,HTTP Request,200,,Thread-Gruppe  1-40,text,true,,555,129,100,100,http://localhost:7000/randomRequest,820,0,0
1676157919628,1016,HTTP Request,200,,Thread-Gruppe  1-94,text,true,,537,129,100,100,http://localhost:7000/randomRequest,1016,0,0
1676157919825,824,HTTP Request,200,,Thread-Gruppe  1-52,text,true,,488,129,100,100,http://localhost:7000/randomRequest,824,0,0
1676157919660,1001,HTTP Request,200,,Thread-Gruppe  1-58,text,true,,647,129,100,100,http://localhost:7000/randomRequest,1001,0,1
1676157920044,617,HTTP Request,200,,Thread-Gruppe  1-55,text,true,,490,129,100,100,http://localhost:7000/randomRequest,617,0,1
1676157919144,1528,HTTP Request,200,,Thread-Gruppe  1-91,text,true,,491,129,100,100,http://localhost:7000/randomRequest,1528,0,0
1676157920073,618,HTTP Request,200,,Thread-Gruppe  1-5,text,true,,485,129,100,100,http://localhost:7000/randomRequest,618,0,0
1676157919511,1202,HTTP Request,200,,Thread-Gruppe  1-89,text,true,,541,129,100,100,http://localhost:7000/randomRequest,1202,0,0
1676157920099,619,HTTP Request,200,,Thread-Gruppe  1-23,text,true,,419,129,100,100,http://localhost:7000/randomRequest,619,0,0
1676157920301,416,HTTP Request,200,,Thread-Gruppe  1-50,text,true,,419,129,100,100,http://localhost:7000/randomRequest,416,0,1
1676157919588,1134,HTTP Request,200,,Thread-Gruppe  1-20,text,true,,403,129,100,100,http://localhost:7000/randomRequest,1134,0,0
1676157919315,1407,HTTP Request,200,,Thread-Gruppe  1-82,text,true,,643,129,100,100,http://localhost:7000/randomRequest,1407,0,0
1676157920208,513,HTTP Request,200,,Thread-Gruppe  1-74,text,true,,418,129,100,100,http://localhost:7000/randomRequest,513,0,0
1676157920321,408,HTTP Request,200,,Thread-Gruppe  1-16,text,true,,569,129,100,100,http://localhost:7000/randomRequest,408,0,0
1676157920214,515,HTTP Request,200,,Thread-Gruppe  1-57,text,true,,419,129,100,100,http://localhost:7000/randomRequest,515,0,0
1676157919523,1238,HTTP Request,200,,Thread-Gruppe  1-34,text,true,,492,129,100,100,http://localhost:7000/randomRequest,1238,0,0
1676157920260,514,HTTP Request,200,,Thread-Gruppe  1-84,text,true,,539,129,100,100,http://localhost:7000/randomRequest,514,0,1
1676157919278,1511,HTTP Request,200,,Thread-Gruppe  1-87,text,true,,631,129,100,100,http://localhost:7000/randomRequest,1511,0,0
1676157920293,514,HTTP Request,200,,Thread-Gruppe  1-85,text,true,,569,129,100,100,http://localhost:7000/randomRequest,514,0,0
1676157919811,1024,HTTP Request,200,,Thread-Gruppe  1-70,text,true,,485,129,100,100,http://localhost:7000/randomRequest,1024,0,0
1676157920201,633,HTTP Request,200,,Thread-Gruppe  1-62,text,true,,417,129,100,100,http://localhost:7000/randomRequest,633,0,0
1676157920227,612,HTTP Request,200,,Thread-Gruppe  1-28,text,true,,554,129,100,100,http://localhost:7000/randomRequest,612,0,0
1676157920339,513,HTTP Request,200,,Thread-Gruppe  1-80,text,true,,419,129,100,100,http://localhost:7000/randomRequest,513,0,0
1676157920340,512,HTTP Request,200,,Thread-Gruppe  1-95,text,true,,419,129,100,100,http://localhost:7000/randomRequest,512,0,0
1676157920157,718,HTTP Request,200,,Thread-Gruppe  1-26,text,true,,489,129,100,100,http://localhost:7000/randomRequest,718,0,1
1676157920363,511,HTTP Request,200,,Thread-Gruppe  1-76,text,true,,557,129,100,100,http://localhost:7000/randomRequest,511,0,1
1676157919847,1028,HTTP Request,200,,Thread-Gruppe  1-15,text,true,,492,129,100,100,http://localhost:7000/randomRequest,1028,0,0
1676157919852,1023,HTTP Request,200,,Thread-Gruppe  1-100,text,true,,548,129,100,100,http://localhost:7000/randomRequest,1023,0,0
1676157919951,924,HTTP Request,200,,Thread-Gruppe  1-71,text,true,,481,129,100,100,http://localhost:7000/randomRequest,924,0,1
1676157920273,620,HTTP Request,200,,Thread-Gruppe  1-45,text,true,,419,129,100,100,http://localhost:7000/randomRequest,620,0,0
1676157920172,723,HTTP Request,200,,Thread-Gruppe  1-12,text,true,,492,129,100,100,http://localhost:7000/randomRequest,723,0,0
1676157920363,533,HTTP Request,200,,Thread-Gruppe  1-56,text,true,,417,129,100,100,http://localhost:7000/randomRequest,533,0,1
1676157919994,935,HTTP Request,200,,Thread-Gruppe  1-77,text,true,,492,129,100,100,http://localhost:7000/randomRequest,935,0,0
1676157919612,1317,HTTP Request,200,,Thread-Gruppe  1-81,text,true,,538,129,100,100,http://localhost:7000/randomRequest,1317,0,0
1676157919871,1058,HTTP Request,200,,Thread-Gruppe  1-46,text,true,,670,129,100,100,http://localhost:7000/randomRequest,1058,0,0
1676157919715,1214,HTTP Request,200,,Thread-Gruppe  1-35,text,true,,523,129,100,100,http://localhost:7000/randomRequest,1214,0,0
1676157920321,629,HTTP Request,200,,Thread-Gruppe  1-92,text,true,,481,129,100,100,http://localhost:7000/randomRequest,629,0,0
1676157920343,624,HTTP Request,200,,Thread-Gruppe  1-14,text,true,,419,129,100,100,http://localhost:7000/randomRequest,624,0,1
1676157920343,624,HTTP Request,200,,Thread-Gruppe  1-98,text,true,,563,129,100,100,http://localhost:7000/randomRequest,624,0,1
1676157920349,618,HTTP Request,200,,Thread-Gruppe  1-29,text,true,,555,129,100,100,http://localhost:7000/randomRequest,618,0,0
1676157919944,1029,HTTP Request,200,,Thread-Gruppe  1-44,text,true,,419,129,100,100,http://localhost:7000/randomRequest,1029,0,1
1676157920363,612,HTTP Request,200,,Thread-Gruppe  1-24,text,true,,418,129,100,100,http://localhost:7000/randomRequest,612,0,1
1676157920157,819,HTTP Request,200,,Thread-Gruppe  1-6,text,true,,530,129,100,100,http://localhost:7000/randomRequest,819,0,1
1676157920265,724,HTTP Request,200,,Thread-Gruppe  1-42,text,true,,417,129,100,100,http://localhost:7000/randomRequest,724,0,0
1676157919621,1408,HTTP Request,200,,Thread-Gruppe  1-51,text,true,,633,129,100,100,http://localhost:7000/randomRequest,1408,0,0
1676157920165,886,HTTP Request,200,,Thread-Gruppe  1-99,text,true,,647,129,100,100,http://localhost:7000/randomRequest,886,0,0
1676157920539,512,HTTP Request,200,,Thread-Gruppe  1-54,text,true,,565,129,100,100,http://localhost:7000/randomRequest,512,0,1
1676157920534,517,HTTP Request,200,,Thread-Gruppe  1-2,text,true,,557,129,100,100,http://localhost:7000/randomRequest,517,0,0
1676157920135,921,HTTP Request,200,,Thread-Gruppe  1-4,text,true,,541,129,100,100,http://localhost:7000/randomRequest,921,0,1
1676157920126,930,HTTP Request,200,,Thread-Gruppe  1-61,text,true,,492,129,100,100,http://localhost:7000/randomRequest,930,0,0
1676157920146,926,HTTP Request,200,,Thread-Gruppe  1-47,text,true,,403,129,100,100,http://localhost:7000/randomRequest,926,0,0
1676157920245,839,HTTP Request,200,,Thread-Gruppe  1-48,text,true,,668,129,100,100,http://localhost:7000/randomRequest,839,0,0
1676157920468,625,HTTP Request,200,,Thread-Gruppe  1-25,text,true,,558,129,100,100,http://localhost:7000/randomRequest,625,0,0
1676157920273,821,HTTP Request,200,,Thread-Gruppe  1-88,text,true,,557,129,100,100,http://localhost:7000/randomRequest,821,0,0
1676157920273,821,HTTP Request,200,,Thread-Gruppe  1-69,text,true,,556,129,100,100,http://localhost:7000/randomRequest,821,0,0
1676157920412,724,HTTP Request,200,,Thread-Gruppe  1-97,text,true,,485,129,100,100,http://localhost:7000/randomRequest,724,0,1
1676157920412,724,HTTP Request,200,,Thread-Gruppe  1-43,text,true,,486,129,100,100,http://localhost:7000/randomRequest,724,0,1
1676157920032,1126,HTTP Request,200,,Thread-Gruppe  1-49,text,true,,527,129,100,100,http://localhost:7000/randomRequest,1126,0,0
1676157919951,1207,HTTP Request,200,,Thread-Gruppe  1-39,text,true,,643,129,100,100,http://localhost:7000/randomRequest,1207,0,1
1676157920582,615,HTTP Request,200,,Thread-Gruppe  1-27,text,true,,417,129,100,100,http://localhost:7000/randomRequest,615,0,0
1676157920009,1196,HTTP Request,200,,Thread-Gruppe  1-32,text,true,,541,129,100,100,http://localhost:7000/randomRequest,1196,0,0
1676157920643,616,HTTP Request,200,,Thread-Gruppe  1-94,text,true,,553,129,100,100,http://localhost:7000/randomRequest,616,0,0
1676157920534,725,HTTP Request,200,,Thread-Gruppe  1-31,text,true,,492,129,100,100,http://localhost:7000/randomRequest,725,0,0
1676157920524,737,HTTP Request,200,,Thread-Gruppe  1-17,text,true,,490,129,100,100,http://localhost:7000/randomRequest,737,0,1
1676157920524,737,HTTP Request,200,,Thread-Gruppe  1-64,text,true,,490,129,100,100,http://localhost:7000/randomRequest,737,0,1
1676157920639,622,HTTP Request,200,,Thread-Gruppe  1-40,text,true,,554,129,100,100,http://localhost:7000/randomRequest,622,0,0
1676157920555,722,HTTP Request,200,,Thread-Gruppe  1-96,text,true,,559,129,100,100,http://localhost:7000/randomRequest,722,0,1
1676157920555,722,HTTP Request,200,,Thread-Gruppe  1-11,text,true,,486,129,100,100,http://localhost:7000/randomRequest,722,0,1
1676157920671,617,HTTP Request,200,,Thread-Gruppe  1-91,text,true,,551,129,100,100,http://localhost:7000/randomRequest,617,0,0
1676157920568,720,HTTP Request,200,,Thread-Gruppe  1-59,text,true,,419,129,100,100,http://localhost:7000/randomRequest,720,0,1
1676157891298,30007,HTTP Request,500,,Thread-Gruppe  1-33,text,false,,258,129,100,100,http://localhost:7000/randomRequest,30007,0,0
1676157920451,851,HTTP Request,200,,Thread-Gruppe  1-53,text,true,,557,129,100,100,http://localhost:7000/randomRequest,851,0,1
1676157920172,1132,HTTP Request,200,,Thread-Gruppe  1-7,text,true,,485,129,100,100,http://localhost:7000/randomRequest,1132,0,0
1676157920789,515,HTTP Request,200,,Thread-Gruppe  1-87,text,true,,419,129,100,100,http://localhost:7000/randomRequest,515,0,0
1676157920717,622,HTTP Request,200,,Thread-Gruppe  1-23,text,true,,419,129,100,100,http://localhost:7000/randomRequest,622,0,1
1676157920015,1325,HTTP Request,200,,Thread-Gruppe  1-83,text,true,,643,129,100,100,http://localhost:7000/randomRequest,1325,0,0
1676157920504,835,HTTP Request,200,,Thread-Gruppe  1-21,text,true,,481,129,100,100,http://localhost:7000/randomRequest,835,0,1
1676157920412,927,HTTP Request,200,,Thread-Gruppe  1-67,text,true,,492,129,100,100,http://localhost:7000/randomRequest,927,0,1
1676157920721,619,HTTP Request,200,,Thread-Gruppe  1-74,text,true,,417,129,100,100,http://localhost:7000/randomRequest,619,0,0
1676157920721,619,HTTP Request,200,,Thread-Gruppe  1-82,text,true,,419,129,100,100,http://localhost:7000/randomRequest,619,0,0
1676157920524,838,HTTP Request,200,,Thread-Gruppe  1-13,text,true,,490,129,100,100,http://localhost:7000/randomRequest,838,0,1
1676157920928,434,HTTP Request,200,,Thread-Gruppe  1-46,text,true,,418,129,100,100,http://localhost:7000/randomRequest,434,0,1
1676157919852,1515,HTTP Request,200,,Thread-Gruppe  1-18,text,true,,633,129,100,100,http://localhost:7000/randomRequest,1515,0,0
1676157920834,532,HTTP Request,200,,Thread-Gruppe  1-62,text,true,,419,129,100,100,http://localhost:7000/randomRequest,532,0,0
1676157919771,1609,HTTP Request,200,,Thread-Gruppe  1-75,text,true,,537,129,100,100,http://localhost:7000/randomRequest,1609,0,0
1676157920289,1126,HTTP Request,200,,Thread-Gruppe  1-37,text,true,,481,129,100,100,http://localhost:7000/randomRequest,1126,0,0
1676157920451,993,HTTP Request,200,,Thread-Gruppe  1-22,text,true,,631,129,100,100,http://localhost:7000/randomRequest,993,0,1
1676157920648,820,HTTP Request,200,,Thread-Gruppe  1-52,text,true,,492,129,100,100,http://localhost:7000/randomRequest,820,0,0
1676157920157,1312,HTTP Request,200,,Thread-Gruppe  1-36,text,true,,647,129,100,100,http://localhost:7000/randomRequest,1312,0,1
1676157920730,738,HTTP Request,200,,Thread-Gruppe  1-16,text,true,,557,129,100,100,http://localhost:7000/randomRequest,738,0,0
1676157920660,829,HTTP Request,200,,Thread-Gruppe  1-55,text,true,,560,129,100,100,http://localhost:7000/randomRequest,828,0,0
1676157921071,418,HTTP Request,200,,Thread-Gruppe  1-47,text,true,,419,129,100,100,http://localhost:7000/randomRequest,417,0,0
1676157920874,621,HTTP Request,200,,Thread-Gruppe  1-15,text,true,,418,129,100,100,http://localhost:7000/randomRequest,621,0,1
1676157920774,721,HTTP Request,200,,Thread-Gruppe  1-84,text,true,,492,129,100,100,http://localhost:7000/randomRequest,721,0,0
1676157920893,616,HTTP Request,200,,Thread-Gruppe  1-45,text,true,,556,129,100,100,http://localhost:7000/randomRequest,616,0,0
1676157920510,1008,HTTP Request,200,,Thread-Gruppe  1-30,text,true,,492,129,100,100,http://localhost:7000/randomRequest,1008,0,1
1676157920690,828,HTTP Request,200,,Thread-Gruppe  1-5,text,true,,492,129,100,100,http://localhost:7000/randomRequest,828,0,0
1676157920895,623,HTTP Request,200,,Thread-Gruppe  1-12,text,true,,419,129,100,100,http://localhost:7000/randomRequest,623,0,0
1676157920539,1004,HTTP Request,200,,Thread-Gruppe  1-1,text,true,,647,129,100,100,http://localhost:7000/randomRequest,1004,0,1
1676157921136,416,HTTP Request,200,,Thread-Gruppe  1-43,text,true,,567,129,100,100,http://localhost:7000/randomRequest,416,0,1
1676157921051,520,HTTP Request,200,,Thread-Gruppe  1-99,text,true,,547,129,100,100,http://localhost:7000/randomRequest,520,0,0
1676157920660,929,HTTP Request,200,,Thread-Gruppe  1-58,text,true,,492,129,100,100,http://localhost:7000/randomRequest,929,0,0
1676157920555,1034,HTTP Request,200,,Thread-Gruppe  1-68,text,true,,481,129,100,100,http://localhost:7000/randomRequest,1034,0,1
1676157920967,626,HTTP Request,200,,Thread-Gruppe  1-14,text,true,,556,129,100,100,http://localhost:7000/randomRequest,626,0,1
1676157920972,621,HTTP Request,200,,Thread-Gruppe  1-44,text,true,,487,129,100,100,http://localhost:7000/randomRequest,621,0,1
1676157920975,625,HTTP Request,200,,Thread-Gruppe  1-6,text,true,,565,129,100,100,http://localhost:7000/randomRequest,625,0,0
1676157920989,616,HTTP Request,200,,Thread-Gruppe  1-42,text,true,,554,129,100,100,http://localhost:7000/randomRequest,616,0,0
1676157921093,512,HTTP Request,200,,Thread-Gruppe  1-25,text,true,,548,129,100,100,http://localhost:7000/randomRequest,512,0,0
1676157920896,726,HTTP Request,200,,Thread-Gruppe  1-56,text,true,,492,129,100,100,http://localhost:7000/randomRequest,726,0,1
1676157920524,1098,HTTP Request,200,,Thread-Gruppe  1-86,text,true,,645,129,100,100,http://localhost:7000/randomRequest,1098,0,1
1676157920975,653,HTTP Request,200,,Thread-Gruppe  1-24,text,true,,474,129,100,100,http://localhost:7000/randomRequest,653,0,0
1676157920343,1300,HTTP Request,200,,Thread-Gruppe  1-90,text,true,,525,129,100,100,http://localhost:7000/randomRequest,1300,0,1
1676157921340,311,HTTP Request,200,,Thread-Gruppe  1-74,text,true,,419,129,100,100,http://localhost:7000/randomRequest,311,0,0
1676157920721,930,HTTP Request,200,,Thread-Gruppe  1-20,text,true,,481,129,100,100,http://localhost:7000/randomRequest,930,0,0
1676157921051,620,HTTP Request,200,,Thread-Gruppe  1-54,text,true,,553,129,100,100,http://localhost:7000/randomRequest,620,0,0
1676157921051,621,HTTP Request,200,,Thread-Gruppe  1-2,text,true,,553,129,100,100,http://localhost:7000/randomRequest,621,0,0
1676157920874,827,HTTP Request,200,,Thread-Gruppe  1-71,text,true,,561,129,100,100,http://localhost:7000/randomRequest,827,0,1
1676157921094,613,HTTP Request,200,,Thread-Gruppe  1-69,text,true,,552,129,100,100,http://localhost:7000/randomRequest,613,0,0
1676157920208,1514,HTTP Request,200,,Thread-Gruppe  1-38,text,true,,527,129,100,100,http://localhost:7000/randomRequest,1514,0,0
1676157920874,848,HTTP Request,200,,Thread-Gruppe  1-26,text,true,,548,129,100,100,http://localhost:7000/randomRequest,848,0,1
1676157920717,1030,HTTP Request,200,,Thread-Gruppe  1-50,text,true,,487,129,100,100,http://localhost:7000/randomRequest,1030,0,1
1676157920760,1013,HTTP Request,200,,Thread-Gruppe  1-34,text,true,,495,129,100,100,http://localhost:7000/randomRequest,1013,0,0
1676157920570,1203,HTTP Request,200,,Thread-Gruppe  1-78,text,true,,527,129,100,100,http://localhost:7000/randomRequest,1203,0,0
1676157920852,921,HTTP Request,200,,Thread-Gruppe  1-80,text,true,,492,129,100,100,http://localhost:7000/randomRequest,921,0,0
1676157921055,718,HTTP Request,200,,Thread-Gruppe  1-4,text,true,,418,129,100,100,http://localhost:7000/randomRequest,718,0,0
1676157920834,939,HTTP Request,200,,Thread-Gruppe  1-70,text,true,,492,129,100,100,http://localhost:7000/randomRequest,939,0,0
1676157921157,616,HTTP Request,200,,Thread-Gruppe  1-39,text,true,,555,129,100,100,http://localhost:7000/randomRequest,616,0,1
1676157920852,921,HTTP Request,200,,Thread-Gruppe  1-95,text,true,,489,129,100,100,http://localhost:7000/randomRequest,921,0,0
1676157920928,845,HTTP Request,200,,Thread-Gruppe  1-35,text,true,,419,129,100,100,http://localhost:7000/randomRequest,845,0,1
1676157921262,521,HTTP Request,200,,Thread-Gruppe  1-17,text,true,,490,129,100,100,http://localhost:7000/randomRequest,521,0,0
1676157891764,30037,HTTP Request,500,,Thread-Gruppe  1-19,text,false,,258,129,100,100,http://localhost:7000/randomRequest,30037,0,1
1676157920712,1094,HTTP Request,200,,Thread-Gruppe  1-89,text,true,,539,129,100,100,http://localhost:7000/randomRequest,1094,0,0
1676157921084,722,HTTP Request,200,,Thread-Gruppe  1-48,text,true,,490,129,100,100,http://localhost:7000/randomRequest,722,0,0
1676157920874,933,HTTP Request,200,,Thread-Gruppe  1-100,text,true,,527,129,100,100,http://localhost:7000/randomRequest,933,0,1
1676157921543,308,HTTP Request,200,,Thread-Gruppe  1-1,text,true,,418,129,100,100,http://localhost:7000/randomRequest,308,0,1
1676157921198,712,HTTP Request,200,,Thread-Gruppe  1-27,text,true,,492,129,100,100,http://localhost:7000/randomRequest,712,0,0
1676157921510,407,HTTP Request,200,,Thread-Gruppe  1-45,text,true,,542,129,100,100,http://localhost:7000/randomRequest,407,0,0
1676157921340,603,HTTP Request,200,,Thread-Gruppe  1-82,text,true,,481,129,100,100,http://localhost:7000/randomRequest,603,0,0
1676157921671,305,HTTP Request,200,,Thread-Gruppe  1-54,text,true,,554,129,100,100,http://localhost:7000/randomRequest,305,0,1
1676157921262,728,HTTP Request,200,,Thread-Gruppe  1-40,text,true,,490,129,100,100,http://localhost:7000/randomRequest,728,0,0
1676157921259,742,HTTP Request,200,,Thread-Gruppe  1-94,text,true,,676,129,100,100,http://localhost:7000/randomRequest,742,0,1
1676157921277,724,HTTP Request,200,,Thread-Gruppe  1-96,text,true,,488,129,100,100,http://localhost:7000/randomRequest,724,0,0
1676157921094,917,HTTP Request,200,,Thread-Gruppe  1-88,text,true,,490,129,100,100,http://localhost:7000/randomRequest,917,0,0
1676157921028,994,HTTP Request,200,,Thread-Gruppe  1-51,text,true,,540,129,100,100,http://localhost:7000/randomRequest,994,0,1
1676157921415,617,HTTP Request,200,,Thread-Gruppe  1-37,text,true,,419,129,100,100,http://localhost:7000/randomRequest,617,0,0
1676157920730,1302,HTTP Request,200,,Thread-Gruppe  1-57,text,true,,526,129,100,100,http://localhost:7000/randomRequest,1302,0,0
1676157921518,514,HTTP Request,200,,Thread-Gruppe  1-5,text,true,,492,129,100,100,http://localhost:7000/randomRequest,514,0,1
1676157921136,896,HTTP Request,200,,Thread-Gruppe  1-97,text,true,,479,129,100,100,http://localhost:7000/randomRequest,896,0,1
1676157920807,1232,HTTP Request,200,,Thread-Gruppe  1-85,text,true,,490,129,100,100,http://localhost:7000/randomRequest,1232,0,1
1676157921259,784,HTTP Request,200,,Thread-Gruppe  1-31,text,true,,643,129,100,100,http://localhost:7000/randomRequest,784,0,1
1676157921643,413,HTTP Request,200,,Thread-Gruppe  1-90,text,true,,492,129,100,100,http://localhost:7000/randomRequest,413,0,1
1676157921651,405,HTTP Request,200,,Thread-Gruppe  1-74,text,true,,403,129,100,100,http://localhost:7000/randomRequest,405,0,0
1676157921339,717,HTTP Request,200,,Thread-Gruppe  1-83,text,true,,492,129,100,100,http://localhost:7000/randomRequest,717,0,0
1676157921553,514,HTTP Request,200,,Thread-Gruppe  1-43,text,true,,492,129,100,100,http://localhost:7000/randomRequest,514,0,0
1676157920967,1109,HTTP Request,200,,Thread-Gruppe  1-98,text,true,,633,129,100,100,http://localhost:7000/randomRequest,1109,0,1
1676157921589,512,HTTP Request,200,,Thread-Gruppe  1-68,text,true,,551,129,100,100,http://localhost:7000/randomRequest,512,0,0
1676157920968,1138,HTTP Request,200,,Thread-Gruppe  1-29,text,true,,485,129,100,100,http://localhost:7000/randomRequest,1138,0,0
1676157921495,612,HTTP Request,200,,Thread-Gruppe  1-84,text,true,,403,129,100,100,http://localhost:7000/randomRequest,612,0,1
1676157921628,525,HTTP Request,200,,Thread-Gruppe  1-24,text,true,,492,129,100,100,http://localhost:7000/randomRequest,525,0,0
1676157921204,952,HTTP Request,200,,Thread-Gruppe  1-32,text,true,,673,129,100,100,http://localhost:7000/randomRequest,952,0,1
1676157921157,1026,HTTP Request,200,,Thread-Gruppe  1-49,text,true,,492,129,100,100,http://localhost:7000/randomRequest,1026,0,1
1676157920928,1255,HTTP Request,200,,Thread-Gruppe  1-81,text,true,,403,129,100,100,http://localhost:7000/randomRequest,1255,0,2
1676157921593,613,HTTP Request,200,,Thread-Gruppe  1-14,text,true,,418,129,100,100,http://localhost:7000/randomRequest,613,0,0
1676157920874,1355,HTTP Request,200,,Thread-Gruppe  1-76,text,true,,540,129,100,100,http://localhost:7000/randomRequest,1355,0,1
1676157921518,715,HTTP Request,200,,Thread-Gruppe  1-12,text,true,,414,129,100,100,http://localhost:7000/randomRequest,715,0,1
1676157921055,1203,HTTP Request,200,,Thread-Gruppe  1-61,text,true,,633,129,100,100,http://localhost:7000/randomRequest,1203,0,0
1676157920928,1345,HTTP Request,200,,Thread-Gruppe  1-77,text,true,,526,129,100,100,http://localhost:7000/randomRequest,1345,0,1
1676157921277,996,HTTP Request,200,,Thread-Gruppe  1-11,text,true,,633,129,100,100,http://localhost:7000/randomRequest,996,0,0
1676157921773,516,HTTP Request,200,,Thread-Gruppe  1-70,text,true,,419,129,100,100,http://localhost:7000/randomRequest,516,0,0
1676157921773,516,HTTP Request,200,,Thread-Gruppe  1-80,text,true,,419,129,100,100,http://localhost:7000/randomRequest,516,0,0
1676157921366,935,HTTP Request,200,,Thread-Gruppe  1-18,text,true,,492,129,100,100,http://localhost:7000/randomRequest,935,0,0
1676157921262,1039,HTTP Request,200,,Thread-Gruppe  1-64,text,true,,490,129,100,100,http://localhost:7000/randomRequest,1039,0,0
1676157921289,1018,HTTP Request,200,,Thread-Gruppe  1-91,text,true,,560,129,100,100,http://localhost:7000/randomRequest,1018,0,0
1676157921302,1018,HTTP Request,200,,Thread-Gruppe  1-53,text,true,,492,129,100,100,http://localhost:7000/randomRequest,1018,0,0
1676157921304,1019,HTTP Request,200,,Thread-Gruppe  1-87,text,true,,419,129,100,100,http://localhost:7000/randomRequest,1019,0,1
1676157921339,994,HTTP Request,200,,Thread-Gruppe  1-21,text,true,,647,129,100,100,http://localhost:7000/randomRequest,994,0,0
1676157921723,620,HTTP Request,200,,Thread-Gruppe  1-38,text,true,,416,129,100,100,http://localhost:7000/randomRequest,620,0,0
1676157920950,1423,HTTP Request,200,,Thread-Gruppe  1-92,text,true,,541,129,100,100,http://localhost:7000/randomRequest,1423,0,0
1676157921301,1088,HTTP Request,200,,Thread-Gruppe  1-33,text,true,,537,129,100,100,http://localhost:7000/randomRequest,1088,0,0
1676157921571,818,HTTP Request,200,,Thread-Gruppe  1-99,text,true,,550,129,100,100,http://localhost:7000/randomRequest,818,0,0
1676157921773,620,HTTP Request,200,,Thread-Gruppe  1-78,text,true,,419,129,100,100,http://localhost:7000/randomRequest,620,0,0
1676157921911,511,HTTP Request,200,,Thread-Gruppe  1-27,text,true,,565,129,100,100,http://localhost:7000/randomRequest,511,0,0
1676157922011,412,HTTP Request,200,,Thread-Gruppe  1-88,text,true,,558,129,100,100,http://localhost:7000/randomRequest,412,0,1
1676157921445,1001,HTTP Request,200,,Thread-Gruppe  1-22,text,true,,540,129,100,100,http://localhost:7000/randomRequest,1001,0,0
1676157922032,419,HTTP Request,200,,Thread-Gruppe  1-57,text,true,,492,129,100,100,http://localhost:7000/randomRequest,419,0,1
1676157922040,414,HTTP Request,200,,Thread-Gruppe  1-85,text,true,,492,129,100,100,http://localhost:7000/randomRequest,414,0,0
1676157922032,429,HTTP Request,200,,Thread-Gruppe  1-97,text,true,,415,129,100,100,http://localhost:7000/randomRequest,429,0,1
1676157921339,1124,HTTP Request,200,,Thread-Gruppe  1-23,text,true,,558,129,100,100,http://localhost:7000/randomRequest,1124,0,0
1676157921851,612,HTTP Request,200,,Thread-Gruppe  1-1,text,true,,419,129,100,100,http://localhost:7000/randomRequest,612,0,0
1676157922057,415,HTTP Request,200,,Thread-Gruppe  1-74,text,true,,542,129,100,100,http://localhost:7000/randomRequest,415,0,0
1676157921747,747,HTTP Request,200,,Thread-Gruppe  1-50,text,true,,557,129,100,100,http://localhost:7000/randomRequest,747,0,0
1676157921468,1026,HTTP Request,200,,Thread-Gruppe  1-52,text,true,,488,129,100,100,http://localhost:7000/randomRequest,1026,0,0
1676157921651,843,HTTP Request,200,,Thread-Gruppe  1-20,text,true,,417,129,100,100,http://localhost:7000/randomRequest,843,0,0
1676157921362,1151,HTTP Request,200,,Thread-Gruppe  1-13,text,true,,575,129,100,100,http://localhost:7000/randomRequest,1151,0,1
1676157922001,512,HTTP Request,200,,Thread-Gruppe  1-94,text,true,,419,129,100,100,http://localhost:7000/randomRequest,512,0,1
1676157921289,1224,HTTP Request,200,,Thread-Gruppe  1-59,text,true,,492,129,100,100,http://localhost:7000/randomRequest,1224,0,0
1676157921723,790,HTTP Request,200,,Thread-Gruppe  1-26,text,true,,643,129,100,100,http://localhost:7000/randomRequest,790,0,0
1676157921601,924,HTTP Request,200,,Thread-Gruppe  1-6,text,true,,419,129,100,100,http://localhost:7000/randomRequest,924,0,0
1676157921806,719,HTTP Request,200,,Thread-Gruppe  1-89,text,true,,419,129,100,100,http://localhost:7000/randomRequest,719,0,1
1676157921605,920,HTTP Request,200,,Thread-Gruppe  1-42,text,true,,489,129,100,100,http://localhost:7000/randomRequest,920,0,0
1676157921707,818,HTTP Request,200,,Thread-Gruppe  1-69,text,true,,492,129,100,100,http://localhost:7000/randomRequest,818,0,0
1676157921304,1236,HTTP Request,200,,Thread-Gruppe  1-7,text,true,,485,129,100,100,http://localhost:7000/randomRequest,1236,0,1
1676157921622,929,HTTP Request,200,,Thread-Gruppe  1-56,text,true,,403,129,100,100,http://localhost:7000/randomRequest,929,0,1
1676157922032,519,HTTP Request,200,,Thread-Gruppe  1-5,text,true,,492,129,100,100,http://localhost:7000/randomRequest,519,0,1
1676157920839,1715,HTTP Request,200,,Thread-Gruppe  1-28,text,true,,541,129,100,100,http://localhost:7000/randomRequest,1715,0,0
1676157921622,932,HTTP Request,200,,Thread-Gruppe  1-86,text,true,,488,129,100,100,http://localhost:7000/randomRequest,932,0,1
1676157922022,532,HTTP Request,200,,Thread-Gruppe  1-51,text,true,,417,129,100,100,http://localhost:7000/randomRequest,532,0,1
1676157921943,620,HTTP Request,200,,Thread-Gruppe  1-82,text,true,,492,129,100,100,http://localhost:7000/randomRequest,620,0,0
1676157921468,1099,HTTP Request,200,,Thread-Gruppe  1-36,text,true,,643,129,100,100,http://localhost:7000/randomRequest,1099,0,0
1676157921489,1101,HTTP Request,200,,Thread-Gruppe  1-47,text,true,,631,129,100,100,http://localhost:7000/randomRequest,1101,0,0
1676157921976,620,HTTP Request,200,,Thread-Gruppe  1-54,text,true,,549,129,100,100,http://localhost:7000/randomRequest,620,0,1
1676157921773,828,HTTP Request,200,,Thread-Gruppe  1-95,text,true,,490,129,100,100,http://localhost:7000/randomRequest,828,0,0
1676157921784,829,HTTP Request,200,,Thread-Gruppe  1-17,text,true,,488,129,100,100,http://localhost:7000/randomRequest,829,0,0
1676157921366,1247,HTTP Request,200,,Thread-Gruppe  1-62,text,true,,492,129,100,100,http://localhost:7000/randomRequest,1247,0,0
1676157921990,623,HTTP Request,200,,Thread-Gruppe  1-40,text,true,,492,129,100,100,http://localhost:7000/randomRequest,623,0,0
1676157921797,820,HTTP Request,200,,Thread-Gruppe  1-19,text,true,,489,129,100,100,http://localhost:7000/randomRequest,820,0,0
1676157921379,1238,HTTP Request,200,,Thread-Gruppe  1-75,text,true,,485,129,100,100,http://localhost:7000/randomRequest,1238,0,0
1676157921806,820,HTTP Request,200,,Thread-Gruppe  1-48,text,true,,403,129,100,100,http://localhost:7000/randomRequest,820,0,1
1676157921773,894,HTTP Request,200,,Thread-Gruppe  1-39,text,true,,643,129,100,100,http://localhost:7000/randomRequest,894,0,0
1676157921918,800,HTTP Request,200,,Thread-Gruppe  1-45,text,true,,633,129,100,100,http://localhost:7000/randomRequest,800,0,0
1676157922001,721,HTTP Request,200,,Thread-Gruppe  1-96,text,true,,419,129,100,100,http://localhost:7000/randomRequest,721,0,1
1676157922107,615,HTTP Request,200,,Thread-Gruppe  1-84,text,true,,418,129,100,100,http://localhost:7000/randomRequest,615,0,0
1676157922206,516,HTTP Request,200,,Thread-Gruppe  1-14,text,true,,418,129,100,100,http://localhost:7000/randomRequest,516,0,1
1676157921701,1021,HTTP Request,200,,Thread-Gruppe  1-71,text,true,,403,129,100,100,http://localhost:7000/randomRequest,1021,0,0
1676157922334,407,HTTP Request,200,,Thread-Gruppe  1-21,text,true,,416,129,100,100,http://localhost:7000/randomRequest,407,0,0
1676157922233,512,HTTP Request,200,,Thread-Gruppe  1-12,text,true,,419,129,100,100,http://localhost:7000/randomRequest,512,0,0
1676157922032,724,HTTP Request,200,,Thread-Gruppe  1-37,text,true,,567,129,100,100,http://localhost:7000/randomRequest,724,0,1
1676157921773,1028,HTTP Request,200,,Thread-Gruppe  1-34,text,true,,630,129,100,100,http://localhost:7000/randomRequest,1028,0,0
1676157922076,728,HTTP Request,200,,Thread-Gruppe  1-98,text,true,,552,129,100,100,http://localhost:7000/randomRequest,728,0,1
1676157922301,517,HTTP Request,200,,Thread-Gruppe  1-64,text,true,,485,129,100,100,http://localhost:7000/randomRequest,517,0,0
1676157921495,1328,HTTP Request,200,,Thread-Gruppe  1-15,text,true,,559,129,100,100,http://localhost:7000/randomRequest,1328,0,1
1676157922153,720,HTTP Request,200,,Thread-Gruppe  1-24,text,true,,478,129,100,100,http://localhost:7000/randomRequest,720,0,0
1676157921773,1100,HTTP Request,200,,Thread-Gruppe  1-35,text,true,,527,129,100,100,http://localhost:7000/randomRequest,1100,0,0
1676157922157,716,HTTP Request,200,,Thread-Gruppe  1-32,text,true,,492,129,100,100,http://localhost:7000/randomRequest,716,0,0
1676157922106,799,HTTP Request,200,,Thread-Gruppe  1-29,text,true,,480,129,100,100,http://localhost:7000/randomRequest,799,0,0
1676157922307,598,HTTP Request,200,,Thread-Gruppe  1-91,text,true,,479,129,100,100,http://localhost:7000/randomRequest,598,0,0
1676157922290,616,HTTP Request,200,,Thread-Gruppe  1-80,text,true,,417,129,100,100,http://localhost:7000/randomRequest,616,0,0
1676157922389,517,HTTP Request,200,,Thread-Gruppe  1-33,text,true,,485,129,100,100,http://localhost:7000/randomRequest,517,0,0
1676157921468,1438,HTTP Request,200,,Thread-Gruppe  1-16,text,true,,403,129,100,100,http://localhost:7000/randomRequest,1438,0,0
1676157921489,1434,HTTP Request,200,,Thread-Gruppe  1-55,text,true,,492,129,100,100,http://localhost:7000/randomRequest,1434,0,0
1676157922101,822,HTTP Request,200,,Thread-Gruppe  1-68,text,true,,488,129,100,100,http://localhost:7000/randomRequest,822,0,0
1676157922422,517,HTTP Request,200,,Thread-Gruppe  1-27,text,true,,419,129,100,100,http://localhost:7000/randomRequest,517,0,1
1676157922423,516,HTTP Request,200,,Thread-Gruppe  1-88,text,true,,419,129,100,100,http://localhost:7000/randomRequest,516,0,0
1676157892827,30118,HTTP Request,500,,Thread-Gruppe  1-93,text,false,,258,129,100,100,http://localhost:7000/randomRequest,30118,0,0
1676157922229,718,HTTP Request,200,,Thread-Gruppe  1-76,text,true,,492,129,100,100,http://localhost:7000/randomRequest,718,0,1
1676157922343,613,HTTP Request,200,,Thread-Gruppe  1-38,text,true,,415,129,100,100,http://localhost:7000/randomRequest,613,0,1
1676157922043,930,HTTP Request,200,,Thread-Gruppe  1-31,text,true,,419,129,100,100,http://localhost:7000/randomRequest,930,0,1
1676157922463,510,HTTP Request,200,,Thread-Gruppe  1-1,text,true,,555,129,100,100,http://localhost:7000/randomRequest,510,0,0
1676157922373,637,HTTP Request,200,,Thread-Gruppe  1-92,text,true,,492,129,100,100,http://localhost:7000/randomRequest,637,0,0
1676157922494,516,HTTP Request,200,,Thread-Gruppe  1-20,text,true,,492,129,100,100,http://localhost:7000/randomRequest,516,0,0
1676157921807,1203,HTTP Request,200,,Thread-Gruppe  1-100,text,true,,537,129,100,100,http://localhost:7000/randomRequest,1203,0,0
1676157922513,510,HTTP Request,200,,Thread-Gruppe  1-94,text,true,,418,129,100,100,http://localhost:7000/randomRequest,510,0,1
1676157922323,717,HTTP Request,200,,Thread-Gruppe  1-87,text,true,,415,129,100,100,http://localhost:7000/randomRequest,717,0,1
1676157922551,510,HTTP Request,200,,Thread-Gruppe  1-56,text,true,,542,129,100,100,http://localhost:7000/randomRequest,510,0,0
1676157922554,507,HTTP Request,200,,Thread-Gruppe  1-28,text,true,,418,129,100,100,http://localhost:7000/randomRequest,507,0,1
1676157922258,815,HTTP Request,200,,Thread-Gruppe  1-61,text,true,,485,129,100,100,http://localhost:7000/randomRequest,815,0,0
1676157921593,1517,HTTP Request,200,,Thread-Gruppe  1-44,text,true,,537,129,100,100,http://localhost:7000/randomRequest,1517,0,0
1676157921773,1337,HTTP Request,200,,Thread-Gruppe  1-4,text,true,,487,129,100,100,http://localhost:7000/randomRequest,1337,0,0
1676157922389,721,HTTP Request,200,,Thread-Gruppe  1-99,text,true,,403,129,100,100,http://localhost:7000/randomRequest,721,0,0
1676157921589,1521,HTTP Request,200,,Thread-Gruppe  1-58,text,true,,537,129,100,100,http://localhost:7000/randomRequest,1521,0,0
1676157922613,511,HTTP Request,200,,Thread-Gruppe  1-17,text,true,,550,129,100,100,http://localhost:7000/randomRequest,511,0,1
1676157922494,630,HTTP Request,200,,Thread-Gruppe  1-52,text,true,,559,129,100,100,http://localhost:7000/randomRequest,630,0,0
1676157922722,407,HTTP Request,200,,Thread-Gruppe  1-14,text,true,,419,129,100,100,http://localhost:7000/randomRequest,407,0,1
1676157922320,821,HTTP Request,200,,Thread-Gruppe  1-53,text,true,,544,129,100,100,http://localhost:7000/randomRequest,821,0,0
1676157922627,514,HTTP Request,200,,Thread-Gruppe  1-48,text,true,,563,129,100,100,http://localhost:7000/randomRequest,514,0,0
1676157922741,430,HTTP Request,200,,Thread-Gruppe  1-21,text,true,,536,129,100,100,http://localhost:7000/randomRequest,430,0,0
1676157922273,898,HTTP Request,200,,Thread-Gruppe  1-77,text,true,,647,129,100,100,http://localhost:7000/randomRequest,898,0,0
1676157922540,631,HTTP Request,200,,Thread-Gruppe  1-7,text,true,,492,129,100,100,http://localhost:7000/randomRequest,631,0,0
1676157922454,723,HTTP Request,200,,Thread-Gruppe  1-85,text,true,,420,129,100,100,http://localhost:7000/randomRequest,723,0,0
1676157921362,1815,HTTP Request,200,,Thread-Gruppe  1-46,text,true,,536,129,100,100,http://localhost:7000/randomRequest,1815,0,1
1676157922273,938,HTTP Request,200,,Thread-Gruppe  1-11,text,true,,488,129,100,100,http://localhost:7000/randomRequest,938,0,0
1676157922613,614,HTTP Request,200,,Thread-Gruppe  1-62,text,true,,558,129,100,100,http://localhost:7000/randomRequest,614,0,1
1676157922718,509,HTTP Request,200,,Thread-Gruppe  1-45,text,true,,489,129,100,100,http://localhost:7000/randomRequest,509,0,0
1676157922513,714,HTTP Request,200,,Thread-Gruppe  1-59,text,true,,492,129,100,100,http://localhost:7000/randomRequest,714,0,1
1676157922525,719,HTTP Request,200,,Thread-Gruppe  1-42,text,true,,492,129,100,100,http://localhost:7000/randomRequest,719,0,1
1676157922745,515,HTTP Request,200,,Thread-Gruppe  1-12,text,true,,419,129,100,100,http://localhost:7000/randomRequest,515,0,0
1676157922057,1223,HTTP Request,200,,Thread-Gruppe  1-90,text,true,,492,129,100,100,http://localhost:7000/randomRequest,1223,0,0
1676157922393,919,HTTP Request,200,,Thread-Gruppe  1-78,text,true,,490,129,100,100,http://localhost:7000/randomRequest,919,0,0
1676157922068,1244,HTTP Request,200,,Thread-Gruppe  1-43,text,true,,546,129,100,100,http://localhost:7000/randomRequest,1244,0,0
1676157922513,817,HTTP Request,200,,Thread-Gruppe  1-26,text,true,,490,129,100,100,http://localhost:7000/randomRequest,817,0,1
1676157922618,712,HTTP Request,200,,Thread-Gruppe  1-75,text,true,,545,129,100,100,http://localhost:7000/randomRequest,712,0,0
1676157921339,2018,HTTP Request,200,,Thread-Gruppe  1-67,text,true,,537,129,100,100,http://localhost:7000/randomRequest,2018,0,0
1676157921518,1842,HTTP Request,200,,Thread-Gruppe  1-30,text,true,,490,129,100,100,http://localhost:7000/randomRequest,1842,0,1
1676157922472,913,HTTP Request,200,,Thread-Gruppe  1-74,text,true,,485,129,100,100,http://localhost:7000/randomRequest,913,0,0
1676157922590,824,HTTP Request,200,,Thread-Gruppe  1-47,text,true,,488,129,100,100,http://localhost:7000/randomRequest,824,0,0
1676157922494,920,HTTP Request,200,,Thread-Gruppe  1-50,text,true,,492,129,100,100,http://localhost:7000/randomRequest,920,0,0
1676157922513,901,HTTP Request,200,,Thread-Gruppe  1-13,text,true,,633,129,100,100,http://localhost:7000/randomRequest,901,0,1
1676157893399,30034,HTTP Request,500,,Thread-Gruppe  1-65,text,false,,258,129,100,100,http://localhost:7000/randomRequest,30034,0,0
1676157922818,613,HTTP Request,200,,Thread-Gruppe  1-64,text,true,,419,129,100,100,http://localhost:7000/randomRequest,613,0,0
1676157922618,813,HTTP Request,200,,Thread-Gruppe  1-19,text,true,,550,129,100,100,http://localhost:7000/randomRequest,813,0,0
1676157922301,1130,HTTP Request,200,,Thread-Gruppe  1-18,text,true,,492,129,100,100,http://localhost:7000/randomRequest,1130,0,0
1676157922525,926,HTTP Request,200,,Thread-Gruppe  1-69,text,true,,492,129,100,100,http://localhost:7000/randomRequest,926,0,1
1676157922668,817,HTTP Request,200,,Thread-Gruppe  1-39,text,true,,492,129,100,100,http://localhost:7000/randomRequest,817,0,0
1676157923074,414,HTTP Request,200,,Thread-Gruppe  1-61,text,true,,419,129,100,100,http://localhost:7000/randomRequest,414,0,0
1676157921672,1816,HTTP Request,200,,Thread-Gruppe  1-2,text,true,,539,129,100,100,http://localhost:7000/randomRequest,1816,0,0
1676157922183,1334,HTTP Request,200,,Thread-Gruppe  1-49,text,true,,492,129,100,100,http://localhost:7000/randomRequest,1334,0,1
1676157922801,716,HTTP Request,200,,Thread-Gruppe  1-34,text,true,,547,129,100,100,http://localhost:7000/randomRequest,716,0,0
1676157922525,1029,HTTP Request,200,,Thread-Gruppe  1-6,text,true,,485,129,100,100,http://localhost:7000/randomRequest,1029,0,1
1676157922564,993,HTTP Request,200,,Thread-Gruppe  1-82,text,true,,535,129,100,100,http://localhost:7000/randomRequest,993,0,0
1676157923061,513,HTTP Request,200,,Thread-Gruppe  1-28,text,true,,418,129,100,100,http://localhost:7000/randomRequest,513,0,0
1676157922451,1123,HTTP Request,200,,Thread-Gruppe  1-57,text,true,,564,129,100,100,http://localhost:7000/randomRequest,1123,0,1
1676157922461,1129,HTTP Request,200,,Thread-Gruppe  1-97,text,true,,417,129,100,100,http://localhost:7000/randomRequest,1129,0,1
1676157922756,854,HTTP Request,200,,Thread-Gruppe  1-37,text,true,,575,129,100,100,http://localhost:7000/randomRequest,854,0,0
1676157922290,1329,HTTP Request,200,,Thread-Gruppe  1-70,text,true,,492,129,100,100,http://localhost:7000/randomRequest,1329,0,0
1676157922554,1065,HTTP Request,200,,Thread-Gruppe  1-86,text,true,,580,129,100,100,http://localhost:7000/randomRequest,1065,0,1
1676157922906,721,HTTP Request,200,,Thread-Gruppe  1-91,text,true,,543,129,100,100,http://localhost:7000/randomRequest,721,0,0
1676157922906,721,HTTP Request,200,,Thread-Gruppe  1-80,text,true,,488,129,100,100,http://localhost:7000/randomRequest,721,0,0
1676157922613,1022,HTTP Request,200,,Thread-Gruppe  1-40,text,true,,643,129,100,100,http://localhost:7000/randomRequest,1022,0,1
1676157922722,917,HTTP Request,200,,Thread-Gruppe  1-71,text,true,,403,129,100,100,http://localhost:7000/randomRequest,917,0,1
1676157923024,615,HTTP Request,200,,Thread-Gruppe  1-94,text,true,,490,129,100,100,http://localhost:7000/randomRequest,615,0,0
1676157922939,718,HTTP Request,200,,Thread-Gruppe  1-27,text,true,,492,129,100,100,http://localhost:7000/randomRequest,718,0,0
1676157922554,1103,HTTP Request,200,,Thread-Gruppe  1-51,text,true,,526,129,100,100,http://localhost:7000/randomRequest,1103,0,1
1676157922525,1145,HTTP Request,200,,Thread-Gruppe  1-89,text,true,,670,129,100,100,http://localhost:7000/randomRequest,1145,0,1
1676157922551,1127,HTTP Request,200,,Thread-Gruppe  1-5,text,true,,485,129,100,100,http://localhost:7000/randomRequest,1127,0,0
1676157923171,514,HTTP Request,200,,Thread-Gruppe  1-21,text,true,,416,129,100,100,http://localhost:7000/randomRequest,514,0,1
1676157923171,514,HTTP Request,200,,Thread-Gruppe  1-77,text,true,,419,129,100,100,http://localhost:7000/randomRequest,514,0,1
1676157922183,1511,HTTP Request,200,,Thread-Gruppe  1-81,text,true,,536,129,100,100,http://localhost:7000/randomRequest,1511,0,1
1676157922463,1231,HTTP Request,200,,Thread-Gruppe  1-23,text,true,,489,129,100,100,http://localhost:7000/randomRequest,1231,0,0
1676157923280,414,HTTP Request,200,,Thread-Gruppe  1-90,text,true,,419,129,100,100,http://localhost:7000/randomRequest,414,0,1
1676157923177,517,HTTP Request,200,,Thread-Gruppe  1-46,text,true,,489,129,100,100,http://localhost:7000/randomRequest,517,0,0
1676157922601,1122,HTTP Request,200,,Thread-Gruppe  1-95,text,true,,490,129,100,100,http://localhost:7000/randomRequest,1122,0,0
1676157922823,900,HTTP Request,200,,Thread-Gruppe  1-15,text,true,,643,129,100,100,http://localhost:7000/randomRequest,900,0,1
1676157923111,612,HTTP Request,200,,Thread-Gruppe  1-58,text,true,,552,129,100,100,http://localhost:7000/randomRequest,612,0,0
1676157923111,612,HTTP Request,200,,Thread-Gruppe  1-44,text,true,,554,129,100,100,http://localhost:7000/randomRequest,612,0,0
1676157922596,1127,HTTP Request,200,,Thread-Gruppe  1-54,text,true,,492,129,100,100,http://localhost:7000/randomRequest,1127,0,1
1676157923111,612,HTTP Request,200,,Thread-Gruppe  1-4,text,true,,492,129,100,100,http://localhost:7000/randomRequest,612,0,0
1676157923010,717,HTTP Request,200,,Thread-Gruppe  1-20,text,true,,415,129,100,100,http://localhost:7000/randomRequest,717,0,0
1676157922722,1017,HTTP Request,200,,Thread-Gruppe  1-84,text,true,,492,129,100,100,http://localhost:7000/randomRequest,1017,0,1
1676157923227,512,HTTP Request,200,,Thread-Gruppe  1-45,text,true,,562,129,100,100,http://localhost:7000/randomRequest,512,0,0
1676157922923,816,HTTP Request,200,,Thread-Gruppe  1-68,text,true,,418,129,100,100,http://localhost:7000/randomRequest,816,0,1
1676157922722,1021,HTTP Request,200,,Thread-Gruppe  1-96,text,true,,403,129,100,100,http://localhost:7000/randomRequest,1021,0,1
1676157922941,818,HTTP Request,200,,Thread-Gruppe  1-93,text,true,,557,129,100,100,http://localhost:7000/randomRequest,818,0,0
1676157922873,922,HTTP Request,200,,Thread-Gruppe  1-24,text,true,,545,129,100,100,http://localhost:7000/randomRequest,922,0,0
1676157922804,994,HTTP Request,200,,Thread-Gruppe  1-98,text,true,,537,129,100,100,http://localhost:7000/randomRequest,994,0,0
1676157922567,1257,HTTP Request,200,,Thread-Gruppe  1-36,text,true,,667,129,100,100,http://localhost:7000/randomRequest,1256,0,1
1676157923312,512,HTTP Request,200,,Thread-Gruppe  1-43,text,true,,566,129,100,100,http://localhost:7000/randomRequest,511,0,0
1676157922446,1394,HTTP Request,200,,Thread-Gruppe  1-22,text,true,,541,129,100,100,http://localhost:7000/randomRequest,1394,0,1
1676157923124,719,HTTP Request,200,,Thread-Gruppe  1-52,text,true,,492,129,100,100,http://localhost:7000/randomRequest,719,0,0
1676157922923,920,HTTP Request,200,,Thread-Gruppe  1-55,text,true,,492,129,100,100,http://localhost:7000/randomRequest,920,0,1
1676157923141,721,HTTP Request,200,,Thread-Gruppe  1-48,text,true,,490,129,100,100,http://localhost:7000/randomRequest,721,0,0
1676157922873,989,HTTP Request,200,,Thread-Gruppe  1-35,text,true,,491,129,100,100,http://localhost:7000/randomRequest,989,0,0
1676157922947,915,HTTP Request,200,,Thread-Gruppe  1-76,text,true,,557,129,100,100,http://localhost:7000/randomRequest,915,0,0
1676157923171,719,HTTP Request,200,,Thread-Gruppe  1-7,text,true,,492,129,100,100,http://localhost:7000/randomRequest,719,0,1
1676157922906,999,HTTP Request,200,,Thread-Gruppe  1-33,text,true,,541,129,100,100,http://localhost:7000/randomRequest,999,0,0
1676157923414,512,HTTP Request,200,,Thread-Gruppe  1-47,text,true,,492,129,100,100,http://localhost:7000/randomRequest,512,0,0
1676157923040,922,HTTP Request,200,,Thread-Gruppe  1-87,text,true,,492,129,100,100,http://localhost:7000/randomRequest,922,0,1
1676157923141,821,HTTP Request,200,,Thread-Gruppe  1-53,text,true,,490,129,100,100,http://localhost:7000/randomRequest,821,0,0
1676157923489,509,HTTP Request,200,,Thread-Gruppe  1-2,text,true,,557,129,100,100,http://localhost:7000/randomRequest,509,0,0
1676157923177,824,HTTP Request,200,,Thread-Gruppe  1-85,text,true,,419,129,100,100,http://localhost:7000/randomRequest,824,0,0
1676157922906,1123,HTTP Request,200,,Thread-Gruppe  1-16,text,true,,418,129,100,100,http://localhost:7000/randomRequest,1123,0,0
1676157923518,514,HTTP Request,200,,Thread-Gruppe  1-34,text,true,,419,129,100,100,http://localhost:7000/randomRequest,514,0,0
1676157923518,514,HTTP Request,200,,Thread-Gruppe  1-49,text,true,,490,129,100,100,http://localhost:7000/randomRequest,514,0,0
1676157923124,944,HTTP Request,200,,Thread-Gruppe  1-17,text,true,,415,129,100,100,http://localhost:7000/randomRequest,944,0,0
1676157922973,1095,HTTP Request,200,,Thread-Gruppe  1-1,text,true,,643,129,100,100,http://localhost:7000/randomRequest,1095,0,0
1676157923670,419,HTTP Request,200,,Thread-Gruppe  1-89,text,true,,419,129,100,100,http://localhost:7000/randomRequest,419,0,0
1676157923574,519,HTTP Request,200,,Thread-Gruppe  1-57,text,true,,488,129,100,100,http://localhost:7000/randomRequest,519,0,0
1676157923061,1032,HTTP Request,200,,Thread-Gruppe  1-56,text,true,,492,129,100,100,http://localhost:7000/randomRequest,1032,0,0
1676157923574,519,HTTP Request,200,,Thread-Gruppe  1-28,text,true,,554,129,100,100,http://localhost:7000/randomRequest,519,0,0
1676157923129,994,HTTP Request,200,,Thread-Gruppe  1-14,text,true,,539,129,100,100,http://localhost:7000/randomRequest,994,0,0
1676157923610,513,HTTP Request,200,,Thread-Gruppe  1-37,text,true,,545,129,100,100,http://localhost:7000/randomRequest,513,0,0
1676157923211,918,HTTP Request,200,,Thread-Gruppe  1-11,text,true,,419,129,100,100,http://localhost:7000/randomRequest,918,0,0
1676157923111,1018,HTTP Request,200,,Thread-Gruppe  1-99,text,true,,492,129,100,100,http://localhost:7000/randomRequest,1018,0,0
1676157923010,1130,HTTP Request,200,,Thread-Gruppe  1-92,text,true,,487,129,100,100,http://localhost:7000/randomRequest,1130,0,0
1676157923331,811,HTTP Request,200,,Thread-Gruppe  1-26,text,true,,419,129,100,100,http://localhost:7000/randomRequest,811,0,0
1676157923635,507,HTTP Request,200,,Thread-Gruppe  1-40,text,true,,540,129,100,100,http://localhost:7000/randomRequest,507,0,1
1676157923429,713,HTTP Request,200,,Thread-Gruppe  1-65,text,true,,490,129,100,100,http://localhost:7000/randomRequest,713,0,1
1676157923244,926,HTTP Request,200,,Thread-Gruppe  1-42,text,true,,492,129,100,100,http://localhost:7000/randomRequest,926,0,0
1676157922956,1237,HTTP Request,200,,Thread-Gruppe  1-38,text,true,,492,129,100,100,http://localhost:7000/randomRequest,1237,0,1
1676157923657,541,HTTP Request,200,,Thread-Gruppe  1-27,text,true,,417,129,100,100,http://localhost:7000/randomRequest,541,0,0
1676157923486,716,HTTP Request,200,,Thread-Gruppe  1-39,text,true,,550,129,100,100,http://localhost:7000/randomRequest,716,0,0
1676157923590,616,HTTP Request,200,,Thread-Gruppe  1-97,text,true,,548,129,100,100,http://localhost:7000/randomRequest,616,0,0
1676157923385,821,HTTP Request,200,,Thread-Gruppe  1-74,text,true,,419,129,100,100,http://localhost:7000/randomRequest,821,0,0
1676157923694,512,HTTP Request,200,,Thread-Gruppe  1-90,text,true,,485,129,100,100,http://localhost:7000/randomRequest,512,0,0
1676157922906,1318,HTTP Request,200,,Thread-Gruppe  1-29,text,true,,537,129,100,100,http://localhost:7000/randomRequest,1318,0,0
1676157923686,538,HTTP Request,200,,Thread-Gruppe  1-77,text,true,,679,129,100,100,http://localhost:7000/randomRequest,538,0,0
1676157923414,816,HTTP Request,200,,Thread-Gruppe  1-50,text,true,,419,129,100,100,http://localhost:7000/randomRequest,816,0,0
1676157923414,816,HTTP Request,200,,Thread-Gruppe  1-13,text,true,,488,129,100,100,http://localhost:7000/randomRequest,816,0,0
1676157923557,683,HTTP Request,200,,Thread-Gruppe  1-82,text,true,,479,129,100,100,http://localhost:7000/randomRequest,683,0,0
1676157923312,929,HTTP Request,200,,Thread-Gruppe  1-78,text,true,,415,129,100,100,http://localhost:7000/randomRequest,929,0,0
1676157923862,413,HTTP Request,200,,Thread-Gruppe  1-48,text,true,,416,129,100,100,http://localhost:7000/randomRequest,413,0,0
1676157923686,616,HTTP Request,200,,Thread-Gruppe  1-21,text,true,,419,129,100,100,http://localhost:7000/randomRequest,616,0,0
1676157924001,309,HTTP Request,200,,Thread-Gruppe  1-85,text,true,,550,129,100,100,http://localhost:7000/randomRequest,309,0,1
1676157923905,407,HTTP Request,200,,Thread-Gruppe  1-33,text,true,,481,129,100,100,http://localhost:7000/randomRequest,407,0,1
1676157923010,1317,HTTP Request,200,,Thread-Gruppe  1-100,text,true,,490,129,100,100,http://localhost:7000/randomRequest,1317,0,0
1676157923843,514,HTTP Request,200,,Thread-Gruppe  1-55,text,true,,481,129,100,100,http://localhost:7000/randomRequest,514,0,1
1676157923743,614,HTTP Request,200,,Thread-Gruppe  1-96,text,true,,540,129,100,100,http://localhost:7000/randomRequest,614,0,0
1676157923619,741,HTTP Request,200,,Thread-Gruppe  1-86,text,true,,680,129,100,100,http://localhost:7000/randomRequest,741,0,0
1676157923554,816,HTTP Request,200,,Thread-Gruppe  1-6,text,true,,492,129,100,100,http://localhost:7000/randomRequest,816,0,0
1676157923431,944,HTTP Request,200,,Thread-Gruppe  1-19,text,true,,414,129,100,100,http://localhost:7000/randomRequest,944,0,0
1676157923998,409,HTTP Request,200,,Thread-Gruppe  1-2,text,true,,419,129,100,100,http://localhost:7000/randomRequest,409,0,1
1676157923489,921,HTTP Request,200,,Thread-Gruppe  1-61,text,true,,539,129,100,100,http://localhost:7000/randomRequest,921,0,0
1676157923260,1150,HTTP Request,200,,Thread-Gruppe  1-12,text,true,,675,129,100,100,http://localhost:7000/randomRequest,1150,0,0
1676157923627,797,HTTP Request,200,,Thread-Gruppe  1-91,text,true,,541,129,100,100,http://localhost:7000/randomRequest,797,0,1
1676157923724,717,HTTP Request,200,,Thread-Gruppe  1-95,text,true,,559,129,100,100,http://localhost:7000/randomRequest,717,0,0
1676157923840,608,HTTP Request,200,,Thread-Gruppe  1-22,text,true,,419,129,100,100,http://localhost:7000/randomRequest,608,0,0
1676157923657,812,HTTP Request,200,,Thread-Gruppe  1-51,text,true,,487,129,100,100,http://localhost:7000/randomRequest,812,0,0
1676157923962,518,HTTP Request,200,,Thread-Gruppe  1-53,text,true,,548,129,100,100,http://localhost:7000/randomRequest,518,0,1
1676157923694,787,HTTP Request,200,,Thread-Gruppe  1-46,text,true,,647,129,100,100,http://localhost:7000/randomRequest,787,0,0
1676157923331,1198,HTTP Request,200,,Thread-Gruppe  1-75,text,true,,536,129,100,100,http://localhost:7000/randomRequest,1198,0,0
1676157923227,1302,HTTP Request,200,,Thread-Gruppe  1-62,text,true,,495,129,100,100,http://localhost:7000/randomRequest,1302,0,0
1676157924130,410,HTTP Request,200,,Thread-Gruppe  1-99,text,true,,492,129,100,100,http://localhost:7000/randomRequest,410,0,0
1676157923627,917,HTTP Request,200,,Thread-Gruppe  1-80,text,true,,481,129,100,100,http://localhost:7000/randomRequest,917,0,0
1676157923619,925,HTTP Request,200,,Thread-Gruppe  1-70,text,true,,492,129,100,100,http://localhost:7000/randomRequest,925,0,1
1676157923824,720,HTTP Request,200,,Thread-Gruppe  1-43,text,true,,530,129,100,100,http://localhost:7000/randomRequest,720,0,0
1676157923431,1113,HTTP Request,200,,Thread-Gruppe  1-18,text,true,,536,129,100,100,http://localhost:7000/randomRequest,1113,0,0
1676157923724,824,HTTP Request,200,,Thread-Gruppe  1-4,text,true,,567,129,100,100,http://localhost:7000/randomRequest,824,0,0
1676157923724,824,HTTP Request,200,,Thread-Gruppe  1-58,text,true,,492,129,100,100,http://localhost:7000/randomRequest,824,0,0
1676157923227,1324,HTTP Request,200,,Thread-Gruppe  1-59,text,true,,487,129,100,100,http://localhost:7000/randomRequest,1324,0,0
1676157923357,1194,HTTP Request,200,,Thread-Gruppe  1-67,text,true,,536,129,100,100,http://localhost:7000/randomRequest,1194,0,0
1676157923639,919,HTTP Request,200,,Thread-Gruppe  1-94,text,true,,419,129,100,100,http://localhost:7000/randomRequest,919,0,0
1676157923843,715,HTTP Request,200,,Thread-Gruppe  1-52,text,true,,418,129,100,100,http://localhost:7000/randomRequest,715,0,1
1676157923740,828,HTTP Request,200,,Thread-Gruppe  1-84,text,true,,527,129,100,100,http://localhost:7000/randomRequest,828,0,0
1676157924032,539,HTTP Request,200,,Thread-Gruppe  1-49,text,true,,687,129,100,100,http://localhost:7000/randomRequest,539,0,1
1676157923452,1124,HTTP Request,200,,Thread-Gruppe  1-69,text,true,,492,129,100,100,http://localhost:7000/randomRequest,1124,0,0
1676157923862,717,HTTP Request,200,,Thread-Gruppe  1-76,text,true,,418,129,100,100,http://localhost:7000/randomRequest,717,0,0
1676157922973,1608,HTTP Request,200,,Thread-Gruppe  1-31,text,true,,641,129,100,100,http://localhost:7000/randomRequest,1608,0,0
1676157923360,1238,HTTP Request,200,,Thread-Gruppe  1-30,text,true,,492,129,100,100,http://localhost:7000/randomRequest,1238,0,0
1676157924198,407,HTTP Request,200,,Thread-Gruppe  1-27,text,true,,492,129,100,100,http://localhost:7000/randomRequest,407,0,0
1676157923431,1188,HTTP Request,200,,Thread-Gruppe  1-64,text,true,,481,129,100,100,http://localhost:7000/randomRequest,1188,0,0
1676157923694,935,HTTP Request,200,,Thread-Gruppe  1-81,text,true,,672,129,100,100,http://localhost:7000/randomRequest,935,0,0
1676157922939,1693,HTTP Request,200,,Thread-Gruppe  1-88,text,true,,541,129,100,100,http://localhost:7000/randomRequest,1693,0,0
1676157923926,714,HTTP Request,200,,Thread-Gruppe  1-47,text,true,,545,129,100,100,http://localhost:7000/randomRequest,714,0,0
1676157923824,827,HTTP Request,200,,Thread-Gruppe  1-36,text,true,,492,129,100,100,http://localhost:7000/randomRequest,827,0,0
1676157923724,945,HTTP Request,200,,Thread-Gruppe  1-44,text,true,,676,129,100,100,http://localhost:7000/randomRequest,945,0,0
1676157923798,911,HTTP Request,200,,Thread-Gruppe  1-98,text,true,,403,129,100,100,http://localhost:7000/randomRequest,911,0,0
1676157924310,405,HTTP Request,200,,Thread-Gruppe  1-85,text,true,,419,129,100,100,http://localhost:7000/randomRequest,405,0,0
1676157924312,413,HTTP Request,200,,Thread-Gruppe  1-33,text,true,,419,129,100,100,http://localhost:7000/randomRequest,413,0,0
1676157923740,1018,HTTP Request,200,,Thread-Gruppe  1-68,text,true,,419,129,100,100,http://localhost:7000/randomRequest,1018,0,0
1676157924140,618,HTTP Request,200,,Thread-Gruppe  1-92,text,true,,419,129,100,100,http://localhost:7000/randomRequest,618,0,0
1676157923639,1120,HTTP Request,200,,Thread-Gruppe  1-71,text,true,,488,129,100,100,http://localhost:7000/randomRequest,1120,0,0
1676157923724,1051,HTTP Request,200,,Thread-Gruppe  1-54,text,true,,415,129,100,100,http://localhost:7000/randomRequest,1051,0,0
1676157924170,621,HTTP Request,200,,Thread-Gruppe  1-42,text,true,,492,129,100,100,http://localhost:7000/randomRequest,621,0,0
1676157924275,518,HTTP Request,200,,Thread-Gruppe  1-48,text,true,,416,129,100,100,http://localhost:7000/randomRequest,518,0,1
1676157923890,920,HTTP Request,200,,Thread-Gruppe  1-7,text,true,,492,129,100,100,http://localhost:7000/randomRequest,920,0,0
1676157924068,742,HTTP Request,200,,Thread-Gruppe  1-17,text,true,,417,129,100,100,http://localhost:7000/randomRequest,742,0,0
1676157922873,1944,HTTP Request,200,,Thread-Gruppe  1-32,text,true,,532,129,100,100,http://localhost:7000/randomRequest,1944,0,0
1676157924448,409,HTTP Request,200,,Thread-Gruppe  1-22,text,true,,489,129,100,100,http://localhost:7000/randomRequest,409,0,0
1676157923679,1191,HTTP Request,200,,Thread-Gruppe  1-5,text,true,,536,129,100,100,http://localhost:7000/randomRequest,1191,0,0
1676157923759,1120,HTTP Request,200,,Thread-Gruppe  1-93,text,true,,492,129,100,100,http://localhost:7000/randomRequest,1120,0,0
1676157923962,927,HTTP Request,200,,Thread-Gruppe  1-87,text,true,,485,129,100,100,http://localhost:7000/randomRequest,926,0,1
1676157924068,827,HTTP Request,200,,Thread-Gruppe  1-1,text,true,,492,129,100,100,http://localhost:7000/randomRequest,827,0,0
1676157924093,818,HTTP Request,200,,Thread-Gruppe  1-28,text,true,,570,129,100,100,http://localhost:7000/randomRequest,818,0,1
1676157924302,609,HTTP Request,200,,Thread-Gruppe  1-21,text,true,,541,129,100,100,http://localhost:7000/randomRequest,609,0,0
1676157923694,1226,HTTP Request,200,,Thread-Gruppe  1-23,text,true,,488,129,100,100,http://localhost:7000/randomRequest,1226,0,0
1676157924193,739,HTTP Request,200,,Thread-Gruppe  1-38,text,true,,417,129,100,100,http://localhost:7000/randomRequest,739,0,0
1676157924123,820,HTTP Request,200,,Thread-Gruppe  1-37,text,true,,492,129,100,100,http://localhost:7000/randomRequest,820,0,0
1676157924225,718,HTTP Request,200,,Thread-Gruppe  1-29,text,true,,419,129,100,100,http://localhost:7000/randomRequest,718,0,0
1676157924328,615,HTTP Request,200,,Thread-Gruppe  1-100,text,true,,488,129,100,100,http://localhost:7000/randomRequest,615,0,0
1676157924130,821,HTTP Request,200,,Thread-Gruppe  1-11,text,true,,558,129,100,100,http://localhost:7000/randomRequest,821,0,0
1676157924230,721,HTTP Request,200,,Thread-Gruppe  1-50,text,true,,490,129,100,100,http://localhost:7000/randomRequest,721,0,0
1676157924032,919,HTTP Request,200,,Thread-Gruppe  1-34,text,true,,555,129,100,100,http://localhost:7000/randomRequest,919,0,1
1676157923724,1230,HTTP Request,200,,Thread-Gruppe  1-15,text,true,,569,129,100,100,http://localhost:7000/randomRequest,1230,0,0
1676157924482,519,HTTP Request,200,,Thread-Gruppe  1-46,text,true,,416,129,100,100,http://localhost:7000/randomRequest,519,0,0
1676157924202,813,HTTP Request,200,,Thread-Gruppe  1-39,text,true,,564,129,100,100,http://localhost:7000/randomRequest,813,0,1
1676157924206,817,HTTP Request,200,,Thread-Gruppe  1-74,text,true,,553,129,100,100,http://localhost:7000/randomRequest,817,0,0
1676157924357,685,HTTP Request,200,,Thread-Gruppe  1-55,text,true,,481,129,100,100,http://localhost:7000/randomRequest,685,0,0
1676157924424,619,HTTP Request,200,,Thread-Gruppe  1-91,text,true,,485,129,100,100,http://localhost:7000/randomRequest,619,0,1
1676157924225,818,HTTP Request,200,,Thread-Gruppe  1-77,text,true,,551,129,100,100,http://localhost:7000/randomRequest,818,0,0
1676157924540,511,HTTP Request,200,,Thread-Gruppe  1-99,text,true,,488,129,100,100,http://localhost:7000/randomRequest,511,0,1
1676157924544,514,HTTP Request,200,,Thread-Gruppe  1-18,text,true,,558,129,100,100,http://localhost:7000/randomRequest,514,0,1
1676157924544,514,HTTP Request,200,,Thread-Gruppe  1-80,text,true,,554,129,100,100,http://localhost:7000/randomRequest,514,0,1
1676157924240,823,HTTP Request,200,,Thread-Gruppe  1-82,text,true,,418,129,100,100,http://localhost:7000/randomRequest,823,0,1
1676157924241,824,HTTP Request,200,,Thread-Gruppe  1-78,text,true,,417,129,100,100,http://localhost:7000/randomRequest,824,0,0
1676157924548,517,HTTP Request,200,,Thread-Gruppe  1-4,text,true,,556,129,100,100,http://localhost:7000/randomRequest,517,0,0
1676157924142,923,HTTP Request,200,,Thread-Gruppe  1-65,text,true,,492,129,100,100,http://localhost:7000/randomRequest,923,0,0
1676157924360,718,HTTP Request,200,,Thread-Gruppe  1-86,text,true,,419,129,100,100,http://localhost:7000/randomRequest,718,0,0
1676157923795,1323,HTTP Request,200,,Thread-Gruppe  1-24,text,true,,489,129,100,100,http://localhost:7000/randomRequest,1323,0,1
1676157924093,1025,HTTP Request,200,,Thread-Gruppe  1-57,text,true,,492,129,100,100,http://localhost:7000/randomRequest,1025,0,1
1676157924093,1025,HTTP Request,200,,Thread-Gruppe  1-56,text,true,,492,129,100,100,http://localhost:7000/randomRequest,1025,0,1
1676157924142,1002,HTTP Request,200,,Thread-Gruppe  1-26,text,true,,481,129,100,100,http://localhost:7000/randomRequest,1002,0,0
1676157924544,615,HTTP Request,200,,Thread-Gruppe  1-70,text,true,,419,129,100,100,http://localhost:7000/randomRequest,615,0,1
1676157924548,618,HTTP Request,200,,Thread-Gruppe  1-58,text,true,,419,129,100,100,http://localhost:7000/randomRequest,618,0,0
1676157923862,1309,HTTP Request,200,,Thread-Gruppe  1-35,text,true,,643,129,100,100,http://localhost:7000/randomRequest,1309,0,0
1676157924370,833,HTTP Request,200,,Thread-Gruppe  1-6,text,true,,492,129,100,100,http://localhost:7000/randomRequest,832,0,1
1676157924375,828,HTTP Request,200,,Thread-Gruppe  1-19,text,true,,492,129,100,100,http://localhost:7000/randomRequest,827,0,1
1676157924481,725,HTTP Request,200,,Thread-Gruppe  1-53,text,true,,485,129,100,100,http://localhost:7000/randomRequest,725,0,0
1676157924206,1021,HTTP Request,200,,Thread-Gruppe  1-90,text,true,,1019,129,100,100,http://localhost:7000/randomRequest,1021,0,0
1676157924030,1222,HTTP Request,200,,Thread-Gruppe  1-16,text,true,,481,129,100,100,http://localhost:7000/randomRequest,1222,0,0
1676157924142,1138,HTTP Request,200,,Thread-Gruppe  1-40,text,true,,490,129,100,100,http://localhost:7000/randomRequest,1138,0,0
1676157924880,416,HTTP Request,200,,Thread-Gruppe  1-93,text,true,,419,129,100,100,http://localhost:7000/randomRequest,416,0,0
1676157924582,740,HTTP Request,200,,Thread-Gruppe  1-31,text,true,,417,129,100,100,http://localhost:7000/randomRequest,740,0,0
1676157924408,914,HTTP Request,200,,Thread-Gruppe  1-2,text,true,,490,129,100,100,http://localhost:7000/randomRequest,914,0,0
1676157924206,1127,HTTP Request,200,,Thread-Gruppe  1-97,text,true,,541,129,100,100,http://localhost:7000/randomRequest,1127,0,0
1676157924529,822,HTTP Request,200,,Thread-Gruppe  1-62,text,true,,555,129,100,100,http://localhost:7000/randomRequest,822,0,0
1676157924629,722,HTTP Request,200,,Thread-Gruppe  1-81,text,true,,558,129,100,100,http://localhost:7000/randomRequest,722,0,1
1676157924230,1127,HTTP Request,200,,Thread-Gruppe  1-13,text,true,,550,129,100,100,http://localhost:7000/randomRequest,1127,0,0
1676157924551,819,HTTP Request,200,,Thread-Gruppe  1-67,text,true,,403,129,100,100,http://localhost:7000/randomRequest,819,0,1
1676157924857,522,HTTP Request,200,,Thread-Gruppe  1-22,text,true,,549,129,100,100,http://localhost:7000/randomRequest,522,0,1
1676157924558,821,HTTP Request,200,,Thread-Gruppe  1-52,text,true,,481,129,100,100,http://localhost:7000/randomRequest,821,0,1
1676157924357,1025,HTTP Request,200,,Thread-Gruppe  1-96,text,true,,492,129,100,100,http://localhost:7000/randomRequest,1025,0,0
1676157924568,825,HTTP Request,200,,Thread-Gruppe  1-84,text,true,,492,129,100,100,http://localhost:7000/randomRequest,825,0,1
1676157924551,850,HTTP Request,200,,Thread-Gruppe  1-59,text,true,,410,129,100,100,http://localhost:7000/randomRequest,850,0,1
1676157924558,845,HTTP Request,200,,Thread-Gruppe  1-94,text,true,,417,129,100,100,http://localhost:7000/randomRequest,845,0,1
1676157925001,410,HTTP Request,200,,Thread-Gruppe  1-46,text,true,,551,129,100,100,http://localhost:7000/randomRequest,410,0,0
1676157924912,514,HTTP Request,200,,Thread-Gruppe  1-21,text,true,,419,129,100,100,http://localhost:7000/randomRequest,514,0,0
1676157925016,410,HTTP Request,200,,Thread-Gruppe  1-39,text,true,,418,129,100,100,http://localhost:7000/randomRequest,410,0,0
1676157924715,718,HTTP Request,200,,Thread-Gruppe  1-85,text,true,,492,129,100,100,http://localhost:7000/randomRequest,718,0,0
1676157924410,1023,HTTP Request,200,,Thread-Gruppe  1-61,text,true,,485,129,100,100,http://localhost:7000/randomRequest,1023,0,0
1676157924529,926,HTTP Request,200,,Thread-Gruppe  1-75,text,true,,490,129,100,100,http://localhost:7000/randomRequest,926,0,0
1676157924441,1043,HTTP Request,200,,Thread-Gruppe  1-95,text,true,,492,129,100,100,http://localhost:7000/randomRequest,1043,0,0
1676157924640,844,HTTP Request,200,,Thread-Gruppe  1-47,text,true,,417,129,100,100,http://localhost:7000/randomRequest,844,0,1
1676157924775,720,HTTP Request,200,,Thread-Gruppe  1-54,text,true,,419,129,100,100,http://localhost:7000/randomRequest,720,0,0
1676157924889,623,HTTP Request,200,,Thread-Gruppe  1-87,text,true,,489,129,100,100,http://localhost:7000/randomRequest,623,0,0
1676157924896,620,HTTP Request,200,,Thread-Gruppe  1-1,text,true,,419,129,100,100,http://localhost:7000/randomRequest,620,0,0
1676157924605,924,HTTP Request,200,,Thread-Gruppe  1-27,text,true,,403,129,100,100,http://localhost:7000/randomRequest,924,0,0
1676157924123,1413,HTTP Request,200,,Thread-Gruppe  1-14,text,true,,527,129,100,100,http://localhost:7000/randomRequest,1413,0,0
1676157925159,407,HTTP Request,200,,Thread-Gruppe  1-70,text,true,,418,129,100,100,http://localhost:7000/randomRequest,407,0,0
1676157924943,646,HTTP Request,200,,Thread-Gruppe  1-29,text,true,,414,129,100,100,http://localhost:7000/randomRequest,646,0,0
1676157924571,1034,HTTP Request,200,,Thread-Gruppe  1-49,text,true,,492,129,100,100,http://localhost:7000/randomRequest,1034,0,1
1676157924470,1138,HTTP Request,200,,Thread-Gruppe  1-51,text,true,,525,129,100,100,http://localhost:7000/randomRequest,1138,0,0
1676157924410,1206,HTTP Request,200,,Thread-Gruppe  1-12,text,true,,647,129,100,100,http://localhost:7000/randomRequest,1206,0,0
1676157924810,823,HTTP Request,200,,Thread-Gruppe  1-17,text,true,,492,129,100,100,http://localhost:7000/randomRequest,823,0,0
1676157924709,924,HTTP Request,200,,Thread-Gruppe  1-98,text,true,,490,129,100,100,http://localhost:7000/randomRequest,924,0,0
1676157924598,1035,HTTP Request,200,,Thread-Gruppe  1-30,text,true,,492,129,100,100,http://localhost:7000/randomRequest,1035,0,1
1676157924943,708,HTTP Request,200,,Thread-Gruppe  1-100,text,true,,643,129,100,100,http://localhost:7000/randomRequest,708,0,0
1676157924725,926,HTTP Request,200,,Thread-Gruppe  1-33,text,true,,547,129,100,100,http://localhost:7000/randomRequest,926,0,0
1676157924943,719,HTTP Request,200,,Thread-Gruppe  1-37,text,true,,478,129,100,100,http://localhost:7000/randomRequest,719,0,0
1676157925043,619,HTTP Request,200,,Thread-Gruppe  1-91,text,true,,489,129,100,100,http://localhost:7000/randomRequest,619,0,1
1676157924951,715,HTTP Request,200,,Thread-Gruppe  1-34,text,true,,419,129,100,100,http://localhost:7000/randomRequest,715,0,0
1676157925051,615,HTTP Request,200,,Thread-Gruppe  1-99,text,true,,2173,129,100,100,http://localhost:7000/randomRequest,615,0,0
1676157925166,510,HTTP Request,200,,Thread-Gruppe  1-58,text,true,,419,129,100,100,http://localhost:7000/randomRequest,510,0,0
1676157925063,616,HTTP Request,200,,Thread-Gruppe  1-82,text,true,,492,129,100,100,http://localhost:7000/randomRequest,616,0,1
1676157924758,930,HTTP Request,200,,Thread-Gruppe  1-68,text,true,,488,129,100,100,http://localhost:7000/randomRequest,930,0,1
1676157923740,1953,HTTP Request,200,,Thread-Gruppe  1-45,text,true,,643,129,100,100,http://localhost:7000/randomRequest,1953,0,0
1676157924651,1042,HTTP Request,200,,Thread-Gruppe  1-36,text,true,,481,129,100,100,http://localhost:7000/randomRequest,1042,0,0
1676157924579,1122,HTTP Request,200,,Thread-Gruppe  1-76,text,true,,527,129,100,100,http://localhost:7000/randomRequest,1122,0,0
1676157924793,927,HTTP Request,200,,Thread-Gruppe  1-48,text,true,,492,129,100,100,http://localhost:7000/randomRequest,927,0,0
1676157924810,926,HTTP Request,200,,Thread-Gruppe  1-7,text,true,,418,129,100,100,http://localhost:7000/randomRequest,926,0,0
1676157925118,618,HTTP Request,200,,Thread-Gruppe  1-57,text,true,,546,129,100,100,http://localhost:7000/randomRequest,618,0,0
1676157924817,925,HTTP Request,200,,Thread-Gruppe  1-32,text,true,,403,129,100,100,http://localhost:7000/randomRequest,925,0,1
1676157924920,822,HTTP Request,200,,Thread-Gruppe  1-23,text,true,,492,129,100,100,http://localhost:7000/randomRequest,822,0,0
1676157925227,515,HTTP Request,200,,Thread-Gruppe  1-90,text,true,,418,129,100,100,http://localhost:7000/randomRequest,515,0,1
1676157924758,993,HTTP Request,200,,Thread-Gruppe  1-92,text,true,,541,129,100,100,http://localhost:7000/randomRequest,993,0,1
1676157924544,1207,HTTP Request,200,,Thread-Gruppe  1-43,text,true,,493,129,100,100,http://localhost:7000/randomRequest,1207,0,1
1676157924632,1128,HTTP Request,200,,Thread-Gruppe  1-88,text,true,,492,129,100,100,http://localhost:7000/randomRequest,1128,0,1
1676157924870,890,HTTP Request,200,,Thread-Gruppe  1-5,text,true,,541,129,100,100,http://localhost:7000/randomRequest,890,0,0
1676157924954,817,HTTP Request,200,,Thread-Gruppe  1-15,text,true,,485,129,100,100,http://localhost:7000/randomRequest,817,0,0
1676157925252,519,HTTP Request,200,,Thread-Gruppe  1-16,text,true,,419,129,100,100,http://localhost:7000/randomRequest,519,0,1
1676157925066,727,HTTP Request,200,,Thread-Gruppe  1-65,text,true,,419,129,100,100,http://localhost:7000/randomRequest,727,0,0
1676157924912,927,HTTP Request,200,,Thread-Gruppe  1-28,text,true,,486,129,100,100,http://localhost:7000/randomRequest,927,0,0
1676157925023,823,HTTP Request,200,,Thread-Gruppe  1-74,text,true,,419,129,100,100,http://localhost:7000/randomRequest,823,0,0
1676157923727,2134,HTTP Request,200,,Thread-Gruppe  1-20,text,true,,537,129,100,100,http://localhost:7000/randomRequest,2134,0,1
1676157924951,924,HTTP Request,200,,Thread-Gruppe  1-50,text,true,,490,129,100,100,http://localhost:7000/randomRequest,924,0,0
1676157925370,519,HTTP Request,200,,Thread-Gruppe  1-67,text,true,,419,129,100,100,http://localhost:7000/randomRequest,518,0,0
1676157924760,1135,HTTP Request,200,,Thread-Gruppe  1-71,text,true,,489,129,100,100,http://localhost:7000/randomRequest,1135,0,0
1676157925066,829,HTTP Request,200,,Thread-Gruppe  1-78,text,true,,558,129,100,100,http://localhost:7000/randomRequest,829,0,0
1676157924669,1235,HTTP Request,200,,Thread-Gruppe  1-44,text,true,,492,129,100,100,http://localhost:7000/randomRequest,1235,0,0
1676157925333,617,HTTP Request,200,,Thread-Gruppe  1-97,text,true,,563,129,100,100,http://localhost:7000/randomRequest,617,0,0
1676157924932,1024,HTTP Request,200,,Thread-Gruppe  1-38,text,true,,488,129,100,100,http://localhost:7000/randomRequest,1024,0,0
1676157925059,920,HTTP Request,200,,Thread-Gruppe  1-18,text,true,,555,129,100,100,http://localhost:7000/randomRequest,920,0,0
1676157924951,1028,HTTP Request,200,,Thread-Gruppe  1-11,text,true,,485,129,100,100,http://localhost:7000/randomRequest,1028,0,0
1676157925382,618,HTTP Request,200,,Thread-Gruppe  1-96,text,true,,560,129,100,100,http://localhost:7000/randomRequest,618,0,1
1676157925380,620,HTTP Request,200,,Thread-Gruppe  1-52,text,true,,419,129,100,100,http://localhost:7000/randomRequest,620,0,0
1676157924089,1931,HTTP Request,200,,Thread-Gruppe  1-89,text,true,,647,129,100,100,http://localhost:7000/randomRequest,1931,0,0
1676157925203,826,HTTP Request,200,,Thread-Gruppe  1-19,text,true,,403,129,100,100,http://localhost:7000/randomRequest,826,0,0
1676157925322,722,HTTP Request,200,,Thread-Gruppe  1-2,text,true,,489,129,100,100,http://localhost:7000/randomRequest,722,0,0
1676157925118,926,HTTP Request,200,,Thread-Gruppe  1-56,text,true,,492,129,100,100,http://localhost:7000/randomRequest,926,0,0
1676157925433,620,HTTP Request,200,,Thread-Gruppe  1-85,text,true,,485,129,100,100,http://localhost:7000/randomRequest,620,0,0
1676157925351,712,HTTP Request,200,,Thread-Gruppe  1-62,text,true,,485,129,100,100,http://localhost:7000/randomRequest,712,0,1
1676157925144,919,HTTP Request,200,,Thread-Gruppe  1-26,text,true,,486,129,100,100,http://localhost:7000/randomRequest,919,0,1
1676157925043,1034,HTTP Request,200,,Thread-Gruppe  1-77,text,true,,492,129,100,100,http://localhost:7000/randomRequest,1034,0,1
1676157925171,912,HTTP Request,200,,Thread-Gruppe  1-35,text,true,,541,129,100,100,http://localhost:7000/randomRequest,912,0,0
1676157925566,517,HTTP Request,200,,Thread-Gruppe  1-70,text,true,,403,129,100,100,http://localhost:7000/randomRequest,517,0,1
1676157925042,1055,HTTP Request,200,,Thread-Gruppe  1-55,text,true,,678,129,100,100,http://localhost:7000/randomRequest,1055,0,0
1676157924576,1524,HTTP Request,200,,Thread-Gruppe  1-69,text,true,,541,129,100,100,http://localhost:7000/randomRequest,1524,0,1
1676157925206,897,HTTP Request,200,,Thread-Gruppe  1-53,text,true,,633,129,100,100,http://localhost:7000/randomRequest,897,0,0
1676157925589,515,HTTP Request,200,,Thread-Gruppe  1-29,text,true,,561,129,100,100,http://localhost:7000/randomRequest,515,0,0
1676157925484,626,HTTP Request,200,,Thread-Gruppe  1-47,text,true,,418,129,100,100,http://localhost:7000/randomRequest,626,0,0
1676157925296,827,HTTP Request,200,,Thread-Gruppe  1-93,text,true,,488,129,100,100,http://localhost:7000/randomRequest,827,0,1
1676157896046,30081,HTTP Request,500,,Thread-Gruppe  1-41,text,false,,258,129,100,100,http://localhost:7000/randomRequest,30081,0,0
1676157925512,621,HTTP Request,200,,Thread-Gruppe  1-87,text,true,,489,129,100,100,http://localhost:7000/randomRequest,621,0,0
1676157924791,1342,HTTP Request,200,,Thread-Gruppe  1-42,text,true,,481,129,100,100,http://localhost:7000/randomRequest,1342,0,0
1676157925516,626,HTTP Request,200,,Thread-Gruppe  1-1,text,true,,547,129,100,100,http://localhost:7000/randomRequest,626,0,0
1676157925426,718,HTTP Request,200,,Thread-Gruppe  1-21,text,true,,488,129,100,100,http://localhost:7000/randomRequest,718,0,1
1676157924620,1524,HTTP Request,200,,Thread-Gruppe  1-64,text,true,,644,129,100,100,http://localhost:7000/randomRequest,1524,0,0
1676157925742,414,HTTP Request,200,,Thread-Gruppe  1-32,text,true,,553,129,100,100,http://localhost:7000/randomRequest,414,0,0
1676157925651,512,HTTP Request,200,,Thread-Gruppe  1-33,text,true,,419,129,100,100,http://localhost:7000/randomRequest,512,0,1
1676157925662,517,HTTP Request,200,,Thread-Gruppe  1-91,text,true,,559,129,100,100,http://localhost:7000/randomRequest,517,0,0
1676157925679,522,HTTP Request,200,,Thread-Gruppe  1-82,text,true,,551,129,100,100,http://localhost:7000/randomRequest,522,0,1
1676157925078,1142,HTTP Request,200,,Thread-Gruppe  1-86,text,true,,560,129,100,100,http://localhost:7000/randomRequest,1142,0,0
1676157925701,519,HTTP Request,200,,Thread-Gruppe  1-76,text,true,,556,129,100,100,http://localhost:7000/randomRequest,519,0,0
1676157925066,1154,HTTP Request,200,,Thread-Gruppe  1-4,text,true,,415,129,100,100,http://localhost:7000/randomRequest,1154,0,0
1676157925118,1108,HTTP Request,200,,Thread-Gruppe  1-24,text,true,,541,129,100,100,http://localhost:7000/randomRequest,1108,0,0
1676157925633,615,HTTP Request,200,,Thread-Gruppe  1-30,text,true,,556,129,100,100,http://localhost:7000/randomRequest,615,0,0
1676157925455,812,HTTP Request,200,,Thread-Gruppe  1-75,text,true,,490,129,100,100,http://localhost:7000/randomRequest,812,0,0
1676157925357,932,HTTP Request,200,,Thread-Gruppe  1-13,text,true,,554,129,100,100,http://localhost:7000/randomRequest,932,0,0
1676157925059,1230,HTTP Request,200,,Thread-Gruppe  1-80,text,true,,478,129,100,100,http://localhost:7000/randomRequest,1230,0,0
1676157925677,617,HTTP Request,200,,Thread-Gruppe  1-58,text,true,,401,129,100,100,http://localhost:7000/randomRequest,617,0,0
1676157925322,1007,HTTP Request,200,,Thread-Gruppe  1-31,text,true,,631,129,100,100,http://localhost:7000/randomRequest,1007,0,0
1676157925529,823,HTTP Request,200,,Thread-Gruppe  1-27,text,true,,490,129,100,100,http://localhost:7000/randomRequest,823,0,0
1676157925736,616,HTTP Request,200,,Thread-Gruppe  1-7,text,true,,481,129,100,100,http://localhost:7000/randomRequest,616,0,1
1676157925752,608,HTTP Request,200,,Thread-Gruppe  1-43,text,true,,485,129,100,100,http://localhost:7000/randomRequest,608,0,0
1676157925689,719,HTTP Request,200,,Thread-Gruppe  1-68,text,true,,492,129,100,100,http://localhost:7000/randomRequest,719,0,0
1676157925401,1028,HTTP Request,200,,Thread-Gruppe  1-59,text,true,,403,129,100,100,http://localhost:7000/randomRequest,1028,0,0
1676157925605,824,HTTP Request,200,,Thread-Gruppe  1-49,text,true,,403,129,100,100,http://localhost:7000/randomRequest,824,0,0
1676157925895,534,HTTP Request,200,,Thread-Gruppe  1-71,text,true,,670,129,100,100,http://localhost:7000/randomRequest,534,0,0
1676157925426,1028,HTTP Request,200,,Thread-Gruppe  1-39,text,true,,418,129,100,100,http://localhost:7000/randomRequest,1028,0,1
1676157925742,722,HTTP Request,200,,Thread-Gruppe  1-23,text,true,,419,129,100,100,http://localhost:7000/randomRequest,722,0,0
1676157925651,813,HTTP Request,200,,Thread-Gruppe  1-100,text,true,,555,129,100,100,http://localhost:7000/randomRequest,813,0,1
1676157925536,928,HTTP Request,200,,Thread-Gruppe  1-14,text,true,,485,129,100,100,http://localhost:7000/randomRequest,928,0,1
1676157925956,515,HTTP Request,200,,Thread-Gruppe  1-38,text,true,,419,129,100,100,http://localhost:7000/randomRequest,515,0,0
1676157926063,413,HTTP Request,200,,Thread-Gruppe  1-62,text,true,,419,129,100,100,http://localhost:7000/randomRequest,413,0,0
1676157925771,720,HTTP Request,200,,Thread-Gruppe  1-15,text,true,,566,129,100,100,http://localhost:7000/randomRequest,720,0,1
1676157925666,827,HTTP Request,200,,Thread-Gruppe  1-34,text,true,,419,129,100,100,http://localhost:7000/randomRequest,827,0,1
1676157925380,1131,HTTP Request,200,,Thread-Gruppe  1-22,text,true,,419,129,100,100,http://localhost:7000/randomRequest,1131,0,0
1676157926104,407,HTTP Request,200,,Thread-Gruppe  1-53,text,true,,562,129,100,100,http://localhost:7000/randomRequest,407,0,0
1676157925393,1131,HTTP Request,200,,Thread-Gruppe  1-84,text,true,,419,129,100,100,http://localhost:7000/randomRequest,1131,0,0
1676157925742,787,HTTP Request,200,,Thread-Gruppe  1-90,text,true,,647,129,100,100,http://localhost:7000/randomRequest,787,0,0
1676157925721,819,HTTP Request,200,,Thread-Gruppe  1-48,text,true,,550,129,100,100,http://localhost:7000/randomRequest,819,0,0
1676157925203,1340,HTTP Request,200,,Thread-Gruppe  1-6,text,true,,492,129,100,100,http://localhost:7000/randomRequest,1340,0,0
1676157926133,418,HTTP Request,200,,Thread-Gruppe  1-87,text,true,,542,129,100,100,http://localhost:7000/randomRequest,418,0,1
1676157926029,522,HTTP Request,200,,Thread-Gruppe  1-19,text,true,,419,129,100,100,http://localhost:7000/randomRequest,522,0,1
1676157925411,1143,HTTP Request,200,,Thread-Gruppe  1-46,text,true,,419,129,100,100,http://localhost:7000/randomRequest,1143,0,1
1676157925736,818,HTTP Request,200,,Thread-Gruppe  1-57,text,true,,490,129,100,100,http://localhost:7000/randomRequest,818,0,1
1676157925839,717,HTTP Request,200,,Thread-Gruppe  1-28,text,true,,419,129,100,100,http://localhost:7000/randomRequest,717,0,0
1676157925433,1127,HTTP Request,200,,Thread-Gruppe  1-61,text,true,,490,129,100,100,http://localhost:7000/randomRequest,1127,0,0
1676157925861,718,HTTP Request,200,,Thread-Gruppe  1-20,text,true,,403,129,100,100,http://localhost:7000/randomRequest,718,0,0
1676157925761,832,HTTP Request,200,,Thread-Gruppe  1-5,text,true,,484,129,100,100,http://localhost:7000/randomRequest,832,0,0
1676157925875,719,HTTP Request,200,,Thread-Gruppe  1-50,text,true,,418,129,100,100,http://localhost:7000/randomRequest,719,0,1
1676157925980,621,HTTP Request,200,,Thread-Gruppe  1-18,text,true,,488,129,100,100,http://localhost:7000/randomRequest,621,0,0
1676157926098,510,HTTP Request,200,,Thread-Gruppe  1-55,text,true,,403,129,100,100,http://localhost:7000/randomRequest,510,0,0
1676157925793,815,HTTP Request,200,,Thread-Gruppe  1-65,text,true,,548,129,100,100,http://localhost:7000/randomRequest,815,0,0
1676157925609,999,HTTP Request,200,,Thread-Gruppe  1-51,text,true,,643,129,100,100,http://localhost:7000/randomRequest,999,0,0
1676157926100,508,HTTP Request,200,,Thread-Gruppe  1-69,text,true,,488,129,100,100,http://localhost:7000/randomRequest,508,0,0
1676157926000,611,HTTP Request,200,,Thread-Gruppe  1-52,text,true,,566,129,100,100,http://localhost:7000/randomRequest,611,0,0
1676157925693,918,HTTP Request,200,,Thread-Gruppe  1-36,text,true,,556,129,100,100,http://localhost:7000/randomRequest,918,0,0
1676157925280,1331,HTTP Request,200,,Thread-Gruppe  1-40,text,true,,492,129,100,100,http://localhost:7000/randomRequest,1331,0,0
1676157925761,883,HTTP Request,200,,Thread-Gruppe  1-88,text,true,,541,129,100,100,http://localhost:7000/randomRequest,883,0,0
1676157925616,1028,HTTP Request,200,,Thread-Gruppe  1-12,text,true,,419,129,100,100,http://localhost:7000/randomRequest,1028,0,1
1676157926142,512,HTTP Request,200,,Thread-Gruppe  1-1,text,true,,419,129,100,100,http://localhost:7000/randomRequest,512,0,1
1676157926133,521,HTTP Request,200,,Thread-Gruppe  1-42,text,true,,489,129,100,100,http://localhost:7000/randomRequest,521,0,1
1676157926144,515,HTTP Request,200,,Thread-Gruppe  1-64,text,true,,419,129,100,100,http://localhost:7000/randomRequest,515,0,1
1676157926179,514,HTTP Request,200,,Thread-Gruppe  1-91,text,true,,492,129,100,100,http://localhost:7000/randomRequest,514,0,0
1676157926201,509,HTTP Request,200,,Thread-Gruppe  1-82,text,true,,419,129,100,100,http://localhost:7000/randomRequest,509,0,0
1676157926104,607,HTTP Request,200,,Thread-Gruppe  1-29,text,true,,486,129,100,100,http://localhost:7000/randomRequest,607,0,1
1676157925904,818,HTTP Request,200,,Thread-Gruppe  1-44,text,true,,492,129,100,100,http://localhost:7000/randomRequest,818,0,0
1676157925496,1235,HTTP Request,200,,Thread-Gruppe  1-54,text,true,,403,129,100,100,http://localhost:7000/randomRequest,1235,0,0
1676157926329,409,HTTP Request,200,,Thread-Gruppe  1-31,text,true,,419,129,100,100,http://localhost:7000/randomRequest,409,0,0
1676157925633,1113,HTTP Request,200,,Thread-Gruppe  1-17,text,true,,541,129,100,100,http://localhost:7000/randomRequest,1113,0,0
1676157926044,717,HTTP Request,200,,Thread-Gruppe  1-2,text,true,,566,129,100,100,http://localhost:7000/randomRequest,717,0,1
1676157926360,410,HTTP Request,200,,Thread-Gruppe  1-43,text,true,,419,129,100,100,http://localhost:7000/randomRequest,410,0,0
1676157925484,1339,HTTP Request,200,,Thread-Gruppe  1-95,text,true,,556,129,100,100,http://localhost:7000/randomRequest,1339,0,0
1676157926125,718,HTTP Request,200,,Thread-Gruppe  1-41,text,true,,418,129,100,100,http://localhost:7000/randomRequest,718,0,0
1676157926429,414,HTTP Request,200,,Thread-Gruppe  1-59,text,true,,569,129,100,100,http://localhost:7000/randomRequest,414,0,0
1676157926020,823,HTTP Request,200,,Thread-Gruppe  1-89,text,true,,418,129,100,100,http://localhost:7000/randomRequest,823,0,0
1676157925752,1099,HTTP Request,200,,Thread-Gruppe  1-92,text,true,,541,129,100,100,http://localhost:7000/randomRequest,1099,0,0
1676157926352,515,HTTP Request,200,,Thread-Gruppe  1-7,text,true,,552,129,100,100,http://localhost:7000/randomRequest,515,0,1
1676157926054,817,HTTP Request,200,,Thread-Gruppe  1-85,text,true,,419,129,100,100,http://localhost:7000/randomRequest,817,0,0
1676157926063,830,HTTP Request,200,,Thread-Gruppe  1-26,text,true,,569,129,100,100,http://localhost:7000/randomRequest,830,0,0
1676157926000,893,HTTP Request,200,,Thread-Gruppe  1-96,text,true,,643,129,100,100,http://localhost:7000/randomRequest,893,0,0
1676157925889,1004,HTTP Request,200,,Thread-Gruppe  1-67,text,true,,643,129,100,100,http://localhost:7000/randomRequest,1004,0,0
1676157925667,1226,HTTP Request,200,,Thread-Gruppe  1-99,text,true,,643,129,100,100,http://localhost:7000/randomRequest,1226,0,0
1676157926491,410,HTTP Request,200,,Thread-Gruppe  1-15,text,true,,553,129,100,100,http://localhost:7000/randomRequest,410,0,1
1676157926078,826,HTTP Request,200,,Thread-Gruppe  1-77,text,true,,415,129,100,100,http://localhost:7000/randomRequest,826,0,0
1676157926220,713,HTTP Request,200,,Thread-Gruppe  1-76,text,true,,492,129,100,100,http://localhost:7000/randomRequest,713,0,1
1676157925403,1536,HTTP Request,200,,Thread-Gruppe  1-94,text,true,,492,129,100,100,http://localhost:7000/randomRequest,1536,0,1
1676157926429,539,HTTP Request,200,,Thread-Gruppe  1-49,text,true,,417,129,100,100,http://localhost:7000/randomRequest,539,0,0
1676157926248,720,HTTP Request,200,,Thread-Gruppe  1-30,text,true,,556,129,100,100,http://localhost:7000/randomRequest,720,0,1
1676157926352,616,HTTP Request,200,,Thread-Gruppe  1-27,text,true,,539,129,100,100,http://localhost:7000/randomRequest,616,0,1
1676157926156,815,HTTP Request,200,,Thread-Gruppe  1-32,text,true,,554,129,100,100,http://localhost:7000/randomRequest,815,0,1
1676157925846,1125,HTTP Request,200,,Thread-Gruppe  1-74,text,true,,485,129,100,100,http://localhost:7000/randomRequest,1125,0,0
1676157925980,991,HTTP Request,200,,Thread-Gruppe  1-11,text,true,,643,129,100,100,http://localhost:7000/randomRequest,991,0,0
1676157925950,1021,HTTP Request,200,,Thread-Gruppe  1-97,text,true,,492,129,100,100,http://localhost:7000/randomRequest,1021,0,0
1676157926163,818,HTTP Request,200,,Thread-Gruppe  1-33,text,true,,492,129,100,100,http://localhost:7000/randomRequest,818,0,1
1676157926110,924,HTTP Request,200,,Thread-Gruppe  1-47,text,true,,485,129,100,100,http://localhost:7000/randomRequest,924,0,0
1676157926220,814,HTTP Request,200,,Thread-Gruppe  1-86,text,true,,419,129,100,100,http://localhost:7000/randomRequest,814,0,1
1676157926226,813,HTTP Request,200,,Thread-Gruppe  1-24,text,true,,483,129,100,100,http://localhost:7000/randomRequest,813,0,0
1676157925633,1435,HTTP Request,200,,Thread-Gruppe  1-98,text,true,,541,129,100,100,http://localhost:7000/randomRequest,1435,0,0
1676157926465,606,HTTP Request,200,,Thread-Gruppe  1-100,text,true,,419,129,100,100,http://localhost:7000/randomRequest,606,0,0
1676157926465,606,HTTP Request,200,,Thread-Gruppe  1-14,text,true,,548,129,100,100,http://localhost:7000/randomRequest,606,0,0
1676157925693,1390,HTTP Request,200,,Thread-Gruppe  1-45,text,true,,643,129,100,100,http://localhost:7000/randomRequest,1390,0,0
1676157926472,622,HTTP Request,200,,Thread-Gruppe  1-38,text,true,,479,129,100,100,http://localhost:7000/randomRequest,622,0,0
1676157925895,1206,HTTP Request,200,,Thread-Gruppe  1-78,text,true,,527,129,100,100,http://localhost:7000/randomRequest,1206,0,0
1676157926477,624,HTTP Request,200,,Thread-Gruppe  1-62,text,true,,486,129,100,100,http://localhost:7000/randomRequest,624,0,0
1676157926511,615,HTTP Request,200,,Thread-Gruppe  1-22,text,true,,419,129,100,100,http://localhost:7000/randomRequest,615,0,0
1676157897071,30059,HTTP Request,500,,Thread-Gruppe  1-72,text,false,,258,129,100,100,http://localhost:7000/randomRequest,30059,0,1
1676157926843,305,HTTP Request,200,,Thread-Gruppe  1-59,text,true,,419,129,100,100,http://localhost:7000/randomRequest,305,0,0
1676157926644,515,HTTP Request,200,,Thread-Gruppe  1-12,text,true,,419,129,100,100,http://localhost:7000/randomRequest,515,0,1
1676157925351,1821,HTTP Request,200,,Thread-Gruppe  1-81,text,true,,536,129,100,100,http://localhost:7000/randomRequest,1821,0,1
1676157926465,710,HTTP Request,200,,Thread-Gruppe  1-23,text,true,,492,129,100,100,http://localhost:7000/randomRequest,710,0,0
1676157926083,1092,HTTP Request,200,,Thread-Gruppe  1-70,text,true,,495,129,100,100,http://localhost:7000/randomRequest,1092,0,0
1676157926294,895,HTTP Request,200,,Thread-Gruppe  1-58,text,true,,537,129,100,100,http://localhost:7000/randomRequest,895,0,0
1676157925662,1542,HTTP Request,200,,Thread-Gruppe  1-37,text,true,,526,129,100,100,http://localhost:7000/randomRequest,1542,0,0
1676157926529,683,HTTP Request,200,,Thread-Gruppe  1-90,text,true,,643,129,100,100,http://localhost:7000/randomRequest,683,0,1
1676157926289,923,HTTP Request,200,,Thread-Gruppe  1-13,text,true,,484,129,100,100,http://localhost:7000/randomRequest,923,0,0
1676157926843,409,HTTP Request,200,,Thread-Gruppe  1-41,text,true,,485,129,100,100,http://localhost:7000/randomRequest,409,0,0
1676157926655,617,HTTP Request,200,,Thread-Gruppe  1-1,text,true,,574,129,100,100,http://localhost:7000/randomRequest,617,0,0
1676157926554,718,HTTP Request,200,,Thread-Gruppe  1-57,text,true,,403,129,100,100,http://localhost:7000/randomRequest,718,0,1
1676157926560,715,HTTP Request,200,,Thread-Gruppe  1-61,text,true,,403,129,100,100,http://localhost:7000/randomRequest,715,0,1
1676157926556,744,HTTP Request,200,,Thread-Gruppe  1-28,text,true,,417,129,100,100,http://localhost:7000/randomRequest,744,0,0
1676157926893,411,HTTP Request,200,,Thread-Gruppe  1-26,text,true,,417,129,100,100,http://localhost:7000/randomRequest,411,0,0
1676157926594,718,HTTP Request,200,,Thread-Gruppe  1-50,text,true,,538,129,100,100,http://localhost:7000/randomRequest,718,0,0
1676157926593,719,HTTP Request,200,,Thread-Gruppe  1-5,text,true,,418,129,100,100,http://localhost:7000/randomRequest,719,0,0
1676157926609,720,HTTP Request,200,,Thread-Gruppe  1-69,text,true,,417,129,100,100,http://localhost:7000/randomRequest,720,0,0
1676157926710,619,HTTP Request,200,,Thread-Gruppe  1-82,text,true,,419,129,100,100,http://localhost:7000/randomRequest,619,0,0
1676157926543,818,HTTP Request,200,,Thread-Gruppe  1-6,text,true,,558,129,100,100,http://localhost:7000/randomRequest,818,0,0
1676157926851,510,HTTP Request,200,,Thread-Gruppe  1-92,text,true,,419,129,100,100,http://localhost:7000/randomRequest,510,0,0
1676157926429,943,HTTP Request,200,,Thread-Gruppe  1-71,text,true,,672,129,100,100,http://localhost:7000/randomRequest,943,0,0
1676157926551,821,HTTP Request,200,,Thread-Gruppe  1-87,text,true,,403,129,100,100,http://localhost:7000/randomRequest,821,0,0
1676157926554,818,HTTP Request,200,,Thread-Gruppe  1-46,text,true,,492,129,100,100,http://localhost:7000/randomRequest,818,0,1
1676157926551,821,HTTP Request,200,,Thread-Gruppe  1-19,text,true,,487,129,100,100,http://localhost:7000/randomRequest,821,0,0
1676157926771,618,HTTP Request,200,,Thread-Gruppe  1-43,text,true,,490,129,100,100,http://localhost:7000/randomRequest,618,0,0
1676157926739,650,HTTP Request,200,,Thread-Gruppe  1-31,text,true,,417,129,100,100,http://localhost:7000/randomRequest,650,0,0
1676157926609,795,HTTP Request,200,,Thread-Gruppe  1-51,text,true,,541,129,100,100,http://localhost:7000/randomRequest,795,0,0
1676157926893,512,HTTP Request,200,,Thread-Gruppe  1-99,text,true,,419,129,100,100,http://localhost:7000/randomRequest,512,0,0
1676157926493,920,HTTP Request,200,,Thread-Gruppe  1-34,text,true,,492,129,100,100,http://localhost:7000/randomRequest,920,0,0
1676157925771,1642,HTTP Request,200,,Thread-Gruppe  1-16,text,true,,492,129,100,100,http://localhost:7000/randomRequest,1642,0,1
1676157926511,918,HTTP Request,200,,Thread-Gruppe  1-53,text,true,,403,129,100,100,http://localhost:7000/randomRequest,918,0,0
1676157926732,718,HTTP Request,200,,Thread-Gruppe  1-54,text,true,,419,129,100,100,http://localhost:7000/randomRequest,718,0,0
1676157927148,313,HTTP Request,200,,Thread-Gruppe  1-59,text,true,,485,129,100,100,http://localhost:7000/randomRequest,313,0,0
1676157926268,1195,HTTP Request,200,,Thread-Gruppe  1-75,text,true,,633,129,100,100,http://localhost:7000/randomRequest,1195,0,0
1676157926968,507,HTTP Request,200,,Thread-Gruppe  1-49,text,true,,545,129,100,100,http://localhost:7000/randomRequest,507,0,0
1676157926868,607,HTTP Request,200,,Thread-Gruppe  1-7,text,true,,554,129,100,100,http://localhost:7000/randomRequest,607,0,0
1676157926971,506,HTTP Request,200,,Thread-Gruppe  1-74,text,true,,483,129,100,100,http://localhost:7000/randomRequest,506,0,1
1676157927071,407,HTTP Request,200,,Thread-Gruppe  1-14,text,true,,551,129,100,100,http://localhost:7000/randomRequest,407,0,0
1676157926611,922,HTTP Request,200,,Thread-Gruppe  1-40,text,true,,418,129,100,100,http://localhost:7000/randomRequest,922,0,0
1676157926123,1432,HTTP Request,200,,Thread-Gruppe  1-93,text,true,,485,129,100,100,http://localhost:7000/randomRequest,1432,0,1
1676157926843,720,HTTP Request,200,,Thread-Gruppe  1-89,text,true,,563,129,100,100,http://localhost:7000/randomRequest,720,0,0
1676157926044,1536,HTTP Request,200,,Thread-Gruppe  1-56,text,true,,492,129,100,100,http://localhost:7000/randomRequest,1536,0,1
1676157926660,920,HTTP Request,200,,Thread-Gruppe  1-64,text,true,,419,129,100,100,http://localhost:7000/randomRequest,920,0,0
1676157927071,509,HTTP Request,200,,Thread-Gruppe  1-100,text,true,,419,129,100,100,http://localhost:7000/randomRequest,509,0,0
1676157926981,612,HTTP Request,200,,Thread-Gruppe  1-33,text,true,,419,129,100,100,http://localhost:7000/randomRequest,612,0,0
1676157926823,789,HTTP Request,200,,Thread-Gruppe  1-95,text,true,,536,129,100,100,http://localhost:7000/randomRequest,789,0,1
1676157926579,1041,HTTP Request,200,,Thread-Gruppe  1-20,text,true,,417,129,100,100,http://localhost:7000/randomRequest,1041,0,1
1676157926289,1331,HTTP Request,200,,Thread-Gruppe  1-80,text,true,,419,129,100,100,http://localhost:7000/randomRequest,1331,0,0
1676157926939,729,HTTP Request,200,,Thread-Gruppe  1-94,text,true,,419,129,100,100,http://localhost:7000/randomRequest,729,0,0
1676157927068,616,HTTP Request,200,,Thread-Gruppe  1-98,text,true,,486,129,100,100,http://localhost:7000/randomRequest,616,0,0
1676157926968,716,HTTP Request,200,,Thread-Gruppe  1-30,text,true,,490,129,100,100,http://localhost:7000/randomRequest,716,0,0
1676157926693,991,HTTP Request,200,,Thread-Gruppe  1-91,text,true,,491,129,100,100,http://localhost:7000/randomRequest,991,0,0
1676157927175,509,HTTP Request,200,,Thread-Gruppe  1-70,text,true,,403,129,100,100,http://localhost:7000/randomRequest,509,0,1
1676157926871,823,HTTP Request,200,,Thread-Gruppe  1-85,text,true,,492,129,100,100,http://localhost:7000/randomRequest,823,0,0
1676157927084,616,HTTP Request,200,,Thread-Gruppe  1-45,text,true,,403,129,100,100,http://localhost:7000/randomRequest,616,0,0
1676157926893,822,HTTP Request,200,,Thread-Gruppe  1-96,text,true,,416,129,100,100,http://localhost:7000/randomRequest,822,0,0
1676157926408,1307,HTTP Request,200,,Thread-Gruppe  1-68,text,true,,647,129,100,100,http://localhost:7000/randomRequest,1307,0,0
1676157926644,1095,HTTP Request,200,,Thread-Gruppe  1-88,text,true,,647,129,100,100,http://localhost:7000/randomRequest,1095,0,1
1676157926611,1128,HTTP Request,200,,Thread-Gruppe  1-52,text,true,,564,129,100,100,http://localhost:7000/randomRequest,1128,0,0
1676157926540,1203,HTTP Request,200,,Thread-Gruppe  1-48,text,true,,537,129,100,100,http://localhost:7000/randomRequest,1203,0,0
1676157926609,1134,HTTP Request,200,,Thread-Gruppe  1-55,text,true,,418,129,100,100,http://localhost:7000/randomRequest,1134,0,0
1676157927034,721,HTTP Request,200,,Thread-Gruppe  1-47,text,true,,403,129,100,100,http://localhost:7000/randomRequest,721,0,0
1676157926524,1231,HTTP Request,200,,Thread-Gruppe  1-84,text,true,,488,129,100,100,http://localhost:7000/randomRequest,1231,0,1
1676157927034,721,HTTP Request,200,,Thread-Gruppe  1-86,text,true,,481,129,100,100,http://localhost:7000/randomRequest,721,0,0
1676157926761,1011,HTTP Request,200,,Thread-Gruppe  1-2,text,true,,534,129,100,100,http://localhost:7000/randomRequest,1011,0,0
1676157927275,514,HTTP Request,200,,Thread-Gruppe  1-61,text,true,,419,129,100,100,http://localhost:7000/randomRequest,514,0,1
1676157926144,1645,HTTP Request,200,,Thread-Gruppe  1-21,text,true,,492,129,100,100,http://localhost:7000/randomRequest,1645,0,1
1676157927094,724,HTTP Request,200,,Thread-Gruppe  1-38,text,true,,492,129,100,100,http://localhost:7000/randomRequest,724,0,0
1676157926601,1219,HTTP Request,200,,Thread-Gruppe  1-18,text,true,,403,129,100,100,http://localhost:7000/randomRequest,1219,0,0
1676157927312,518,HTTP Request,200,,Thread-Gruppe  1-5,text,true,,419,129,100,100,http://localhost:7000/randomRequest,518,0,1
1676157927212,621,HTTP Request,200,,Thread-Gruppe  1-90,text,true,,550,129,100,100,http://localhost:7000/randomRequest,621,0,1
1676157927329,514,HTTP Request,200,,Thread-Gruppe  1-82,text,true,,415,129,100,100,http://localhost:7000/randomRequest,514,0,1
1676157927126,1028,HTTP Request,200,,Thread-Gruppe  1-22,text,true,,419,129,100,100,http://localhost:7000/randomRequest,1028,0,0
1676157926220,1942,HTTP Request,200,,Thread-Gruppe  1-4,text,true,,492,129,100,100,http://localhost:7000/randomRequest,1942,0,1
1676157926971,1229,HTTP Request,200,,Thread-Gruppe  1-11,text,true,,415,129,100,100,http://localhost:7000/randomRequest,1229,0,1
1676157927101,1099,HTTP Request,200,,Thread-Gruppe  1-78,text,true,,481,129,100,100,http://localhost:7000/randomRequest,1099,0,0
1676157927580,621,HTTP Request,200,,Thread-Gruppe  1-64,text,true,,490,129,100,100,http://localhost:7000/randomRequest,621,0,0
1676157927477,726,HTTP Request,200,,Thread-Gruppe  1-74,text,true,,568,129,100,100,http://localhost:7000/randomRequest,726,0,1
1676157927475,728,HTTP Request,200,,Thread-Gruppe  1-49,text,true,,492,129,100,100,http://localhost:7000/randomRequest,728,0,0
1676157926968,1235,HTTP Request,200,,Thread-Gruppe  1-27,text,true,,552,129,100,100,http://localhost:7000/randomRequest,1235,0,0
1676157927372,831,HTTP Request,200,,Thread-Gruppe  1-46,text,true,,538,129,100,100,http://localhost:7000/randomRequest,831,0,1
1676157927372,831,HTTP Request,200,,Thread-Gruppe  1-19,text,true,,485,129,100,100,http://localhost:7000/randomRequest,831,0,1
1676157927175,1028,HTTP Request,200,,Thread-Gruppe  1-23,text,true,,553,129,100,100,http://localhost:7000/randomRequest,1028,0,1
1676157927478,725,HTTP Request,200,,Thread-Gruppe  1-14,text,true,,537,129,100,100,http://localhost:7000/randomRequest,725,0,0
1676157927684,520,HTTP Request,200,,Thread-Gruppe  1-98,text,true,,488,129,100,100,http://localhost:7000/randomRequest,520,0,0
1676157927684,520,HTTP Request,200,,Thread-Gruppe  1-91,text,true,,556,129,100,100,http://localhost:7000/randomRequest,520,0,0
1676157927593,611,HTTP Request,200,,Thread-Gruppe  1-33,text,true,,538,129,100,100,http://localhost:7000/randomRequest,611,0,0
1676157927389,822,HTTP Request,200,,Thread-Gruppe  1-31,text,true,,545,129,100,100,http://localhost:7000/randomRequest,822,0,0
1676157927700,511,HTTP Request,200,,Thread-Gruppe  1-45,text,true,,551,129,100,100,http://localhost:7000/randomRequest,511,0,0
1676157926971,1249,HTTP Request,200,,Thread-Gruppe  1-97,text,true,,417,129,100,100,http://localhost:7000/randomRequest,1249,0,1
1676157927580,640,HTTP Request,200,,Thread-Gruppe  1-100,text,true,,674,129,100,100,http://localhost:7000/randomRequest,640,0,0
1676157927715,508,HTTP Request,200,,Thread-Gruppe  1-96,text,true,,403,129,100,100,http://localhost:7000/randomRequest,508,0,0
1676157927304,923,HTTP Request,200,,Thread-Gruppe  1-26,text,true,,478,129,100,100,http://localhost:7000/randomRequest,923,0,0
1676157927612,616,HTTP Request,200,,Thread-Gruppe  1-95,text,true,,403,129,100,100,http://localhost:7000/randomRequest,616,0,0
1676157927300,930,HTTP Request,200,,Thread-Gruppe  1-28,text,true,,418,129,100,100,http://localhost:7000/randomRequest,930,0,0
1676157926893,1337,HTTP Request,200,,Thread-Gruppe  1-67,text,true,,492,129,100,100,http://localhost:7000/randomRequest,1337,0,0
1676157927128,1102,HTTP Request,200,,Thread-Gruppe  1-72,text,true,,643,129,100,100,http://localhost:7000/randomRequest,1102,0,0
1676157927204,1026,HTTP Request,200,,Thread-Gruppe  1-37,text,true,,417,129,100,100,http://localhost:7000/randomRequest,1026,0,1
1676157927101,1129,HTTP Request,200,,Thread-Gruppe  1-62,text,true,,490,129,100,100,http://localhost:7000/randomRequest,1129,0,0
1676157927413,842,HTTP Request,200,,Thread-Gruppe  1-16,text,true,,419,129,100,100,http://localhost:7000/randomRequest,842,0,0
1676157927212,1043,HTTP Request,200,,Thread-Gruppe  1-13,text,true,,418,129,100,100,http://localhost:7000/randomRequest,1043,0,1
1676157927620,635,HTTP Request,200,,Thread-Gruppe  1-80,text,true,,570,129,100,100,http://localhost:7000/randomRequest,635,0,0
1676157927312,943,HTTP Request,200,,Thread-Gruppe  1-50,text,true,,481,129,100,100,http://localhost:7000/randomRequest,943,0,1
1676157927743,516,HTTP Request,200,,Thread-Gruppe  1-55,text,true,,419,129,100,100,http://localhost:7000/randomRequest,516,0,0
1676157926611,1648,HTTP Request,200,,Thread-Gruppe  1-36,text,true,,488,129,100,100,http://localhost:7000/randomRequest,1648,0,0
1676157927534,725,HTTP Request,200,,Thread-Gruppe  1-40,text,true,,559,129,100,100,http://localhost:7000/randomRequest,725,0,0
1676157926711,1548,HTTP Request,200,,Thread-Gruppe  1-29,text,true,,492,129,100,100,http://localhost:7000/randomRequest,1548,0,1
1676157927329,930,HTTP Request,200,,Thread-Gruppe  1-69,text,true,,492,129,100,100,http://localhost:7000/randomRequest,930,0,0
1676157927739,520,HTTP Request,200,,Thread-Gruppe  1-88,text,true,,558,129,100,100,http://localhost:7000/randomRequest,520,0,0
1676157927475,790,HTTP Request,200,,Thread-Gruppe  1-7,text,true,,481,129,100,100,http://localhost:7000/randomRequest,790,0,0
1676157927039,1228,HTTP Request,200,,Thread-Gruppe  1-24,text,true,,419,129,100,100,http://localhost:7000/randomRequest,1228,0,1
1676157926454,1815,HTTP Request,200,,Thread-Gruppe  1-39,text,true,,541,129,100,100,http://localhost:7000/randomRequest,1815,0,0
1676157927450,819,HTTP Request,200,,Thread-Gruppe  1-54,text,true,,492,129,100,100,http://localhost:7000/randomRequest,819,0,1
1676157927555,723,HTTP Request,200,,Thread-Gruppe  1-93,text,true,,485,129,100,100,http://localhost:7000/randomRequest,723,0,0
1676157927160,1129,HTTP Request,200,,Thread-Gruppe  1-12,text,true,,489,129,100,100,http://localhost:7000/randomRequest,1129,0,0
1676157927461,828,HTTP Request,200,,Thread-Gruppe  1-59,text,true,,558,129,100,100,http://localhost:7000/randomRequest,828,0,1
1676157926655,1634,HTTP Request,200,,Thread-Gruppe  1-42,text,true,,537,129,100,100,http://localhost:7000/randomRequest,1634,0,0
1676157927361,928,HTTP Request,200,,Thread-Gruppe  1-6,text,true,,419,129,100,100,http://localhost:7000/randomRequest,928,0,1
1676157927563,726,HTTP Request,200,,Thread-Gruppe  1-89,text,true,,492,129,100,100,http://localhost:7000/randomRequest,726,0,1
1676157927172,1130,HTTP Request,200,,Thread-Gruppe  1-81,text,true,,490,129,100,100,http://localhost:7000/randomRequest,1130,0,0
1676157927372,933,HTTP Request,200,,Thread-Gruppe  1-87,text,true,,489,129,100,100,http://localhost:7000/randomRequest,933,0,1
1676157926971,1334,HTTP Request,200,,Thread-Gruppe  1-32,text,true,,492,129,100,100,http://localhost:7000/randomRequest,1334,0,1
1676157927694,618,HTTP Request,200,,Thread-Gruppe  1-85,text,true,,490,129,100,100,http://localhost:7000/randomRequest,618,0,1
1676157927389,923,HTTP Request,200,,Thread-Gruppe  1-43,text,true,,568,129,100,100,http://localhost:7000/randomRequest,923,0,0
1676157927252,1139,HTTP Request,200,,Thread-Gruppe  1-41,text,true,,552,129,100,100,http://localhost:7000/randomRequest,1139,0,1
1676157927272,1134,HTTP Request,200,,Thread-Gruppe  1-57,text,true,,485,129,100,100,http://localhost:7000/randomRequest,1134,0,0
1676157927789,617,HTTP Request,200,,Thread-Gruppe  1-61,text,true,,417,129,100,100,http://localhost:7000/randomRequest,617,0,0
1676157926904,1502,HTTP Request,200,,Thread-Gruppe  1-77,text,true,,647,129,100,100,http://localhost:7000/randomRequest,1502,0,1
1676157927405,1026,HTTP Request,200,,Thread-Gruppe  1-99,text,true,,562,129,100,100,http://localhost:7000/randomRequest,1026,0,0
1676157927404,1040,HTTP Request,200,,Thread-Gruppe  1-51,text,true,,490,129,100,100,http://localhost:7000/randomRequest,1040,0,0
1676157927413,1038,HTTP Request,200,,Thread-Gruppe  1-34,text,true,,558,129,100,100,http://localhost:7000/randomRequest,1038,0,0
1676157927739,712,HTTP Request,200,,Thread-Gruppe  1-52,text,true,,645,129,100,100,http://localhost:7000/randomRequest,712,0,0
1676157927620,831,HTTP Request,200,,Thread-Gruppe  1-20,text,true,,492,129,100,100,http://localhost:7000/randomRequest,831,0,0
1676157926609,1852,HTTP Request,200,,Thread-Gruppe  1-65,text,true,,490,129,100,100,http://localhost:7000/randomRequest,1852,0,0
1676157927715,746,HTTP Request,200,,Thread-Gruppe  1-68,text,true,,417,129,100,100,http://localhost:7000/randomRequest,746,0,0
1676157927743,718,HTTP Request,200,,Thread-Gruppe  1-48,text,true,,550,129,100,100,http://localhost:7000/randomRequest,718,0,0
1676157927430,1031,HTTP Request,200,,Thread-Gruppe  1-53,text,true,,492,129,100,100,http://localhost:7000/randomRequest,1031,0,0
1676157927756,714,HTTP Request,200,,Thread-Gruppe  1-47,text,true,,554,129,100,100,http://localhost:7000/randomRequest,714,0,0
1676157927756,714,HTTP Request,200,,Thread-Gruppe  1-86,text,true,,549,129,100,100,http://localhost:7000/randomRequest,714,0,0
1676157927684,789,HTTP Request,200,,Thread-Gruppe  1-30,text,true,,527,129,100,100,http://localhost:7000/randomRequest,789,0,0
1676157927756,739,HTTP Request,200,,Thread-Gruppe  1-84,text,true,,417,129,100,100,http://localhost:7000/randomRequest,739,0,0
1676157927361,1134,HTTP Request,200,,Thread-Gruppe  1-92,text,true,,481,129,100,100,http://localhost:7000/randomRequest,1134,0,1
1676157927463,1032,HTTP Request,200,,Thread-Gruppe  1-75,text,true,,558,129,100,100,http://localhost:7000/randomRequest,1032,0,1
1676157927580,927,HTTP Request,200,,Thread-Gruppe  1-56,text,true,,492,129,100,100,http://localhost:7000/randomRequest,927,0,0
1676157927789,718,HTTP Request,200,,Thread-Gruppe  1-21,text,true,,546,129,100,100,http://localhost:7000/randomRequest,718,0,0
1676157927372,1135,HTTP Request,200,,Thread-Gruppe  1-71,text,true,,1843,129,100,100,http://localhost:7000/randomRequest,1135,0,1
1676157927272,1245,HTTP Request,200,,Thread-Gruppe  1-1,text,true,,417,129,100,100,http://localhost:7000/randomRequest,1245,0,0
1676157927830,726,HTTP Request,200,,Thread-Gruppe  1-5,text,true,,492,129,100,100,http://localhost:7000/randomRequest,726,0,0
1676157927821,743,HTTP Request,200,,Thread-Gruppe  1-18,text,true,,414,129,100,100,http://localhost:7000/randomRequest,743,0,0
1676157928163,410,HTTP Request,200,,Thread-Gruppe  1-4,text,true,,490,129,100,100,http://localhost:7000/randomRequest,410,0,0
1676157927668,930,HTTP Request,200,,Thread-Gruppe  1-94,text,true,,492,129,100,100,http://localhost:7000/randomRequest,930,0,0
1676157928204,415,HTTP Request,200,,Thread-Gruppe  1-91,text,true,,419,129,100,100,http://localhost:7000/randomRequest,415,0,1
1676157926901,1749,HTTP Request,200,,Thread-Gruppe  1-15,text,true,,647,129,100,100,http://localhost:7000/randomRequest,1749,0,0
1676157898524,30160,HTTP Request,500,,Thread-Gruppe  1-3,text,false,,258,129,100,100,http://localhost:7000/randomRequest,30160,0,0
1676157927843,845,HTTP Request,200,,Thread-Gruppe  1-82,text,true,,679,129,100,100,http://localhost:7000/randomRequest,845,0,0
1676157927772,929,HTTP Request,200,,Thread-Gruppe  1-2,text,true,,419,129,100,100,http://localhost:7000/randomRequest,929,0,0
1676157928201,510,HTTP Request,200,,Thread-Gruppe  1-11,text,true,,489,129,100,100,http://localhost:7000/randomRequest,510,0,0
1676157928204,519,HTTP Request,200,,Thread-Gruppe  1-33,text,true,,419,129,100,100,http://localhost:7000/randomRequest,519,0,1
1676157928203,532,HTTP Request,200,,Thread-Gruppe  1-19,text,true,,417,129,100,100,http://localhost:7000/randomRequest,532,0,1
1676157928223,512,HTTP Request,200,,Thread-Gruppe  1-96,text,true,,492,129,100,100,http://localhost:7000/randomRequest,512,0,0
1676157928312,435,HTTP Request,200,,Thread-Gruppe  1-85,text,true,,562,129,100,100,http://localhost:7000/randomRequest,435,0,0
1676157927818,935,HTTP Request,200,,Thread-Gruppe  1-38,text,true,,555,129,100,100,http://localhost:7000/randomRequest,935,0,0
1676157928230,537,HTTP Request,200,,Thread-Gruppe  1-62,text,true,,485,129,100,100,http://localhost:7000/randomRequest,537,0,0
1676157928154,616,HTTP Request,200,,Thread-Gruppe  1-22,text,true,,492,129,100,100,http://localhost:7000/randomRequest,616,0,1
1676157928256,514,HTTP Request,200,,Thread-Gruppe  1-16,text,true,,486,129,100,100,http://localhost:7000/randomRequest,514,0,0
1676157928256,514,HTTP Request,200,,Thread-Gruppe  1-50,text,true,,556,129,100,100,http://localhost:7000/randomRequest,514,0,0
1676157928259,511,HTTP Request,200,,Thread-Gruppe  1-55,text,true,,565,129,100,100,http://localhost:7000/randomRequest,511,0,0
1676157928265,514,HTTP Request,200,,Thread-Gruppe  1-7,text,true,,419,129,100,100,http://localhost:7000/randomRequest,514,0,0
1676157928289,521,HTTP Request,200,,Thread-Gruppe  1-89,text,true,,418,129,100,100,http://localhost:7000/randomRequest,521,0,0
1676157928303,510,HTTP Request,200,,Thread-Gruppe  1-81,text,true,,492,129,100,100,http://localhost:7000/randomRequest,510,0,0
1676157928306,517,HTTP Request,200,,Thread-Gruppe  1-32,text,true,,562,129,100,100,http://localhost:7000/randomRequest,517,0,0
1676157928204,622,HTTP Request,200,,Thread-Gruppe  1-98,text,true,,525,129,100,100,http://localhost:7000/randomRequest,622,0,1
1676157928203,623,HTTP Request,200,,Thread-Gruppe  1-23,text,true,,419,129,100,100,http://localhost:7000/randomRequest,623,0,1
1676157928211,622,HTTP Request,200,,Thread-Gruppe  1-31,text,true,,569,129,100,100,http://localhost:7000/randomRequest,622,0,0
1676157928220,618,HTTP Request,200,,Thread-Gruppe  1-100,text,true,,483,129,100,100,http://localhost:7000/randomRequest,618,0,1
1676157926723,2131,HTTP Request,200,,Thread-Gruppe  1-44,text,true,,633,129,100,100,http://localhost:7000/randomRequest,2131,0,0
1676157928230,630,HTTP Request,200,,Thread-Gruppe  1-72,text,true,,419,129,100,100,http://localhost:7000/randomRequest,630,0,0
1676157927833,1028,HTTP Request,200,,Thread-Gruppe  1-90,text,true,,552,129,100,100,http://localhost:7000/randomRequest,1028,0,1
1676157928220,651,HTTP Request,200,,Thread-Gruppe  1-97,text,true,,414,129,100,100,http://localhost:7000/randomRequest,651,0,1
1676157928259,612,HTTP Request,200,,Thread-Gruppe  1-69,text,true,,418,129,100,100,http://localhost:7000/randomRequest,612,0,0
1676157928256,615,HTTP Request,200,,Thread-Gruppe  1-80,text,true,,490,129,100,100,http://localhost:7000/randomRequest,615,0,0
1676157928269,620,HTTP Request,200,,Thread-Gruppe  1-54,text,true,,553,129,100,100,http://localhost:7000/randomRequest,620,0,1
1676157928278,618,HTTP Request,200,,Thread-Gruppe  1-93,text,true,,416,129,100,100,http://localhost:7000/randomRequest,618,0,1
1676157928201,716,HTTP Request,200,,Thread-Gruppe  1-64,text,true,,527,129,100,100,http://localhost:7000/randomRequest,716,0,0
1676157928203,723,HTTP Request,200,,Thread-Gruppe  1-27,text,true,,419,129,100,100,http://localhost:7000/randomRequest,723,0,1
1676157928432,518,HTTP Request,200,,Thread-Gruppe  1-99,text,true,,556,129,100,100,http://localhost:7000/randomRequest,518,0,0
1676157928259,712,HTTP Request,200,,Thread-Gruppe  1-36,text,true,,563,129,100,100,http://localhost:7000/randomRequest,712,0,0
1676157928267,716,HTTP Request,200,,Thread-Gruppe  1-24,text,true,,568,129,100,100,http://localhost:7000/randomRequest,716,0,1
1676157928461,522,HTTP Request,200,,Thread-Gruppe  1-65,text,true,,492,129,100,100,http://localhost:7000/randomRequest,522,0,1
1676157928269,724,HTTP Request,200,,Thread-Gruppe  1-39,text,true,,416,129,100,100,http://localhost:7000/randomRequest,724,0,1
1676157928470,523,HTTP Request,200,,Thread-Gruppe  1-47,text,true,,557,129,100,100,http://localhost:7000/randomRequest,523,0,1
1676157928289,720,HTTP Request,200,,Thread-Gruppe  1-12,text,true,,419,129,100,100,http://localhost:7000/randomRequest,720,0,0
1676157928495,518,HTTP Request,200,,Thread-Gruppe  1-84,text,true,,415,129,100,100,http://localhost:7000/randomRequest,518,0,0
1676157928289,728,HTTP Request,200,,Thread-Gruppe  1-42,text,true,,419,129,100,100,http://localhost:7000/randomRequest,728,0,0
1676157928495,522,HTTP Request,200,,Thread-Gruppe  1-92,text,true,,563,129,100,100,http://localhost:7000/randomRequest,522,0,0
1676157927189,1830,HTTP Request,200,,Thread-Gruppe  1-58,text,true,,541,129,100,100,http://localhost:7000/randomRequest,1830,0,0
1676157928407,618,HTTP Request,200,,Thread-Gruppe  1-57,text,true,,492,129,100,100,http://localhost:7000/randomRequest,618,0,0
1676157928203,826,HTTP Request,200,,Thread-Gruppe  1-46,text,true,,559,129,100,100,http://localhost:7000/randomRequest,826,0,1
1676157928619,410,HTTP Request,200,,Thread-Gruppe  1-91,text,true,,419,129,100,100,http://localhost:7000/randomRequest,410,0,0
1676157928517,525,HTTP Request,200,,Thread-Gruppe  1-1,text,true,,561,129,100,100,http://localhost:7000/randomRequest,525,0,1
1676157928230,838,HTTP Request,200,,Thread-Gruppe  1-28,text,true,,490,129,100,100,http://localhost:7000/randomRequest,837,0,0
1676157926933,2135,HTTP Request,200,,Thread-Gruppe  1-76,text,true,,537,129,100,100,http://localhost:7000/randomRequest,2134,0,0
1676157928564,508,HTTP Request,200,,Thread-Gruppe  1-18,text,true,,549,129,100,100,http://localhost:7000/randomRequest,508,0,0
1676157928259,813,HTTP Request,200,,Thread-Gruppe  1-40,text,true,,483,129,100,100,http://localhost:7000/randomRequest,813,0,0
1676157926746,2326,HTTP Request,200,,Thread-Gruppe  1-17,text,true,,630,129,100,100,http://localhost:7000/randomRequest,2326,0,0
1676157928461,627,HTTP Request,200,,Thread-Gruppe  1-53,text,true,,418,129,100,100,http://localhost:7000/randomRequest,627,0,1
1676157928688,408,HTTP Request,200,,Thread-Gruppe  1-82,text,true,,550,129,100,100,http://localhost:7000/randomRequest,408,0,1
1676157928289,828,HTTP Request,200,,Thread-Gruppe  1-59,text,true,,492,129,100,100,http://localhost:7000/randomRequest,828,0,0
1676157928507,612,HTTP Request,200,,Thread-Gruppe  1-21,text,true,,550,129,100,100,http://localhost:7000/randomRequest,612,0,0
1676157928507,612,HTTP Request,200,,Thread-Gruppe  1-71,text,true,,538,129,100,100,http://localhost:7000/randomRequest,612,0,1
1676157928407,722,HTTP Request,200,,Thread-Gruppe  1-61,text,true,,419,129,100,100,http://localhost:7000/randomRequest,722,0,0
1676157928736,414,HTTP Request,200,,Thread-Gruppe  1-96,text,true,,559,129,100,100,http://localhost:7000/randomRequest,414,0,0
1676157928256,920,HTTP Request,200,,Thread-Gruppe  1-13,text,true,,490,129,100,100,http://localhost:7000/randomRequest,920,0,0
1676157928445,748,HTTP Request,200,,Thread-Gruppe  1-51,text,true,,674,129,100,100,http://localhost:7000/randomRequest,748,0,0
1676157927684,1531,HTTP Request,200,,Thread-Gruppe  1-70,text,true,,643,129,100,100,http://localhost:7000/randomRequest,1531,0,0
1676157928289,930,HTTP Request,200,,Thread-Gruppe  1-6,text,true,,490,129,100,100,http://localhost:7000/randomRequest,930,0,0
1676157928712,511,HTTP Request,200,,Thread-Gruppe  1-11,text,true,,560,129,100,100,http://localhost:7000/randomRequest,511,0,0
1676157928823,410,HTTP Request,200,,Thread-Gruppe  1-32,text,true,,557,129,100,100,http://localhost:7000/randomRequest,410,0,0
1676157928212,1039,HTTP Request,200,,Thread-Gruppe  1-45,text,true,,490,129,100,100,http://localhost:7000/randomRequest,1039,0,0
1676157928451,825,HTTP Request,200,,Thread-Gruppe  1-52,text,true,,643,129,100,100,http://localhost:7000/randomRequest,825,0,1
1676157928461,834,HTTP Request,200,,Thread-Gruppe  1-48,text,true,,492,129,100,100,http://localhost:7000/randomRequest,834,0,1
1676157928470,832,HTTP Request,200,,Thread-Gruppe  1-86,text,true,,492,129,100,100,http://localhost:7000/randomRequest,832,0,0
1676157928682,620,HTTP Request,200,,Thread-Gruppe  1-3,text,true,,488,129,100,100,http://localhost:7000/randomRequest,620,0,0
1676157928598,725,HTTP Request,200,,Thread-Gruppe  1-94,text,true,,489,129,100,100,http://localhost:7000/randomRequest,725,0,0
1676157928701,622,HTTP Request,200,,Thread-Gruppe  1-2,text,true,,419,129,100,100,http://localhost:7000/randomRequest,622,0,0
1676157928407,932,HTTP Request,200,,Thread-Gruppe  1-77,text,true,,492,129,100,100,http://localhost:7000/randomRequest,932,0,0
1676157928312,1031,HTTP Request,200,,Thread-Gruppe  1-43,text,true,,419,129,100,100,http://localhost:7000/randomRequest,1031,0,0
1676157928826,517,HTTP Request,200,,Thread-Gruppe  1-98,text,true,,492,129,100,100,http://localhost:7000/randomRequest,517,0,0
1676157928826,517,HTTP Request,200,,Thread-Gruppe  1-23,text,true,,485,129,100,100,http://localhost:7000/randomRequest,517,0,0
1676157928306,1037,HTTP Request,200,,Thread-Gruppe  1-87,text,true,,633,129,100,100,http://localhost:7000/randomRequest,1037,0,0
1676157928203,1151,HTTP Request,200,,Thread-Gruppe  1-49,text,true,,537,129,100,100,http://localhost:7000/randomRequest,1151,0,1
1676157928754,615,HTTP Request,200,,Thread-Gruppe  1-38,text,true,,565,129,100,100,http://localhost:7000/randomRequest,615,0,0
1676157928650,719,HTTP Request,200,,Thread-Gruppe  1-15,text,true,,563,129,100,100,http://localhost:7000/randomRequest,719,0,1
1676157928451,927,HTTP Request,200,,Thread-Gruppe  1-20,text,true,,478,129,100,100,http://localhost:7000/randomRequest,927,0,1
1676157928556,823,HTTP Request,200,,Thread-Gruppe  1-5,text,true,,552,129,100,100,http://localhost:7000/randomRequest,823,0,0
1676157928993,413,HTTP Request,200,,Thread-Gruppe  1-39,text,true,,492,129,100,100,http://localhost:7000/randomRequest,413,0,1
1676157928871,535,HTTP Request,200,,Thread-Gruppe  1-97,text,true,,666,129,100,100,http://localhost:7000/randomRequest,535,0,0
1676157929025,418,HTTP Request,200,,Thread-Gruppe  1-57,text,true,,417,129,100,100,http://localhost:7000/randomRequest,418,0,1
1676157928201,1242,HTTP Request,200,,Thread-Gruppe  1-78,text,true,,527,129,100,100,http://localhost:7000/randomRequest,1242,0,0
1676157928230,1237,HTTP Request,200,,Thread-Gruppe  1-37,text,true,,540,129,100,100,http://localhost:7000/randomRequest,1237,0,0
1676157928871,618,HTTP Request,200,,Thread-Gruppe  1-69,text,true,,492,129,100,100,http://localhost:7000/randomRequest,618,0,0
1676157928259,1230,HTTP Request,200,,Thread-Gruppe  1-29,text,true,,490,129,100,100,http://localhost:7000/randomRequest,1230,0,0
1676157928203,1286,HTTP Request,200,,Thread-Gruppe  1-14,text,true,,481,129,100,100,http://localhost:7000/randomRequest,1286,0,1
1676157928747,742,HTTP Request,200,,Thread-Gruppe  1-85,text,true,,546,129,100,100,http://localhost:7000/randomRequest,742,0,0
1676157928767,722,HTTP Request,200,,Thread-Gruppe  1-62,text,true,,527,129,100,100,http://localhost:7000/randomRequest,722,0,0
1676157928771,718,HTTP Request,200,,Thread-Gruppe  1-16,text,true,,559,129,100,100,http://localhost:7000/randomRequest,718,0,0
1676157928203,1343,HTTP Request,200,,Thread-Gruppe  1-74,text,true,,647,129,100,100,http://localhost:7000/randomRequest,1343,0,1
1676157929029,522,HTTP Request,200,,Thread-Gruppe  1-46,text,true,,561,129,100,100,http://localhost:7000/randomRequest,522,0,0
1676157928834,726,HTTP Request,200,,Thread-Gruppe  1-31,text,true,,569,129,100,100,http://localhost:7000/randomRequest,726,0,0
1676157928839,724,HTTP Request,200,,Thread-Gruppe  1-100,text,true,,555,129,100,100,http://localhost:7000/randomRequest,724,0,0
1676157928461,1146,HTTP Request,200,,Thread-Gruppe  1-68,text,true,,403,129,100,100,http://localhost:7000/randomRequest,1146,0,1
1676157928392,1241,HTTP Request,200,,Thread-Gruppe  1-41,text,true,,481,129,100,100,http://localhost:7000/randomRequest,1241,0,0
1676157929017,616,HTTP Request,200,,Thread-Gruppe  1-92,text,true,,419,129,100,100,http://localhost:7000/randomRequest,616,0,0
1676157928813,830,HTTP Request,200,,Thread-Gruppe  1-81,text,true,,485,129,100,100,http://localhost:7000/randomRequest,830,0,1
1676157929224,419,HTTP Request,200,,Thread-Gruppe  1-11,text,true,,419,129,100,100,http://localhost:7000/randomRequest,419,0,0
1676157928918,725,HTTP Request,200,,Thread-Gruppe  1-64,text,true,,417,129,100,100,http://localhost:7000/randomRequest,725,0,0
1676157928259,1408,HTTP Request,200,,Thread-Gruppe  1-88,text,true,,537,129,100,100,http://localhost:7000/randomRequest,1408,0,0
1676157928860,826,HTTP Request,200,,Thread-Gruppe  1-72,text,true,,481,129,100,100,http://localhost:7000/randomRequest,826,0,0
1676157929193,515,HTTP Request,200,,Thread-Gruppe  1-51,text,true,,556,129,100,100,http://localhost:7000/randomRequest,515,0,0
1676157929017,721,HTTP Request,200,,Thread-Gruppe  1-42,text,true,,492,129,100,100,http://localhost:7000/randomRequest,721,0,0
1676157929013,725,HTTP Request,200,,Thread-Gruppe  1-84,text,true,,419,129,100,100,http://localhost:7000/randomRequest,725,0,0
1676157929339,415,HTTP Request,200,,Thread-Gruppe  1-77,text,true,,563,129,100,100,http://localhost:7000/randomRequest,415,0,0
1676157929130,624,HTTP Request,200,,Thread-Gruppe  1-61,text,true,,492,129,100,100,http://localhost:7000/randomRequest,624,0,0
1676157929234,520,HTTP Request,200,,Thread-Gruppe  1-32,text,true,,492,129,100,100,http://localhost:7000/randomRequest,520,0,0
1676157929251,517,HTTP Request,200,,Thread-Gruppe  1-45,text,true,,492,129,100,100,http://localhost:7000/randomRequest,517,0,0
1676157929042,726,HTTP Request,200,,Thread-Gruppe  1-1,text,true,,553,129,100,100,http://localhost:7000/randomRequest,726,0,1
1676157928950,823,HTTP Request,200,,Thread-Gruppe  1-99,text,true,,403,129,100,100,http://localhost:7000/randomRequest,823,0,0
1676157929068,729,HTTP Request,200,,Thread-Gruppe  1-28,text,true,,556,129,100,100,http://localhost:7000/randomRequest,729,0,0
1676157929089,724,HTTP Request,200,,Thread-Gruppe  1-53,text,true,,555,129,100,100,http://localhost:7000/randomRequest,724,0,0
1676157928228,1585,HTTP Request,200,,Thread-Gruppe  1-95,text,true,,541,129,100,100,http://localhost:7000/randomRequest,1585,0,0
1676157928779,1034,HTTP Request,200,,Thread-Gruppe  1-7,text,true,,549,129,100,100,http://localhost:7000/randomRequest,1034,0,0
1676157928451,1369,HTTP Request,200,,Thread-Gruppe  1-34,text,true,,568,129,100,100,http://localhost:7000/randomRequest,1369,0,1
1676157929303,523,HTTP Request,200,,Thread-Gruppe  1-3,text,true,,556,129,100,100,http://localhost:7000/randomRequest,523,0,0
1676157929119,732,HTTP Request,200,,Thread-Gruppe  1-71,text,true,,489,129,100,100,http://localhost:7000/randomRequest,732,0,1
1676157928230,1621,HTTP Request,200,,Thread-Gruppe  1-67,text,true,,643,129,100,100,http://localhost:7000/randomRequest,1621,0,0
1676157928927,930,HTTP Request,200,,Thread-Gruppe  1-27,text,true,,403,129,100,100,http://localhost:7000/randomRequest,930,0,0
1676157928971,907,HTTP Request,200,,Thread-Gruppe  1-36,text,true,,643,129,100,100,http://localhost:7000/randomRequest,907,0,0
1676157928854,1024,HTTP Request,200,,Thread-Gruppe  1-44,text,true,,490,129,100,100,http://localhost:7000/randomRequest,1024,0,0
1676157928227,1651,HTTP Request,200,,Thread-Gruppe  1-26,text,true,,640,129,100,100,http://localhost:7000/randomRequest,1651,0,0
1676157929072,832,HTTP Request,200,,Thread-Gruppe  1-40,text,true,,558,129,100,100,http://localhost:7000/randomRequest,832,0,0
1676157928771,1133,HTTP Request,200,,Thread-Gruppe  1-22,text,true,,403,129,100,100,http://localhost:7000/randomRequest,1133,0,0
1676157929489,415,HTTP Request,200,,Thread-Gruppe  1-69,text,true,,419,129,100,100,http://localhost:7000/randomRequest,415,0,0
1676157928984,933,HTTP Request,200,,Thread-Gruppe  1-24,text,true,,492,129,100,100,http://localhost:7000/randomRequest,933,0,0
1676157928984,933,HTTP Request,200,,Thread-Gruppe  1-65,text,true,,417,129,100,100,http://localhost:7000/randomRequest,933,0,0
1676157928573,1348,HTTP Request,200,,Thread-Gruppe  1-4,text,true,,492,129,100,100,http://localhost:7000/randomRequest,1348,0,1
1676157929303,627,HTTP Request,200,,Thread-Gruppe  1-86,text,true,,419,129,100,100,http://localhost:7000/randomRequest,627,0,0
1676157929010,932,HTTP Request,200,,Thread-Gruppe  1-12,text,true,,552,129,100,100,http://localhost:7000/randomRequest,932,0,0
1676157929219,726,HTTP Request,200,,Thread-Gruppe  1-6,text,true,,419,129,100,100,http://localhost:7000/randomRequest,726,0,0
1676157929323,627,HTTP Request,200,,Thread-Gruppe  1-94,text,true,,418,129,100,100,http://localhost:7000/randomRequest,627,0,1
1676157929019,935,HTTP Request,200,,Thread-Gruppe  1-58,text,true,,485,129,100,100,http://localhost:7000/randomRequest,935,0,0
1676157929343,614,HTTP Request,200,,Thread-Gruppe  1-23,text,true,,549,129,100,100,http://localhost:7000/randomRequest,614,0,0
1676157929443,514,HTTP Request,200,,Thread-Gruppe  1-78,text,true,,545,129,100,100,http://localhost:7000/randomRequest,514,0,0
1676157929029,928,HTTP Request,200,,Thread-Gruppe  1-91,text,true,,419,129,100,100,http://localhost:7000/randomRequest,928,0,0
1676157928736,1233,HTTP Request,200,,Thread-Gruppe  1-19,text,true,,492,129,100,100,http://localhost:7000/randomRequest,1233,0,0
1676157928507,1462,HTTP Request,200,,Thread-Gruppe  1-56,text,true,,633,129,100,100,http://localhost:7000/randomRequest,1462,0,0
1676157929068,938,HTTP Request,200,,Thread-Gruppe  1-76,text,true,,419,129,100,100,http://localhost:7000/randomRequest,938,0,0
1676157928889,1133,HTTP Request,200,,Thread-Gruppe  1-54,text,true,,414,129,100,100,http://localhost:7000/randomRequest,1133,0,0
1676157929096,926,HTTP Request,200,,Thread-Gruppe  1-82,text,true,,419,129,100,100,http://localhost:7000/randomRequest,926,0,1
1676157929296,726,HTTP Request,200,,Thread-Gruppe  1-48,text,true,,492,129,100,100,http://localhost:7000/randomRequest,726,0,0
1676157928810,1241,HTTP Request,200,,Thread-Gruppe  1-89,text,true,,485,129,100,100,http://localhost:7000/randomRequest,1241,0,0
1676157929323,731,HTTP Request,200,,Thread-Gruppe  1-2,text,true,,492,129,100,100,http://localhost:7000/randomRequest,731,0,1
1676157929443,614,HTTP Request,200,,Thread-Gruppe  1-57,text,true,,540,129,100,100,http://localhost:7000/randomRequest,614,0,0
1676157929343,714,HTTP Request,200,,Thread-Gruppe  1-43,text,true,,558,129,100,100,http://localhost:7000/randomRequest,714,0,0
1676157929563,507,HTTP Request,200,,Thread-Gruppe  1-100,text,true,,538,129,100,100,http://localhost:7000/randomRequest,507,0,0
1676157929467,616,HTTP Request,200,,Thread-Gruppe  1-37,text,true,,419,129,100,100,http://localhost:7000/randomRequest,616,0,0
1676157929370,718,HTTP Request,200,,Thread-Gruppe  1-15,text,true,,416,129,100,100,http://localhost:7000/randomRequest,718,0,0
1676157928771,1336,HTTP Request,200,,Thread-Gruppe  1-55,text,true,,485,129,100,100,http://localhost:7000/randomRequest,1336,0,0
1676157929489,618,HTTP Request,200,,Thread-Gruppe  1-85,text,true,,563,129,100,100,http://localhost:7000/randomRequest,618,0,0
1676157929489,618,HTTP Request,200,,Thread-Gruppe  1-62,text,true,,551,129,100,100,http://localhost:7000/randomRequest,618,0,0
1676157928993,1131,HTTP Request,200,,Thread-Gruppe  1-47,text,true,,485,129,100,100,http://localhost:7000/randomRequest,1131,0,1
1676157929608,516,HTTP Request,200,,Thread-Gruppe  1-68,text,true,,492,129,100,100,http://localhost:7000/randomRequest,516,0,0
1676157929634,521,HTTP Request,200,,Thread-Gruppe  1-41,text,true,,549,129,100,100,http://localhost:7000/randomRequest,521,0,0
1676157929547,614,HTTP Request,200,,Thread-Gruppe  1-74,text,true,,551,129,100,100,http://localhost:7000/randomRequest,614,0,0
1676157929551,610,HTTP Request,200,,Thread-Gruppe  1-46,text,true,,416,129,100,100,http://localhost:7000/randomRequest,610,0,0
1676157929560,610,HTTP Request,200,,Thread-Gruppe  1-31,text,true,,485,129,100,100,http://localhost:7000/randomRequest,610,0,0
1676157929150,1020,HTTP Request,200,,Thread-Gruppe  1-96,text,true,,481,129,100,100,http://localhost:7000/randomRequest,1020,0,0
1676157929489,701,HTTP Request,200,,Thread-Gruppe  1-29,text,true,,481,129,100,100,http://localhost:7000/randomRequest,701,0,0
1676157929406,820,HTTP Request,200,,Thread-Gruppe  1-39,text,true,,419,129,100,100,http://localhost:7000/randomRequest,820,0,1
1676157929634,626,HTTP Request,200,,Thread-Gruppe  1-92,text,true,,540,129,100,100,http://localhost:7000/randomRequest,626,0,0
1676157929851,412,HTTP Request,200,,Thread-Gruppe  1-67,text,true,,419,129,100,100,http://localhost:7000/randomRequest,412,0,0
1676157929774,515,HTTP Request,200,,Thread-Gruppe  1-99,text,true,,419,129,100,100,http://localhost:7000/randomRequest,515,0,0
1676157929797,513,HTTP Request,200,,Thread-Gruppe  1-28,text,true,,490,129,100,100,http://localhost:7000/randomRequest,513,0,0
1676157928871,1446,HTTP Request,200,,Thread-Gruppe  1-80,text,true,,527,129,100,100,http://localhost:7000/randomRequest,1446,0,0
1676157928771,1546,HTTP Request,200,,Thread-Gruppe  1-50,text,true,,541,129,100,100,http://localhost:7000/randomRequest,1546,0,0
1676157929918,411,HTTP Request,200,,Thread-Gruppe  1-65,text,true,,419,129,100,100,http://localhost:7000/randomRequest,411,0,0
1676157929708,621,HTTP Request,200,,Thread-Gruppe  1-51,text,true,,418,129,100,100,http://localhost:7000/randomRequest,621,0,0
1676157928897,1457,HTTP Request,200,,Thread-Gruppe  1-93,text,true,,488,129,100,100,http://localhost:7000/randomRequest,1457,0,0
1676157929215,1142,HTTP Request,200,,Thread-Gruppe  1-70,text,true,,633,129,100,100,http://localhost:7000/randomRequest,1142,0,0
1676157929119,1238,HTTP Request,200,,Thread-Gruppe  1-21,text,true,,536,129,100,100,http://localhost:7000/randomRequest,1238,0,1
1676157929343,1021,HTTP Request,200,,Thread-Gruppe  1-87,text,true,,527,129,100,100,http://localhost:7000/randomRequest,1021,0,0
1676157929754,612,HTTP Request,200,,Thread-Gruppe  1-77,text,true,,418,129,100,100,http://localhost:7000/randomRequest,612,0,1
1676157929857,511,HTTP Request,200,,Thread-Gruppe  1-27,text,true,,547,129,100,100,http://localhost:7000/randomRequest,511,0,0
1676157929343,1025,HTTP Request,200,,Thread-Gruppe  1-98,text,true,,419,129,100,100,http://localhost:7000/randomRequest,1025,0,0
1676157928723,1649,HTTP Request,200,,Thread-Gruppe  1-33,text,true,,570,129,100,100,http://localhost:7000/randomRequest,1649,0,0
1676157929354,1018,HTTP Request,200,,Thread-Gruppe  1-49,text,true,,492,129,100,100,http://localhost:7000/randomRequest,1018,0,1
1676157929754,629,HTTP Request,200,,Thread-Gruppe  1-32,text,true,,472,129,100,100,http://localhost:7000/randomRequest,629,0,1
1676157929489,920,HTTP Request,200,,Thread-Gruppe  1-16,text,true,,523,129,100,100,http://localhost:7000/randomRequest,920,0,0
1676157929686,723,HTTP Request,200,,Thread-Gruppe  1-72,text,true,,403,129,100,100,http://localhost:7000/randomRequest,723,0,0
1676157929379,1035,HTTP Request,200,,Thread-Gruppe  1-5,text,true,,403,129,100,100,http://localhost:7000/randomRequest,1035,0,1
1676157929489,941,HTTP Request,200,,Thread-Gruppe  1-14,text,true,,665,129,100,100,http://localhost:7000/randomRequest,941,0,0
1676157929378,1052,HTTP Request,200,,Thread-Gruppe  1-20,text,true,,674,129,100,100,http://localhost:7000/randomRequest,1052,0,1
1676157929813,617,HTTP Request,200,,Thread-Gruppe  1-95,text,true,,565,129,100,100,http://localhost:7000/randomRequest,617,0,1
1676157928473,1957,HTTP Request,200,,Thread-Gruppe  1-30,text,true,,526,129,100,100,http://localhost:7000/randomRequest,1957,0,0
1676157929930,508,HTTP Request,200,,Thread-Gruppe  1-86,text,true,,419,129,100,100,http://localhost:7000/randomRequest,508,0,0
1676157929739,728,HTTP Request,200,,Thread-Gruppe  1-84,text,true,,419,129,100,100,http://localhost:7000/randomRequest,728,0,0
1676157929643,826,HTTP Request,200,,Thread-Gruppe  1-81,text,true,,489,129,100,100,http://localhost:7000/randomRequest,826,0,0
1676157929668,808,HTTP Request,200,,Thread-Gruppe  1-88,text,true,,542,129,100,100,http://localhost:7000/randomRequest,808,0,0
1676157929176,1317,HTTP Request,200,,Thread-Gruppe  1-13,text,true,,495,129,100,100,http://localhost:7000/randomRequest,1317,0,1
1676157929406,1127,HTTP Request,200,,Thread-Gruppe  1-97,text,true,,488,129,100,100,http://localhost:7000/randomRequest,1127,0,1
1676157929826,715,HTTP Request,200,,Thread-Gruppe  1-3,text,true,,403,129,100,100,http://localhost:7000/randomRequest,715,0,1
1676157929921,639,HTTP Request,200,,Thread-Gruppe  1-4,text,true,,474,129,100,100,http://localhost:7000/randomRequest,639,0,0
1676157929945,623,HTTP Request,200,,Thread-Gruppe  1-6,text,true,,492,129,100,100,http://localhost:7000/randomRequest,623,0,0
1676157929957,613,HTTP Request,200,,Thread-Gruppe  1-91,text,true,,419,129,100,100,http://localhost:7000/randomRequest,613,0,0
1676157930058,512,HTTP Request,200,,Thread-Gruppe  1-43,text,true,,492,129,100,100,http://localhost:7000/randomRequest,512,0,0
1676157929768,811,HTTP Request,200,,Thread-Gruppe  1-45,text,true,,492,129,100,100,http://localhost:7000/randomRequest,811,0,0
1676157929970,613,HTTP Request,200,,Thread-Gruppe  1-19,text,true,,419,129,100,100,http://localhost:7000/randomRequest,613,0,0
1676157929878,719,HTTP Request,200,,Thread-Gruppe  1-44,text,true,,492,129,100,100,http://localhost:7000/randomRequest,719,0,0
1676157930108,510,HTTP Request,200,,Thread-Gruppe  1-62,text,true,,418,129,100,100,http://localhost:7000/randomRequest,510,0,0
1676157929904,723,HTTP Request,200,,Thread-Gruppe  1-22,text,true,,419,129,100,100,http://localhost:7000/randomRequest,723,0,1
1676157929118,1543,HTTP Request,200,,Thread-Gruppe  1-59,text,true,,490,129,100,100,http://localhost:7000/randomRequest,1543,0,0
1676157929942,719,HTTP Request,200,,Thread-Gruppe  1-12,text,true,,419,129,100,100,http://localhost:7000/randomRequest,719,0,0
1676157929768,916,HTTP Request,200,,Thread-Gruppe  1-1,text,true,,554,129,100,100,http://localhost:7000/randomRequest,916,0,0
1676157928861,1836,HTTP Request,200,,Thread-Gruppe  1-90,text,true,,539,129,100,100,http://localhost:7000/randomRequest,1836,0,1
1676157929072,1629,HTTP Request,200,,Thread-Gruppe  1-17,text,true,,527,129,100,100,http://localhost:7000/randomRequest,1629,0,0
1676157929918,821,HTTP Request,200,,Thread-Gruppe  1-24,text,true,,485,129,100,100,http://localhost:7000/randomRequest,821,0,0
1676157929739,1031,HTTP Request,200,,Thread-Gruppe  1-42,text,true,,487,129,100,100,http://localhost:7000/randomRequest,1031,0,0
1676157930054,722,HTTP Request,200,,Thread-Gruppe  1-2,text,true,,418,129,100,100,http://localhost:7000/randomRequest,722,0,0
1676157929954,822,HTTP Request,200,,Thread-Gruppe  1-58,text,true,,490,129,100,100,http://localhost:7000/randomRequest,822,0,0
1676157930190,611,HTTP Request,200,,Thread-Gruppe  1-29,text,true,,416,129,100,100,http://localhost:7000/randomRequest,611,0,0
1676157929904,929,HTTP Request,200,,Thread-Gruppe  1-69,text,true,,492,129,100,100,http://localhost:7000/randomRequest,929,0,1
1676157930330,513,HTTP Request,200,,Thread-Gruppe  1-51,text,true,,492,129,100,100,http://localhost:7000/randomRequest,513,0,0
1676157930533,310,HTTP Request,200,,Thread-Gruppe  1-97,text,true,,492,129,100,100,http://localhost:7000/randomRequest,310,0,1
1676157930108,743,HTTP Request,200,,Thread-Gruppe  1-55,text,true,,560,129,100,100,http://localhost:7000/randomRequest,743,0,0
1676157929813,1054,HTTP Request,200,,Thread-Gruppe  1-7,text,true,,704,129,100,100,http://localhost:7000/randomRequest,1054,0,1
1676157930260,610,HTTP Request,200,,Thread-Gruppe  1-92,text,true,,403,129,100,100,http://localhost:7000/randomRequest,610,0,0
1676157929878,1024,HTTP Request,200,,Thread-Gruppe  1-26,text,true,,488,129,100,100,http://localhost:7000/randomRequest,1024,0,0
1676157929370,1536,HTTP Request,200,,Thread-Gruppe  1-38,text,true,,492,129,100,100,http://localhost:7000/randomRequest,1536,0,0
1676157930430,518,HTTP Request,200,,Thread-Gruppe  1-14,text,true,,546,129,100,100,http://localhost:7000/randomRequest,518,0,0
1676157930364,606,HTTP Request,200,,Thread-Gruppe  1-87,text,true,,419,129,100,100,http://localhost:7000/randomRequest,606,0,0
1676157929754,1216,HTTP Request,200,,Thread-Gruppe  1-61,text,true,,644,129,100,100,http://localhost:7000/randomRequest,1216,0,1
1676157929878,1102,HTTP Request,200,,Thread-Gruppe  1-36,text,true,,647,129,100,100,http://localhost:7000/randomRequest,1102,0,0
1676157929970,1019,HTTP Request,200,,Thread-Gruppe  1-56,text,true,,492,129,100,100,http://localhost:7000/randomRequest,1019,0,0
1676157930384,618,HTTP Request,200,,Thread-Gruppe  1-32,text,true,,557,129,100,100,http://localhost:7000/randomRequest,618,0,0
1676157930430,621,HTTP Request,200,,Thread-Gruppe  1-20,text,true,,419,129,100,100,http://localhost:7000/randomRequest,621,0,0
1676157930124,927,HTTP Request,200,,Thread-Gruppe  1-68,text,true,,546,129,100,100,http://localhost:7000/randomRequest,927,0,0
1676157930022,1032,HTTP Request,200,,Thread-Gruppe  1-82,text,true,,492,129,100,100,http://localhost:7000/randomRequest,1032,0,0
1676157930155,918,HTTP Request,200,,Thread-Gruppe  1-41,text,true,,492,129,100,100,http://localhost:7000/randomRequest,918,0,1
1676157930051,1022,HTTP Request,200,,Thread-Gruppe  1-89,text,true,,418,129,100,100,http://localhost:7000/randomRequest,1022,0,0
1676157930468,613,HTTP Request,200,,Thread-Gruppe  1-84,text,true,,492,129,100,100,http://localhost:7000/randomRequest,613,0,0
1676157930368,713,HTTP Request,200,,Thread-Gruppe  1-27,text,true,,487,129,100,100,http://localhost:7000/randomRequest,713,0,1
1676157930089,1018,HTTP Request,200,,Thread-Gruppe  1-15,text,true,,557,129,100,100,http://localhost:7000/randomRequest,1018,0,0
1676157929813,1310,HTTP Request,200,,Thread-Gruppe  1-53,text,true,,527,129,100,100,http://localhost:7000/randomRequest,1310,0,1
1676157930310,818,HTTP Request,200,,Thread-Gruppe  1-28,text,true,,478,129,100,100,http://localhost:7000/randomRequest,818,0,0
1676157930008,1120,HTTP Request,200,,Thread-Gruppe  1-76,text,true,,419,129,100,100,http://localhost:7000/randomRequest,1120,0,0
1676157929957,1219,HTTP Request,200,,Thread-Gruppe  1-23,text,true,,643,129,100,100,http://localhost:7000/randomRequest,1219,0,0
1676157930070,1120,HTTP Request,200,,Thread-Gruppe  1-100,text,true,,419,129,100,100,http://localhost:7000/randomRequest,1120,0,0
1676157930684,506,HTTP Request,200,,Thread-Gruppe  1-1,text,true,,419,129,100,100,http://localhost:7000/randomRequest,506,0,0
1676157930697,510,HTTP Request,200,,Thread-Gruppe  1-90,text,true,,419,129,100,100,http://localhost:7000/randomRequest,510,0,0
1676157930317,926,HTTP Request,200,,Thread-Gruppe  1-50,text,true,,403,129,100,100,http://localhost:7000/randomRequest,926,0,1
1676157930124,1134,HTTP Request,200,,Thread-Gruppe  1-47,text,true,,418,129,100,100,http://localhost:7000/randomRequest,1134,0,0
1676157930226,1032,HTTP Request,200,,Thread-Gruppe  1-39,text,true,,488,129,100,100,http://localhost:7000/randomRequest,1032,0,1
1676157930662,618,HTTP Request,200,,Thread-Gruppe  1-12,text,true,,419,129,100,100,http://localhost:7000/randomRequest,618,0,0
1676157930170,1110,HTTP Request,200,,Thread-Gruppe  1-31,text,true,,495,129,100,100,http://localhost:7000/randomRequest,1110,0,1
1676157930161,1120,HTTP Request,200,,Thread-Gruppe  1-46,text,true,,565,129,100,100,http://localhost:7000/randomRequest,1120,0,0
1676157930058,1247,HTTP Request,200,,Thread-Gruppe  1-57,text,true,,490,129,100,100,http://localhost:7000/randomRequest,1247,0,0
1676157929950,1355,HTTP Request,200,,Thread-Gruppe  1-94,text,true,,557,129,100,100,http://localhost:7000/randomRequest,1355,0,0
1676157930597,712,HTTP Request,200,,Thread-Gruppe  1-44,text,true,,492,129,100,100,http://localhost:7000/randomRequest,712,0,0
1676157929904,1427,HTTP Request,200,,Thread-Gruppe  1-40,text,true,,541,129,100,100,http://localhost:7000/randomRequest,1427,0,1
1676157929820,1515,HTTP Request,200,,Thread-Gruppe  1-34,text,true,,535,129,100,100,http://localhost:7000/randomRequest,1515,0,0
1676157930289,1059,HTTP Request,200,,Thread-Gruppe  1-99,text,true,,675,129,100,100,http://localhost:7000/randomRequest,1059,0,0
1676157930330,1025,HTTP Request,200,,Thread-Gruppe  1-65,text,true,,419,129,100,100,http://localhost:7000/randomRequest,1025,0,0
1676157930317,1050,HTTP Request,200,,Thread-Gruppe  1-80,text,true,,417,129,100,100,http://localhost:7000/randomRequest,1050,0,1
1676157930851,516,HTTP Request,200,,Thread-Gruppe  1-55,text,true,,418,129,100,100,http://localhost:7000/randomRequest,516,0,1
1676157930627,740,HTTP Request,200,,Thread-Gruppe  1-22,text,true,,472,129,100,100,http://localhost:7000/randomRequest,740,0,0
1676157930568,815,HTTP Request,200,,Thread-Gruppe  1-6,text,true,,485,129,100,100,http://localhost:7000/randomRequest,815,0,0
1676157930770,614,HTTP Request,200,,Thread-Gruppe  1-42,text,true,,483,129,100,100,http://localhost:7000/randomRequest,613,0,0
1676157929643,1740,HTTP Request,200,,Thread-Gruppe  1-11,text,true,,537,129,100,100,http://localhost:7000/randomRequest,1740,0,0
1676157929643,1741,HTTP Request,200,,Thread-Gruppe  1-64,text,true,,537,129,100,100,http://localhost:7000/randomRequest,1740,0,0
1676157930970,414,HTTP Request,200,,Thread-Gruppe  1-61,text,true,,558,129,100,100,http://localhost:7000/randomRequest,413,0,1
1676157929957,1436,HTTP Request,200,,Thread-Gruppe  1-78,text,true,,488,129,100,100,http://localhost:7000/randomRequest,1436,0,0
1676157930372,1021,HTTP Request,200,,Thread-Gruppe  1-49,text,true,,403,129,100,100,http://localhost:7000/randomRequest,1021,0,0
1676157930161,1232,HTTP Request,200,,Thread-Gruppe  1-74,text,true,,492,129,100,100,http://localhost:7000/randomRequest,1232,0,0
1676157930170,1223,HTTP Request,200,,Thread-Gruppe  1-96,text,true,,492,129,100,100,http://localhost:7000/randomRequest,1223,0,1
1676157929851,1542,HTTP Request,200,,Thread-Gruppe  1-71,text,true,,489,129,100,100,http://localhost:7000/randomRequest,1542,0,0
1676157930372,1021,HTTP Request,200,,Thread-Gruppe  1-33,text,true,,485,129,100,100,http://localhost:7000/randomRequest,1021,0,0
1676157930570,823,HTTP Request,200,,Thread-Gruppe  1-91,text,true,,485,129,100,100,http://localhost:7000/randomRequest,823,0,0
1676157930579,815,HTTP Request,200,,Thread-Gruppe  1-45,text,true,,2038,129,100,100,http://localhost:7000/randomRequest,815,0,1
1676157930084,1330,HTTP Request,200,,Thread-Gruppe  1-37,text,true,,492,129,100,100,http://localhost:7000/randomRequest,1330,0,0
1676157930618,817,HTTP Request,200,,Thread-Gruppe  1-62,text,true,,492,129,100,100,http://localhost:7000/randomRequest,817,0,0
1676157930108,1331,HTTP Request,200,,Thread-Gruppe  1-85,text,true,,492,129,100,100,http://localhost:7000/randomRequest,1331,0,0
1676157930022,1426,HTTP Request,200,,Thread-Gruppe  1-54,text,true,,541,129,100,100,http://localhost:7000/randomRequest,1426,0,0
1676157930430,1035,HTTP Request,200,,Thread-Gruppe  1-95,text,true,,417,129,100,100,http://localhost:7000/randomRequest,1035,0,0
1676157930662,827,HTTP Request,200,,Thread-Gruppe  1-59,text,true,,492,129,100,100,http://localhost:7000/randomRequest,827,0,0
1676157930701,816,HTTP Request,200,,Thread-Gruppe  1-17,text,true,,402,129,100,100,http://localhost:7000/randomRequest,816,0,0
1676157930410,1129,HTTP Request,200,,Thread-Gruppe  1-16,text,true,,419,129,100,100,http://localhost:7000/randomRequest,1129,0,0
1676157930414,1129,HTTP Request,200,,Thread-Gruppe  1-5,text,true,,486,129,100,100,http://localhost:7000/randomRequest,1129,0,0
1676157930843,726,HTTP Request,200,,Thread-Gruppe  1-51,text,true,,556,129,100,100,http://localhost:7000/randomRequest,726,0,0
1676157930739,830,HTTP Request,200,,Thread-Gruppe  1-24,text,true,,403,129,100,100,http://localhost:7000/randomRequest,830,0,0
1676157930843,726,HTTP Request,200,,Thread-Gruppe  1-97,text,true,,418,129,100,100,http://localhost:7000/randomRequest,726,0,0
1676157930948,621,HTTP Request,200,,Thread-Gruppe  1-14,text,true,,481,129,100,100,http://localhost:7000/randomRequest,621,0,0
1676157930541,1028,HTTP Request,200,,Thread-Gruppe  1-3,text,true,,418,129,100,100,http://localhost:7000/randomRequest,1028,0,1
1676157930357,1212,HTTP Request,200,,Thread-Gruppe  1-70,text,true,,527,129,100,100,http://localhost:7000/randomRequest,1212,0,1
1676157930868,721,HTTP Request,200,,Thread-Gruppe  1-7,text,true,,492,129,100,100,http://localhost:7000/randomRequest,721,0,0
1676157930439,1150,HTTP Request,200,,Thread-Gruppe  1-86,text,true,,664,129,100,100,http://localhost:7000/randomRequest,1150,0,0
1676157930367,1234,HTTP Request,200,,Thread-Gruppe  1-77,text,true,,485,129,100,100,http://localhost:7000/randomRequest,1234,0,0
1676157930776,825,HTTP Request,200,,Thread-Gruppe  1-58,text,true,,492,129,100,100,http://localhost:7000/randomRequest,825,0,0
1676157931003,619,HTTP Request,200,,Thread-Gruppe  1-32,text,true,,419,129,100,100,http://localhost:7000/randomRequest,619,0,0
1676157930476,1146,HTTP Request,200,,Thread-Gruppe  1-88,text,true,,417,129,100,100,http://localhost:7000/randomRequest,1146,0,0
1676157931123,518,HTTP Request,200,,Thread-Gruppe  1-53,text,true,,419,129,100,100,http://localhost:7000/randomRequest,518,0,0
1676157930833,834,HTTP Request,200,,Thread-Gruppe  1-69,text,true,,539,129,100,100,http://localhost:7000/randomRequest,834,0,0
1676157931258,414,HTTP Request,200,,Thread-Gruppe  1-47,text,true,,419,129,100,100,http://localhost:7000/randomRequest,414,0,1
1676157930430,1242,HTTP Request,200,,Thread-Gruppe  1-30,text,true,,545,129,100,100,http://localhost:7000/randomRequest,1242,0,0
1676157931051,621,HTTP Request,200,,Thread-Gruppe  1-68,text,true,,488,129,100,100,http://localhost:7000/randomRequest,621,0,1
1676157931073,619,HTTP Request,200,,Thread-Gruppe  1-41,text,true,,554,129,100,100,http://localhost:7000/randomRequest,619,0,0
1676157930870,822,HTTP Request,200,,Thread-Gruppe  1-92,text,true,,419,129,100,100,http://localhost:7000/randomRequest,822,0,0
1676157930970,722,HTTP Request,200,,Thread-Gruppe  1-87,text,true,,564,129,100,100,http://localhost:7000/randomRequest,722,0,1
1676157930980,724,HTTP Request,200,,Thread-Gruppe  1-36,text,true,,550,129,100,100,http://localhost:7000/randomRequest,724,0,0
1676157930801,924,HTTP Request,200,,Thread-Gruppe  1-29,text,true,,481,129,100,100,http://localhost:7000/randomRequest,924,0,1
1676157930902,823,HTTP Request,200,,Thread-Gruppe  1-26,text,true,,490,129,100,100,http://localhost:7000/randomRequest,823,0,0
1676157931054,718,HTTP Request,200,,Thread-Gruppe  1-82,text,true,,550,129,100,100,http://localhost:7000/randomRequest,718,0,1
1676157930570,1206,HTTP Request,200,,Thread-Gruppe  1-43,text,true,,527,129,100,100,http://localhost:7000/randomRequest,1206,0,1
1676157930263,1517,HTTP Request,200,,Thread-Gruppe  1-67,text,true,,539,129,100,100,http://localhost:7000/randomRequest,1517,0,1
1676157930368,1425,HTTP Request,200,,Thread-Gruppe  1-98,text,true,,535,129,100,100,http://localhost:7000/randomRequest,1425,0,1
1676157930493,1300,HTTP Request,200,,Thread-Gruppe  1-13,text,true,,541,129,100,100,http://localhost:7000/randomRequest,1300,0,0
1676157931190,614,HTTP Request,200,,Thread-Gruppe  1-1,text,true,,489,129,100,100,http://localhost:7000/randomRequest,614,0,1
1676157930560,1244,HTTP Request,200,,Thread-Gruppe  1-4,text,true,,682,129,100,100,http://localhost:7000/randomRequest,1244,0,1
1676157930583,1221,HTTP Request,200,,Thread-Gruppe  1-19,text,true,,485,129,100,100,http://localhost:7000/randomRequest,1221,0,1
1676157931081,724,HTTP Request,200,,Thread-Gruppe  1-27,text,true,,492,129,100,100,http://localhost:7000/randomRequest,724,0,0
1676157930906,923,HTTP Request,200,,Thread-Gruppe  1-38,text,true,,402,129,100,100,http://localhost:7000/randomRequest,923,0,1
1676157930022,1821,HTTP Request,200,,Thread-Gruppe  1-48,text,true,,537,129,100,100,http://localhost:7000/randomRequest,1821,0,0
1676157931208,635,HTTP Request,200,,Thread-Gruppe  1-90,text,true,,665,129,100,100,http://localhost:7000/randomRequest,635,0,0
1676157931128,728,HTTP Request,200,,Thread-Gruppe  1-28,text,true,,419,129,100,100,http://localhost:7000/randomRequest,728,0,0
1676157931243,617,HTTP Request,200,,Thread-Gruppe  1-50,text,true,,555,129,100,100,http://localhost:7000/randomRequest,617,0,0
1676157931051,822,HTTP Request,200,,Thread-Gruppe  1-20,text,true,,551,129,100,100,http://localhost:7000/randomRequest,822,0,1
1676157931368,505,HTTP Request,200,,Thread-Gruppe  1-80,text,true,,562,129,100,100,http://localhost:7000/randomRequest,505,0,0
1676157931280,613,HTTP Request,200,,Thread-Gruppe  1-12,text,true,,419,129,100,100,http://localhost:7000/randomRequest,613,0,0
1676157931258,635,HTTP Request,200,,Thread-Gruppe  1-39,text,true,,674,129,100,100,http://localhost:7000/randomRequest,635,0,1
1676157931073,820,HTTP Request,200,,Thread-Gruppe  1-89,text,true,,403,129,100,100,http://localhost:7000/randomRequest,820,0,0
1676157930469,1424,HTTP Request,200,,Thread-Gruppe  1-81,text,true,,527,129,100,100,http://localhost:7000/randomRequest,1424,0,1
1676157931176,717,HTTP Request,200,,Thread-Gruppe  1-23,text,true,,485,129,100,100,http://localhost:7000/randomRequest,717,0,1
1676157931190,714,HTTP Request,200,,Thread-Gruppe  1-100,text,true,,492,129,100,100,http://localhost:7000/randomRequest,714,0,1
1676157930989,919,HTTP Request,200,,Thread-Gruppe  1-56,text,true,,557,129,100,100,http://localhost:7000/randomRequest,919,0,1
1676157930776,1132,HTTP Request,200,,Thread-Gruppe  1-2,text,true,,540,129,100,100,http://localhost:7000/randomRequest,1132,0,0
1676157931305,614,HTTP Request,200,,Thread-Gruppe  1-94,text,true,,419,129,100,100,http://localhost:7000/randomRequest,614,0,1
1676157931305,617,HTTP Request,200,,Thread-Gruppe  1-57,text,true,,419,129,100,100,http://localhost:7000/randomRequest,617,0,1
1676157931309,623,HTTP Request,200,,Thread-Gruppe  1-44,text,true,,403,129,100,100,http://localhost:7000/randomRequest,623,0,0
1676157931439,515,HTTP Request,200,,Thread-Gruppe  1-85,text,true,,416,129,100,100,http://localhost:7000/randomRequest,515,0,0
1676157931368,608,HTTP Request,200,,Thread-Gruppe  1-55,text,true,,492,129,100,100,http://localhost:7000/randomRequest,608,0,0
1676157930354,1623,HTTP Request,200,,Thread-Gruppe  1-93,text,true,,633,129,100,100,http://localhost:7000/randomRequest,1623,0,1
1676157931368,609,HTTP Request,200,,Thread-Gruppe  1-22,text,true,,418,129,100,100,http://localhost:7000/randomRequest,609,0,0
1676157931384,609,HTTP Request,200,,Thread-Gruppe  1-64,text,true,,419,129,100,100,http://localhost:7000/randomRequest,609,0,0
1676157931384,609,HTTP Request,200,,Thread-Gruppe  1-42,text,true,,549,129,100,100,http://localhost:7000/randomRequest,609,0,0
1676157931384,609,HTTP Request,200,,Thread-Gruppe  1-6,text,true,,419,129,100,100,http://localhost:7000/randomRequest,609,0,0
1676157931393,612,HTTP Request,200,,Thread-Gruppe  1-78,text,true,,419,129,100,100,http://localhost:7000/randomRequest,612,0,1
1676157931393,616,HTTP Request,200,,Thread-Gruppe  1-71,text,true,,416,129,100,100,http://localhost:7000/randomRequest,616,0,1
1676157931128,929,HTTP Request,200,,Thread-Gruppe  1-76,text,true,,492,129,100,100,http://localhost:7000/randomRequest,929,0,0
1676157931543,517,HTTP Request,200,,Thread-Gruppe  1-5,text,true,,492,129,100,100,http://localhost:7000/randomRequest,517,0,0
1676157931348,719,HTTP Request,200,,Thread-Gruppe  1-99,text,true,,486,129,100,100,http://localhost:7000/randomRequest,719,0,0
1676157930357,1722,HTTP Request,200,,Thread-Gruppe  1-21,text,true,,537,129,100,100,http://localhost:7000/randomRequest,1722,0,1
1676157931384,709,HTTP Request,200,,Thread-Gruppe  1-61,text,true,,490,129,100,100,http://localhost:7000/randomRequest,709,0,0
1676157931384,709,HTTP Request,200,,Thread-Gruppe  1-11,text,true,,546,129,100,100,http://localhost:7000/randomRequest,709,0,0
1676157931393,716,HTTP Request,200,,Thread-Gruppe  1-91,text,true,,419,129,100,100,http://localhost:7000/randomRequest,716,0,1
1676157931393,718,HTTP Request,200,,Thread-Gruppe  1-74,text,true,,488,129,100,100,http://localhost:7000/randomRequest,718,0,1
1676157931393,718,HTTP Request,200,,Thread-Gruppe  1-96,text,true,,418,129,100,100,http://localhost:7000/randomRequest,718,0,1
1676157931394,717,HTTP Request,200,,Thread-Gruppe  1-45,text,true,,552,129,100,100,http://localhost:7000/randomRequest,717,0,0
1676157931081,1047,HTTP Request,200,,Thread-Gruppe  1-84,text,true,,414,129,100,100,http://localhost:7000/randomRequest,1047,0,0
1676157931107,1026,HTTP Request,200,,Thread-Gruppe  1-15,text,true,,402,129,100,100,http://localhost:7000/randomRequest,1026,0,0
1676157931414,719,HTTP Request,200,,Thread-Gruppe  1-37,text,true,,490,129,100,100,http://localhost:7000/randomRequest,719,0,0
1676157930410,1729,HTTP Request,200,,Thread-Gruppe  1-72,text,true,,525,129,100,100,http://localhost:7000/randomRequest,1729,0,0
1676157931642,507,HTTP Request,200,,Thread-Gruppe  1-53,text,true,,419,129,100,100,http://localhost:7000/randomRequest,507,0,0
1676157931335,821,HTTP Request,200,,Thread-Gruppe  1-34,text,true,,555,129,100,100,http://localhost:7000/randomRequest,821,0,0
1676157931569,625,HTTP Request,200,,Thread-Gruppe  1-24,text,true,,417,129,100,100,http://localhost:7000/randomRequest,625,0,0
1676157931589,607,HTTP Request,200,,Thread-Gruppe  1-7,text,true,,546,129,100,100,http://localhost:7000/randomRequest,607,0,0
1676157931280,924,HTTP Request,200,,Thread-Gruppe  1-31,text,true,,492,129,100,100,http://localhost:7000/randomRequest,924,0,0
1676157931393,815,HTTP Request,200,,Thread-Gruppe  1-49,text,true,,485,129,100,100,http://localhost:7000/randomRequest,815,0,1
1676157931602,607,HTTP Request,200,,Thread-Gruppe  1-58,text,true,,401,129,100,100,http://localhost:7000/randomRequest,607,0,0
1676157931726,514,HTTP Request,200,,Thread-Gruppe  1-29,text,true,,492,129,100,100,http://localhost:7000/randomRequest,514,0,0
1676157931331,923,HTTP Request,200,,Thread-Gruppe  1-40,text,true,,479,129,100,100,http://localhost:7000/randomRequest,922,0,0
1676157931668,609,HTTP Request,200,,Thread-Gruppe  1-69,text,true,,418,129,100,100,http://localhost:7000/randomRequest,609,0,0
1676157931355,928,HTTP Request,200,,Thread-Gruppe  1-65,text,true,,403,129,100,100,http://localhost:7000/randomRequest,928,0,0
1676157931569,714,HTTP Request,200,,Thread-Gruppe  1-97,text,true,,418,129,100,100,http://localhost:7000/randomRequest,714,0,0
1676157931465,818,HTTP Request,200,,Thread-Gruppe  1-95,text,true,,419,129,100,100,http://localhost:7000/randomRequest,818,0,0
1676157931569,714,HTTP Request,200,,Thread-Gruppe  1-51,text,true,,419,129,100,100,http://localhost:7000/randomRequest,714,0,0
1676157931393,892,HTTP Request,200,,Thread-Gruppe  1-33,text,true,,633,129,100,100,http://localhost:7000/randomRequest,891,0,1
1676157931518,803,HTTP Request,200,,Thread-Gruppe  1-17,text,true,,645,129,100,100,http://localhost:7000/randomRequest,803,0,0
1676157931622,718,HTTP Request,200,,Thread-Gruppe  1-32,text,true,,545,129,100,100,http://localhost:7000/randomRequest,718,0,1
1676157931726,619,HTTP Request,200,,Thread-Gruppe  1-26,text,true,,492,129,100,100,http://localhost:7000/randomRequest,619,0,0
1676157931435,926,HTTP Request,200,,Thread-Gruppe  1-62,text,true,,490,129,100,100,http://localhost:7000/randomRequest,926,0,1
1676157931489,912,HTTP Request,200,,Thread-Gruppe  1-59,text,true,,485,129,100,100,http://localhost:7000/randomRequest,912,0,0
1676157931993,411,HTTP Request,200,,Thread-Gruppe  1-42,text,true,,419,129,100,100,http://localhost:7000/randomRequest,411,0,1
1676157931793,611,HTTP Request,200,,Thread-Gruppe  1-13,text,true,,403,129,100,100,http://localhost:7000/randomRequest,611,0,0
1676157931693,713,HTTP Request,200,,Thread-Gruppe  1-92,text,true,,419,129,100,100,http://localhost:7000/randomRequest,713,0,0
1676157931589,817,HTTP Request,200,,Thread-Gruppe  1-86,text,true,,490,129,100,100,http://localhost:7000/randomRequest,817,0,0
1676157931804,615,HTTP Request,200,,Thread-Gruppe  1-1,text,true,,485,129,100,100,http://localhost:7000/randomRequest,615,0,0
1676157931602,817,HTTP Request,200,,Thread-Gruppe  1-77,text,true,,488,129,100,100,http://localhost:7000/randomRequest,817,0,0
1676157931622,821,HTTP Request,200,,Thread-Gruppe  1-88,text,true,,558,129,100,100,http://localhost:7000/randomRequest,821,0,1
1676157931539,941,HTTP Request,200,,Thread-Gruppe  1-16,text,true,,414,129,100,100,http://localhost:7000/randomRequest,941,0,1
1676157931873,612,HTTP Request,200,,Thread-Gruppe  1-20,text,true,,419,129,100,100,http://localhost:7000/randomRequest,612,0,0
1676157931570,915,HTTP Request,200,,Thread-Gruppe  1-70,text,true,,490,129,100,100,http://localhost:7000/randomRequest,915,0,0
1676157931570,923,HTTP Request,200,,Thread-Gruppe  1-3,text,true,,492,129,100,100,http://localhost:7000/randomRequest,923,0,0
1676157931780,722,HTTP Request,200,,Thread-Gruppe  1-67,text,true,,570,129,100,100,http://localhost:7000/randomRequest,722,0,1
1676157932093,410,HTTP Request,200,,Thread-Gruppe  1-61,text,true,,419,129,100,100,http://localhost:7000/randomRequest,410,0,1
1676157931793,713,HTTP Request,200,,Thread-Gruppe  1-98,text,true,,492,129,100,100,http://localhost:7000/randomRequest,713,0,0
1676157931893,613,HTTP Request,200,,Thread-Gruppe  1-12,text,true,,492,129,100,100,http://localhost:7000/randomRequest,613,0,1
1676157931893,613,HTTP Request,200,,Thread-Gruppe  1-89,text,true,,558,129,100,100,http://localhost:7000/randomRequest,613,0,1
1676157931693,813,HTTP Request,200,,Thread-Gruppe  1-87,text,true,,556,129,100,100,http://localhost:7000/randomRequest,813,0,0
1676157931805,719,HTTP Request,200,,Thread-Gruppe  1-27,text,true,,418,129,100,100,http://localhost:7000/randomRequest,719,0,0
1676157931804,720,HTTP Request,200,,Thread-Gruppe  1-19,text,true,,492,129,100,100,http://localhost:7000/randomRequest,720,0,0
1676157931908,616,HTTP Request,200,,Thread-Gruppe  1-56,text,true,,563,129,100,100,http://localhost:7000/randomRequest,616,0,0
1676157931844,722,HTTP Request,200,,Thread-Gruppe  1-90,text,true,,488,129,100,100,http://localhost:7000/randomRequest,722,0,0
1676157931844,722,HTTP Request,200,,Thread-Gruppe  1-48,text,true,,553,129,100,100,http://localhost:7000/randomRequest,722,0,0
1676157931860,723,HTTP Request,200,,Thread-Gruppe  1-50,text,true,,481,129,100,100,http://localhost:7000/randomRequest,723,0,0
1676157932080,515,HTTP Request,200,,Thread-Gruppe  1-21,text,true,,556,129,100,100,http://localhost:7000/randomRequest,515,0,0
1676157931977,618,HTTP Request,200,,Thread-Gruppe  1-93,text,true,,419,129,100,100,http://localhost:7000/randomRequest,618,0,0
1676157931993,617,HTTP Request,200,,Thread-Gruppe  1-64,text,true,,419,129,100,100,http://localhost:7000/randomRequest,617,0,1
1676157931893,718,HTTP Request,200,,Thread-Gruppe  1-23,text,true,,492,129,100,100,http://localhost:7000/randomRequest,718,0,1
1676157931993,618,HTTP Request,200,,Thread-Gruppe  1-6,text,true,,418,129,100,100,http://localhost:7000/randomRequest,618,0,1
1676157931893,718,HTTP Request,200,,Thread-Gruppe  1-81,text,true,,419,129,100,100,http://localhost:7000/randomRequest,718,0,1
1676157931672,1012,HTTP Request,200,,Thread-Gruppe  1-68,text,true,,645,129,100,100,http://localhost:7000/randomRequest,1012,0,1
1676157932194,516,HTTP Request,200,,Thread-Gruppe  1-24,text,true,,539,129,100,100,http://localhost:7000/randomRequest,516,0,0
1676157931281,1434,HTTP Request,200,,Thread-Gruppe  1-46,text,true,,527,129,100,100,http://localhost:7000/randomRequest,1434,0,1
1676157931693,1024,HTTP Request,200,,Thread-Gruppe  1-41,text,true,,485,129,100,100,http://localhost:7000/randomRequest,1024,0,0
1676157932009,718,HTTP Request,200,,Thread-Gruppe  1-71,text,true,,554,129,100,100,http://localhost:7000/randomRequest,718,0,1
1676157931908,819,HTTP Request,200,,Thread-Gruppe  1-2,text,true,,553,129,100,100,http://localhost:7000/randomRequest,819,0,0
1676157932133,617,HTTP Request,200,,Thread-Gruppe  1-37,text,true,,418,129,100,100,http://localhost:7000/randomRequest,617,0,1
1676157932254,515,HTTP Request,200,,Thread-Gruppe  1-40,text,true,,548,129,100,100,http://localhost:7000/randomRequest,515,0,0
1676157931449,1325,HTTP Request,200,,Thread-Gruppe  1-54,text,true,,489,129,100,100,http://localhost:7000/randomRequest,1325,0,0
1676157931672,1102,HTTP Request,200,,Thread-Gruppe  1-47,text,true,,491,129,100,100,http://localhost:7000/randomRequest,1102,0,1
1676157932209,613,HTTP Request,200,,Thread-Gruppe  1-58,text,true,,492,129,100,100,http://localhost:7000/randomRequest,613,0,0
1676157932240,611,HTTP Request,200,,Thread-Gruppe  1-29,text,true,,417,129,100,100,http://localhost:7000/randomRequest,611,0,0
1676157931920,931,HTTP Request,200,,Thread-Gruppe  1-94,text,true,,492,129,100,100,http://localhost:7000/randomRequest,931,0,0
1676157932133,718,HTTP Request,200,,Thread-Gruppe  1-15,text,true,,555,129,100,100,http://localhost:7000/randomRequest,718,0,1
1676157932345,515,HTTP Request,200,,Thread-Gruppe  1-26,text,true,,418,129,100,100,http://localhost:7000/randomRequest,515,0,1
1676157931932,928,HTTP Request,200,,Thread-Gruppe  1-44,text,true,,561,129,100,100,http://localhost:7000/randomRequest,928,0,0
1676157931954,921,HTTP Request,200,,Thread-Gruppe  1-85,text,true,,485,129,100,100,http://localhost:7000/randomRequest,921,0,1
1676157932361,535,HTTP Request,200,,Thread-Gruppe  1-62,text,true,,417,129,100,100,http://localhost:7000/randomRequest,535,0,0
1676157931873,1027,HTTP Request,200,,Thread-Gruppe  1-80,text,true,,403,129,100,100,http://localhost:7000/randomRequest,1027,0,0
1676157931569,1331,HTTP Request,200,,Thread-Gruppe  1-14,text,true,,401,129,100,100,http://localhost:7000/randomRequest,1331,0,0
1676157932285,622,HTTP Request,200,,Thread-Gruppe  1-33,text,true,,492,129,100,100,http://localhost:7000/randomRequest,622,0,0
1676157932283,624,HTTP Request,200,,Thread-Gruppe  1-65,text,true,,541,129,100,100,http://localhost:7000/randomRequest,624,0,1
1676157932283,624,HTTP Request,200,,Thread-Gruppe  1-51,text,true,,566,129,100,100,http://localhost:7000/randomRequest,624,0,1
1676157931977,930,HTTP Request,200,,Thread-Gruppe  1-22,text,true,,488,129,100,100,http://localhost:7000/randomRequest,930,0,0
1676157932283,624,HTTP Request,200,,Thread-Gruppe  1-97,text,true,,554,129,100,100,http://localhost:7000/randomRequest,624,0,1
1676157932111,823,HTTP Request,200,,Thread-Gruppe  1-74,text,true,,563,129,100,100,http://localhost:7000/randomRequest,823,0,1
1676157932109,831,HTTP Request,200,,Thread-Gruppe  1-91,text,true,,419,129,100,100,http://localhost:7000/randomRequest,831,0,1
1676157931922,1032,HTTP Request,200,,Thread-Gruppe  1-57,text,true,,486,129,100,100,http://localhost:7000/randomRequest,1032,0,0
1676157932149,822,HTTP Request,200,,Thread-Gruppe  1-53,text,true,,564,129,100,100,http://localhost:7000/randomRequest,822,0,0
1676157931672,1304,HTTP Request,200,,Thread-Gruppe  1-30,text,true,,537,129,100,100,http://localhost:7000/randomRequest,1304,0,1
1676157932067,922,HTTP Request,200,,Thread-Gruppe  1-99,text,true,,419,129,100,100,http://localhost:7000/randomRequest,922,0,1
1676157931772,1217,HTTP Request,200,,Thread-Gruppe  1-82,text,true,,492,129,100,100,http://localhost:7000/randomRequest,1217,0,1
1676157931776,1228,HTTP Request,200,,Thread-Gruppe  1-43,text,true,,541,129,100,100,http://localhost:7000/randomRequest,1228,0,1
1676157932060,944,HTTP Request,200,,Thread-Gruppe  1-5,text,true,,417,129,100,100,http://localhost:7000/randomRequest,944,0,0
1676157932277,727,HTTP Request,200,,Thread-Gruppe  1-69,text,true,,485,129,100,100,http://localhost:7000/randomRequest,727,0,1
1676157932283,728,HTTP Request,200,,Thread-Gruppe  1-95,text,true,,484,129,100,100,http://localhost:7000/randomRequest,728,0,1
1676157931905,1115,HTTP Request,200,,Thread-Gruppe  1-100,text,true,,647,129,100,100,http://localhost:7000/randomRequest,1115,0,0
1676157932204,816,HTTP Request,200,,Thread-Gruppe  1-31,text,true,,485,129,100,100,http://localhost:7000/randomRequest,816,0,0
1676157931704,1316,HTTP Request,200,,Thread-Gruppe  1-36,text,true,,527,129,100,100,http://localhost:7000/randomRequest,1316,0,0
1676157931976,1044,HTTP Request,200,,Thread-Gruppe  1-55,text,true,,417,129,100,100,http://localhost:7000/randomRequest,1044,0,0
1676157932406,614,HTTP Request,200,,Thread-Gruppe  1-86,text,true,,416,129,100,100,http://localhost:7000/randomRequest,614,0,0
1676157932611,416,HTTP Request,200,,Thread-Gruppe  1-23,text,true,,492,129,100,100,http://localhost:7000/randomRequest,416,0,0
1676157932208,819,HTTP Request,200,,Thread-Gruppe  1-49,text,true,,485,129,100,100,http://localhost:7000/randomRequest,819,0,1
1676157931829,1214,HTTP Request,200,,Thread-Gruppe  1-38,text,true,,537,129,100,100,http://localhost:7000/randomRequest,1214,0,0
1676157932524,519,HTTP Request,200,,Thread-Gruppe  1-27,text,true,,540,129,100,100,http://localhost:7000/randomRequest,519,0,1
1676157932111,932,HTTP Request,200,,Thread-Gruppe  1-96,text,true,,419,129,100,100,http://localhost:7000/randomRequest,932,0,1
1676157932444,616,HTTP Request,200,,Thread-Gruppe  1-88,text,true,,416,129,100,100,http://localhost:7000/randomRequest,616,0,0
1676157932486,618,HTTP Request,200,,Thread-Gruppe  1-70,text,true,,418,129,100,100,http://localhost:7000/randomRequest,618,0,0
1676157932481,623,HTTP Request,200,,Thread-Gruppe  1-16,text,true,,419,129,100,100,http://localhost:7000/randomRequest,623,0,0
1676157932493,618,HTTP Request,200,,Thread-Gruppe  1-3,text,true,,419,129,100,100,http://localhost:7000/randomRequest,618,0,0
1676157932610,511,HTTP Request,200,,Thread-Gruppe  1-64,text,true,,553,129,100,100,http://localhost:7000/randomRequest,511,0,0
1676157932406,715,HTTP Request,200,,Thread-Gruppe  1-92,text,true,,490,129,100,100,http://localhost:7000/randomRequest,715,0,0
1676157932111,1010,HTTP Request,200,,Thread-Gruppe  1-45,text,true,,495,129,100,100,http://localhost:7000/randomRequest,1010,0,1
1676157932502,619,HTTP Request,200,,Thread-Gruppe  1-67,text,true,,416,129,100,100,http://localhost:7000/randomRequest,619,0,1
1676157932506,623,HTTP Request,200,,Thread-Gruppe  1-12,text,true,,417,129,100,100,http://localhost:7000/randomRequest,623,0,1
1676157932524,621,HTTP Request,200,,Thread-Gruppe  1-56,text,true,,567,129,100,100,http://localhost:7000/randomRequest,621,0,1
1676157932340,814,HTTP Request,200,,Thread-Gruppe  1-32,text,true,,637,129,100,100,http://localhost:7000/randomRequest,814,0,0
1676157932128,1030,HTTP Request,200,,Thread-Gruppe  1-84,text,true,,492,129,100,100,http://localhost:7000/randomRequest,1030,0,1
1676157932139,1024,HTTP Request,200,,Thread-Gruppe  1-72,text,true,,481,129,100,100,http://localhost:7000/randomRequest,1024,0,1
1676157932057,1113,HTTP Request,200,,Thread-Gruppe  1-76,text,true,,541,129,100,100,http://localhost:7000/randomRequest,1113,0,0
1676157931856,1314,HTTP Request,200,,Thread-Gruppe  1-28,text,true,,527,129,100,100,http://localhost:7000/randomRequest,1314,0,0
1676157932566,605,HTTP Request,200,,Thread-Gruppe  1-48,text,true,,419,129,100,100,http://localhost:7000/randomRequest,605,0,0
1676157931893,1297,HTTP Request,200,,Thread-Gruppe  1-39,text,true,,541,129,100,100,http://localhost:7000/randomRequest,1297,0,1
1676157932196,994,HTTP Request,200,,Thread-Gruppe  1-7,text,true,,537,129,100,100,http://localhost:7000/randomRequest,994,0,1
1676157932404,817,HTTP Request,200,,Thread-Gruppe  1-13,text,true,,419,129,100,100,http://localhost:7000/randomRequest,817,0,1
1676157932503,718,HTTP Request,200,,Thread-Gruppe  1-61,text,true,,418,129,100,100,http://localhost:7000/randomRequest,718,0,1
1676157932404,817,HTTP Request,200,,Thread-Gruppe  1-42,text,true,,419,129,100,100,http://localhost:7000/randomRequest,817,0,0
1676157931804,1417,HTTP Request,200,,Thread-Gruppe  1-4,text,true,,537,129,100,100,http://localhost:7000/randomRequest,1417,0,1
1676157932420,828,HTTP Request,200,,Thread-Gruppe  1-77,text,true,,485,129,100,100,http://localhost:7000/randomRequest,828,0,0
1676157932595,724,HTTP Request,200,,Thread-Gruppe  1-21,text,true,,569,129,100,100,http://localhost:7000/randomRequest,724,0,1
1676157932595,724,HTTP Request,200,,Thread-Gruppe  1-93,text,true,,561,129,100,100,http://localhost:7000/randomRequest,724,0,1
1676157932611,728,HTTP Request,200,,Thread-Gruppe  1-81,text,true,,492,129,100,100,http://localhost:7000/randomRequest,728,0,0
1676157932321,1030,HTTP Request,200,,Thread-Gruppe  1-17,text,true,,488,129,100,100,http://localhost:7000/randomRequest,1030,0,0
1676157932420,931,HTTP Request,200,,Thread-Gruppe  1-1,text,true,,492,129,100,100,http://localhost:7000/randomRequest,931,0,0
1676157932486,903,HTTP Request,200,,Thread-Gruppe  1-20,text,true,,633,129,100,100,http://localhost:7000/randomRequest,903,0,0
1676157932774,615,HTTP Request,200,,Thread-Gruppe  1-47,text,true,,485,129,100,100,http://localhost:7000/randomRequest,615,0,1
1676157932907,515,HTTP Request,200,,Thread-Gruppe  1-65,text,true,,419,129,100,100,http://localhost:7000/randomRequest,515,0,1
1676157933020,413,HTTP Request,200,,Thread-Gruppe  1-31,text,true,,418,129,100,100,http://localhost:7000/randomRequest,413,0,0
1676157932611,827,HTTP Request,200,,Thread-Gruppe  1-6,text,true,,560,129,100,100,http://localhost:7000/randomRequest,827,0,0
1676157933027,411,HTTP Request,200,,Thread-Gruppe  1-23,text,true,,553,129,100,100,http://localhost:7000/randomRequest,411,0,1
1676157933027,414,HTTP Request,200,,Thread-Gruppe  1-49,text,true,,492,129,100,100,http://localhost:7000/randomRequest,414,0,1
1676157932822,623,HTTP Request,200,,Thread-Gruppe  1-58,text,true,,419,129,100,100,http://localhost:7000/randomRequest,623,0,0
1676157932907,542,HTTP Request,200,,Thread-Gruppe  1-97,text,true,,677,129,100,100,http://localhost:7000/randomRequest,542,0,1
1676157932851,616,HTTP Request,200,,Thread-Gruppe  1-94,text,true,,488,129,100,100,http://localhost:7000/randomRequest,616,0,1
1676157932566,914,HTTP Request,200,,Thread-Gruppe  1-90,text,true,,418,129,100,100,http://localhost:7000/randomRequest,914,0,0
1676157932769,711,HTTP Request,200,,Thread-Gruppe  1-40,text,true,,418,129,100,100,http://localhost:7000/randomRequest,711,0,1
1676157932907,619,HTTP Request,200,,Thread-Gruppe  1-22,text,true,,490,129,100,100,http://localhost:7000/randomRequest,619,0,1
1676157932506,1027,HTTP Request,200,,Thread-Gruppe  1-89,text,true,,527,129,100,100,http://localhost:7000/randomRequest,1027,0,1
1676157932005,1536,HTTP Request,200,,Thread-Gruppe  1-78,text,true,,489,129,100,100,http://localhost:7000/randomRequest,1536,0,0
1676157932506,1035,HTTP Request,200,,Thread-Gruppe  1-98,text,true,,403,129,100,100,http://localhost:7000/randomRequest,1035,0,1
1676157932750,791,HTTP Request,200,,Thread-Gruppe  1-37,text,true,,495,129,100,100,http://localhost:7000/randomRequest,791,0,0
1676157932156,1414,HTTP Request,200,,Thread-Gruppe  1-34,text,true,,539,129,100,100,http://localhost:7000/randomRequest,1414,0,0
1676157932710,897,HTTP Request,200,,Thread-Gruppe  1-24,text,true,,537,129,100,100,http://localhost:7000/randomRequest,897,0,0
1676157932506,1114,HTTP Request,200,,Thread-Gruppe  1-87,text,true,,633,129,100,100,http://localhost:7000/randomRequest,1114,0,1
1676157933104,516,HTTP Request,200,,Thread-Gruppe  1-70,text,true,,417,129,100,100,http://localhost:7000/randomRequest,516,0,1
1676157933319,308,HTTP Request,200,,Thread-Gruppe  1-93,text,true,,540,129,100,100,http://localhost:7000/randomRequest,308,0,1
1676157933011,618,HTTP Request,200,,Thread-Gruppe  1-95,text,true,,553,129,100,100,http://localhost:7000/randomRequest,618,0,0
1676157932524,1111,HTTP Request,200,,Thread-Gruppe  1-19,text,true,,527,129,100,100,http://localhost:7000/randomRequest,1111,0,1
1676157933121,518,HTTP Request,200,,Thread-Gruppe  1-45,text,true,,564,129,100,100,http://localhost:7000/randomRequest,518,0,1
1676157932728,930,HTTP Request,200,,Thread-Gruppe  1-71,text,true,,532,129,100,100,http://localhost:7000/randomRequest,930,0,0
1676157932715,943,HTTP Request,200,,Thread-Gruppe  1-46,text,true,,563,129,100,100,http://localhost:7000/randomRequest,943,0,0
1676157932851,819,HTTP Request,200,,Thread-Gruppe  1-15,text,true,,403,129,100,100,http://localhost:7000/randomRequest,819,0,1
1676157932684,995,HTTP Request,200,,Thread-Gruppe  1-68,text,true,,537,129,100,100,http://localhost:7000/randomRequest,995,0,0
1676157932976,723,HTTP Request,200,,Thread-Gruppe  1-30,text,true,,419,129,100,100,http://localhost:7000/randomRequest,723,0,0
1676157932774,925,HTTP Request,200,,Thread-Gruppe  1-54,text,true,,486,129,100,100,http://localhost:7000/randomRequest,925,0,1
1676157932989,719,HTTP Request,200,,Thread-Gruppe  1-99,text,true,,490,129,100,100,http://localhost:7000/randomRequest,719,0,0
1676157933191,517,HTTP Request,200,,Thread-Gruppe  1-39,text,true,,403,129,100,100,http://localhost:7000/randomRequest,517,0,0
1676157932717,998,HTTP Request,200,,Thread-Gruppe  1-41,text,true,,642,129,100,100,http://localhost:7000/randomRequest,998,0,0
1676157933004,717,HTTP Request,200,,Thread-Gruppe  1-69,text,true,,492,129,100,100,http://localhost:7000/randomRequest,717,0,0
1676157932896,826,HTTP Request,200,,Thread-Gruppe  1-62,text,true,,490,129,100,100,http://localhost:7000/randomRequest,826,0,1
1676157933020,721,HTTP Request,200,,Thread-Gruppe  1-36,text,true,,492,129,100,100,http://localhost:7000/randomRequest,721,0,0
1676157933221,520,HTTP Request,200,,Thread-Gruppe  1-4,text,true,,548,129,100,100,http://localhost:7000/randomRequest,520,0,1
1676157933121,620,HTTP Request,200,,Thread-Gruppe  1-67,text,true,,419,129,100,100,http://localhost:7000/randomRequest,620,0,1
1676157933249,509,HTTP Request,200,,Thread-Gruppe  1-77,text,true,,563,129,100,100,http://localhost:7000/randomRequest,509,0,0
1676157932860,919,HTTP Request,200,,Thread-Gruppe  1-44,text,true,,492,129,100,100,http://localhost:7000/randomRequest,919,0,0
1676157932940,843,HTTP Request,200,,Thread-Gruppe  1-91,text,true,,540,129,100,100,http://localhost:7000/randomRequest,843,0,0
1676157933170,621,HTTP Request,200,,Thread-Gruppe  1-76,text,true,,489,129,100,100,http://localhost:7000/randomRequest,621,0,1
1676157932900,925,HTTP Request,200,,Thread-Gruppe  1-14,text,true,,492,129,100,100,http://localhost:7000/randomRequest,925,0,0
1676157932401,1424,HTTP Request,200,,Thread-Gruppe  1-59,text,true,,535,129,100,100,http://localhost:7000/randomRequest,1424,0,0
1676157933221,620,HTTP Request,200,,Thread-Gruppe  1-13,text,true,,419,129,100,100,http://localhost:7000/randomRequest,620,0,1
1676157933020,821,HTTP Request,200,,Thread-Gruppe  1-86,text,true,,552,129,100,100,http://localhost:7000/randomRequest,821,0,0
1676157933221,620,HTTP Request,200,,Thread-Gruppe  1-42,text,true,,419,129,100,100,http://localhost:7000/randomRequest,620,0,1
1676157933433,413,HTTP Request,200,,Thread-Gruppe  1-31,text,true,,419,129,100,100,http://localhost:7000/randomRequest,413,0,1
1676157932851,1020,HTTP Request,200,,Thread-Gruppe  1-29,text,true,,546,129,100,100,http://localhost:7000/randomRequest,1020,0,1
1676157932860,1019,HTTP Request,200,,Thread-Gruppe  1-26,text,true,,549,129,100,100,http://localhost:7000/randomRequest,1019,0,0
1676157933060,823,HTTP Request,200,,Thread-Gruppe  1-88,text,true,,418,129,100,100,http://localhost:7000/randomRequest,823,0,0
1676157933389,519,HTTP Request,200,,Thread-Gruppe  1-47,text,true,,549,129,100,100,http://localhost:7000/randomRequest,519,0,0
1676157932875,1047,HTTP Request,200,,Thread-Gruppe  1-85,text,true,,664,129,100,100,http://localhost:7000/randomRequest,1047,0,1
1676157932583,1342,HTTP Request,200,,Thread-Gruppe  1-50,text,true,,537,129,100,100,http://localhost:7000/randomRequest,1342,0,1
1676157932907,1039,HTTP Request,200,,Thread-Gruppe  1-51,text,true,,492,129,100,100,http://localhost:7000/randomRequest,1039,0,1
1676157933439,518,HTTP Request,200,,Thread-Gruppe  1-6,text,true,,419,129,100,100,http://localhost:7000/randomRequest,518,0,0
1676157932900,1084,HTTP Request,200,,Thread-Gruppe  1-80,text,true,,641,129,100,100,http://localhost:7000/randomRequest,1084,0,0
1676157933043,946,HTTP Request,200,,Thread-Gruppe  1-96,text,true,,545,129,100,100,http://localhost:7000/randomRequest,946,0,1
1676157933111,927,HTTP Request,200,,Thread-Gruppe  1-3,text,true,,492,129,100,100,http://localhost:7000/randomRequest,927,0,1
1676157933422,623,HTTP Request,200,,Thread-Gruppe  1-65,text,true,,402,129,100,100,http://localhost:7000/randomRequest,623,0,0
1676157933526,519,HTTP Request,200,,Thread-Gruppe  1-22,text,true,,489,129,100,100,http://localhost:7000/randomRequest,519,0,0
1676157933541,512,HTTP Request,200,,Thread-Gruppe  1-98,text,true,,417,129,100,100,http://localhost:7000/randomRequest,512,0,1
1676157933439,614,HTTP Request,200,,Thread-Gruppe  1-23,text,true,,490,129,100,100,http://localhost:7000/randomRequest,614,0,0
1676157933351,710,HTTP Request,200,,Thread-Gruppe  1-1,text,true,,403,129,100,100,http://localhost:7000/randomRequest,710,0,0
1676157933145,922,HTTP Request,200,,Thread-Gruppe  1-56,text,true,,490,129,100,100,http://localhost:7000/randomRequest,922,0,0
1676157932728,1339,HTTP Request,200,,Thread-Gruppe  1-2,text,true,,495,129,100,100,http://localhost:7000/randomRequest,1339,0,0
1676157933351,716,HTTP Request,200,,Thread-Gruppe  1-17,text,true,,492,129,100,100,http://localhost:7000/randomRequest,716,0,0
1676157933163,928,HTTP Request,200,,Thread-Gruppe  1-72,text,true,,485,129,100,100,http://localhost:7000/randomRequest,928,0,0
1676157933389,720,HTTP Request,200,,Thread-Gruppe  1-20,text,true,,559,129,100,100,http://localhost:7000/randomRequest,720,0,0
1676157932907,1232,HTTP Request,200,,Thread-Gruppe  1-33,text,true,,490,129,100,100,http://localhost:7000/randomRequest,1232,0,1
1676157933043,1096,HTTP Request,200,,Thread-Gruppe  1-38,text,true,,537,129,100,100,http://localhost:7000/randomRequest,1096,0,0
1676157933639,516,HTTP Request,200,,Thread-Gruppe  1-45,text,true,,562,129,100,100,http://localhost:7000/randomRequest,516,0,0
1676157933741,414,HTTP Request,200,,Thread-Gruppe  1-4,text,true,,548,129,100,100,http://localhost:7000/randomRequest,414,0,0
1676157933441,714,HTTP Request,200,,Thread-Gruppe  1-49,text,true,,481,129,100,100,http://localhost:7000/randomRequest,714,0,0
1676157933221,934,HTTP Request,200,,Thread-Gruppe  1-61,text,true,,381,129,100,100,http://localhost:7000/randomRequest,934,0,1
1676157933658,508,HTTP Request,200,,Thread-Gruppe  1-46,text,true,,567,129,100,100,http://localhost:7000/randomRequest,508,0,0
1676157933449,720,HTTP Request,200,,Thread-Gruppe  1-97,text,true,,489,129,100,100,http://localhost:7000/randomRequest,720,0,1
1676157933670,509,HTTP Request,200,,Thread-Gruppe  1-15,text,true,,417,129,100,100,http://localhost:7000/randomRequest,509,0,0
1676157933570,621,HTTP Request,200,,Thread-Gruppe  1-34,text,true,,419,129,100,100,http://localhost:7000/randomRequest,621,0,0
1676157933468,723,HTTP Request,200,,Thread-Gruppe  1-94,text,true,,522,129,100,100,http://localhost:7000/randomRequest,723,0,0
1676157933004,1200,HTTP Request,200,,Thread-Gruppe  1-5,text,true,,537,129,100,100,http://localhost:7000/randomRequest,1200,0,0
1676157933480,724,HTTP Request,200,,Thread-Gruppe  1-40,text,true,,559,129,100,100,http://localhost:7000/randomRequest,724,0,1
1676157932989,1227,HTTP Request,200,,Thread-Gruppe  1-82,text,true,,563,129,100,100,http://localhost:7000/randomRequest,1227,0,0
1676157933708,513,HTTP Request,200,,Thread-Gruppe  1-99,text,true,,548,129,100,100,http://localhost:7000/randomRequest,513,0,0
1676157932934,1296,HTTP Request,200,,Thread-Gruppe  1-74,text,true,,643,129,100,100,http://localhost:7000/randomRequest,1296,0,0
1676157933541,714,HTTP Request,200,,Thread-Gruppe  1-37,text,true,,492,129,100,100,http://localhost:7000/randomRequest,714,0,1
1676157933842,413,HTTP Request,200,,Thread-Gruppe  1-86,text,true,,419,129,100,100,http://localhost:7000/randomRequest,413,0,0
1676157933533,722,HTTP Request,200,,Thread-Gruppe  1-89,text,true,,492,129,100,100,http://localhost:7000/randomRequest,722,0,1
1676157933541,714,HTTP Request,200,,Thread-Gruppe  1-78,text,true,,403,129,100,100,http://localhost:7000/randomRequest,714,0,1
1676157933758,511,HTTP Request,200,,Thread-Gruppe  1-77,text,true,,419,129,100,100,http://localhost:7000/randomRequest,511,0,0
1676157933480,821,HTTP Request,200,,Thread-Gruppe  1-90,text,true,,488,129,100,100,http://localhost:7000/randomRequest,821,0,1
1676157933700,617,HTTP Request,200,,Thread-Gruppe  1-54,text,true,,419,129,100,100,http://localhost:7000/randomRequest,617,0,0
1676157933319,1002,HTTP Request,200,,Thread-Gruppe  1-21,text,true,,541,129,100,100,http://localhost:7000/randomRequest,1002,0,1
1676157933825,529,HTTP Request,200,,Thread-Gruppe  1-59,text,true,,488,129,100,100,http://localhost:7000/randomRequest,529,0,0
1676157933020,1338,HTTP Request,200,,Thread-Gruppe  1-100,text,true,,489,129,100,100,http://localhost:7000/randomRequest,1338,0,0
1676157933842,516,HTTP Request,200,,Thread-Gruppe  1-42,text,true,,492,129,100,100,http://localhost:7000/randomRequest,516,0,0
1676157933658,717,HTTP Request,200,,Thread-Gruppe  1-71,text,true,,541,129,100,100,http://localhost:7000/randomRequest,717,0,0
1676157933989,410,HTTP Request,200,,Thread-Gruppe  1-96,text,true,,417,129,100,100,http://localhost:7000/randomRequest,410,0,0
1676157933700,722,HTTP Request,200,,Thread-Gruppe  1-30,text,true,,560,129,100,100,http://localhost:7000/randomRequest,722,0,0
1676157933922,521,HTTP Request,200,,Thread-Gruppe  1-85,text,true,,556,129,100,100,http://localhost:7000/randomRequest,521,0,0
1676157933339,1106,HTTP Request,200,,Thread-Gruppe  1-81,text,true,,629,129,100,100,http://localhost:7000/randomRequest,1106,0,1
1676157933104,1341,HTTP Request,200,,Thread-Gruppe  1-16,text,true,,492,129,100,100,http://localhost:7000/randomRequest,1341,0,1
1676157933925,520,HTTP Request,200,,Thread-Gruppe  1-50,text,true,,419,129,100,100,http://localhost:7000/randomRequest,520,0,0
1676157932954,1500,HTTP Request,200,,Thread-Gruppe  1-57,text,true,,527,129,100,100,http://localhost:7000/randomRequest,1500,0,0
1676157933741,721,HTTP Request,200,,Thread-Gruppe  1-36,text,true,,550,129,100,100,http://localhost:7000/randomRequest,721,0,0
1676157933121,1341,HTTP Request,200,,Thread-Gruppe  1-92,text,true,,419,129,100,100,http://localhost:7000/randomRequest,1341,0,1
1676157933121,1341,HTTP Request,200,,Thread-Gruppe  1-64,text,true,,419,129,100,100,http://localhost:7000/randomRequest,1341,0,1
1676157933636,826,HTTP Request,200,,Thread-Gruppe  1-19,text,true,,554,129,100,100,http://localhost:7000/randomRequest,826,0,0
1676157933154,1338,HTTP Request,200,,Thread-Gruppe  1-32,text,true,,416,129,100,100,http://localhost:7000/randomRequest,1338,0,0
1676157933170,1322,HTTP Request,200,,Thread-Gruppe  1-28,text,true,,539,129,100,100,http://localhost:7000/randomRequest,1322,0,1
1676157933984,517,HTTP Request,200,,Thread-Gruppe  1-80,text,true,,418,129,100,100,http://localhost:7000/randomRequest,517,0,0
1676157934091,410,HTTP Request,200,,Thread-Gruppe  1-72,text,true,,418,129,100,100,http://localhost:7000/randomRequest,410,0,1
1676157933879,622,HTTP Request,200,,Thread-Gruppe  1-26,text,true,,485,129,100,100,http://localhost:7000/randomRequest,622,0,1
1676157933779,722,HTTP Request,200,,Thread-Gruppe  1-44,text,true,,485,129,100,100,http://localhost:7000/randomRequest,722,0,0
1676157933004,1501,HTTP Request,200,,Thread-Gruppe  1-43,text,true,,493,129,100,100,http://localhost:7000/randomRequest,1501,0,0
1676157933171,1337,HTTP Request,200,,Thread-Gruppe  1-48,text,true,,492,129,100,100,http://localhost:7000/randomRequest,1337,0,1
1676157933607,918,HTTP Request,200,,Thread-Gruppe  1-24,text,true,,492,129,100,100,http://localhost:7000/randomRequest,918,0,1
1676157933722,803,HTTP Request,200,,Thread-Gruppe  1-62,text,true,,527,129,100,100,http://localhost:7000/randomRequest,803,0,0
1676157933191,1334,HTTP Request,200,,Thread-Gruppe  1-7,text,true,,563,129,100,100,http://localhost:7000/randomRequest,1334,0,0
1676157933620,930,HTTP Request,200,,Thread-Gruppe  1-87,text,true,,478,129,100,100,http://localhost:7000/randomRequest,930,0,0
1676157933020,1530,HTTP Request,200,,Thread-Gruppe  1-55,text,true,,527,129,100,100,http://localhost:7000/randomRequest,1530,0,0
1676157933627,923,HTTP Request,200,,Thread-Gruppe  1-93,text,true,,488,129,100,100,http://localhost:7000/randomRequest,923,0,1
1676157934039,516,HTTP Request,200,,Thread-Gruppe  1-3,text,true,,550,129,100,100,http://localhost:7000/randomRequest,516,0,0
1676157934046,509,HTTP Request,200,,Thread-Gruppe  1-65,text,true,,492,129,100,100,http://localhost:7000/randomRequest,509,0,0
1676157933946,621,HTTP Request,200,,Thread-Gruppe  1-51,text,true,,419,129,100,100,http://localhost:7000/randomRequest,621,0,0
1676157933445,1122,HTTP Request,200,,Thread-Gruppe  1-58,text,true,,541,129,100,100,http://localhost:7000/randomRequest,1122,0,0
1676157933043,1531,HTTP Request,200,,Thread-Gruppe  1-27,text,true,,490,129,100,100,http://localhost:7000/randomRequest,1530,0,1
1676157934269,310,HTTP Request,200,,Thread-Gruppe  1-77,text,true,,547,129,100,100,http://localhost:7000/randomRequest,310,0,0
1676157933158,1437,HTTP Request,200,,Thread-Gruppe  1-84,text,true,,567,129,100,100,http://localhost:7000/randomRequest,1437,0,0
1676157933620,992,HTTP Request,200,,Thread-Gruppe  1-70,text,true,,481,129,100,100,http://localhost:7000/randomRequest,992,0,0
1676157933791,821,HTTP Request,200,,Thread-Gruppe  1-76,text,true,,403,129,100,100,http://localhost:7000/randomRequest,821,0,0
1676157933842,776,HTTP Request,200,,Thread-Gruppe  1-13,text,true,,495,129,100,100,http://localhost:7000/randomRequest,776,0,0
1676157933908,722,HTTP Request,200,,Thread-Gruppe  1-47,text,true,,530,129,100,100,http://localhost:7000/randomRequest,722,0,0
1676157934139,512,HTTP Request,200,,Thread-Gruppe  1-33,text,true,,489,129,100,100,http://localhost:7000/randomRequest,512,0,0
1676157934255,413,HTTP Request,200,,Thread-Gruppe  1-89,text,true,,490,129,100,100,http://localhost:7000/randomRequest,413,0,1
1676157934053,616,HTTP Request,200,,Thread-Gruppe  1-23,text,true,,419,129,100,100,http://localhost:7000/randomRequest,616,0,1
1676157934053,616,HTTP Request,200,,Thread-Gruppe  1-98,text,true,,492,129,100,100,http://localhost:7000/randomRequest,616,0,1
1676157933846,823,HTTP Request,200,,Thread-Gruppe  1-31,text,true,,492,129,100,100,http://localhost:7000/randomRequest,823,0,0
1676157934061,623,HTTP Request,200,,Thread-Gruppe  1-1,text,true,,419,129,100,100,http://localhost:7000/randomRequest,623,0,1
1676157934169,520,HTTP Request,200,,Thread-Gruppe  1-97,text,true,,492,129,100,100,http://localhost:7000/randomRequest,520,0,1
1676157933958,742,HTTP Request,200,,Thread-Gruppe  1-6,text,true,,417,129,100,100,http://localhost:7000/randomRequest,742,0,0
1676157933871,829,HTTP Request,200,,Thread-Gruppe  1-29,text,true,,492,129,100,100,http://localhost:7000/randomRequest,829,0,0
1676157933708,996,HTTP Request,200,,Thread-Gruppe  1-39,text,true,,633,129,100,100,http://localhost:7000/randomRequest,996,0,0
1676157934191,513,HTTP Request,200,,Thread-Gruppe  1-94,text,true,,550,129,100,100,http://localhost:7000/randomRequest,513,0,1
1676157934301,411,HTTP Request,200,,Thread-Gruppe  1-90,text,true,,559,129,100,100,http://localhost:7000/randomRequest,411,0,0
1676157934321,413,HTTP Request,200,,Thread-Gruppe  1-21,text,true,,548,129,100,100,http://localhost:7000/randomRequest,413,0,0
1676157933679,1055,HTTP Request,200,,Thread-Gruppe  1-68,text,true,,576,129,100,100,http://localhost:7000/randomRequest,1055,0,0
1676157933883,923,HTTP Request,200,,Thread-Gruppe  1-88,text,true,,490,129,100,100,http://localhost:7000/randomRequest,923,0,1
1676157933721,1101,HTTP Request,200,,Thread-Gruppe  1-69,text,true,,537,129,100,100,http://localhost:7000/randomRequest,1101,0,1
1676157934318,521,HTTP Request,200,,Thread-Gruppe  1-54,text,true,,419,129,100,100,http://localhost:7000/randomRequest,521,0,0
1676157934445,414,HTTP Request,200,,Thread-Gruppe  1-16,text,true,,557,129,100,100,http://localhost:7000/randomRequest,414,0,0
1676157933129,1730,HTTP Request,200,,Thread-Gruppe  1-12,text,true,,643,129,100,100,http://localhost:7000/randomRequest,1730,0,1
1676157934355,513,HTTP Request,200,,Thread-Gruppe  1-59,text,true,,481,129,100,100,http://localhost:7000/randomRequest,513,0,0
1676157934155,715,HTTP Request,200,,Thread-Gruppe  1-45,text,true,,492,129,100,100,http://localhost:7000/randomRequest,715,0,0
1676157934375,517,HTTP Request,200,,Thread-Gruppe  1-71,text,true,,481,129,100,100,http://localhost:7000/randomRequest,517,0,0
1676157934595,314,HTTP Request,200,,Thread-Gruppe  1-84,text,true,,418,129,100,100,http://localhost:7000/randomRequest,314,0,1
1676157933783,1135,HTTP Request,200,,Thread-Gruppe  1-91,text,true,,540,129,100,100,http://localhost:7000/randomRequest,1135,0,1
1676157933715,1231,HTTP Request,200,,Thread-Gruppe  1-41,text,true,,479,129,100,100,http://localhost:7000/randomRequest,1231,0,0
1676157934445,516,HTTP Request,200,,Thread-Gruppe  1-50,text,true,,569,129,100,100,http://localhost:7000/randomRequest,516,0,0
1676157934046,922,HTTP Request,200,,Thread-Gruppe  1-22,text,true,,418,129,100,100,http://localhost:7000/randomRequest,922,0,0
1676157934255,717,HTTP Request,200,,Thread-Gruppe  1-86,text,true,,485,129,100,100,http://localhost:7000/randomRequest,717,0,1
1676157934068,926,HTTP Request,200,,Thread-Gruppe  1-2,text,true,,485,129,100,100,http://localhost:7000/randomRequest,926,0,0
1676157934179,826,HTTP Request,200,,Thread-Gruppe  1-15,text,true,,419,129,100,100,http://localhost:7000/randomRequest,826,0,1
1676157934068,937,HTTP Request,200,,Thread-Gruppe  1-17,text,true,,415,129,100,100,http://localhost:7000/randomRequest,937,0,0
1676157932971,2034,HTTP Request,200,,Thread-Gruppe  1-53,text,true,,539,129,100,100,http://localhost:7000/randomRequest,2034,0,0
1676157934110,895,HTTP Request,200,,Thread-Gruppe  1-20,text,true,,526,129,100,100,http://localhost:7000/randomRequest,895,0,0
1676157934525,515,HTTP Request,200,,Thread-Gruppe  1-62,text,true,,492,129,100,100,http://localhost:7000/randomRequest,515,0,0
1676157934205,846,HTTP Request,200,,Thread-Gruppe  1-40,text,true,,680,129,100,100,http://localhost:7000/randomRequest,846,0,0
1676157934155,917,HTTP Request,200,,Thread-Gruppe  1-4,text,true,,488,129,100,100,http://localhost:7000/randomRequest,917,0,0
1676157934462,610,HTTP Request,200,,Thread-Gruppe  1-64,text,true,,485,129,100,100,http://localhost:7000/randomRequest,610,0,0
1676157933741,1331,HTTP Request,200,,Thread-Gruppe  1-67,text,true,,643,129,100,100,http://localhost:7000/randomRequest,1331,0,0
1676157934155,917,HTTP Request,200,,Thread-Gruppe  1-61,text,true,,545,129,100,100,http://localhost:7000/randomRequest,917,0,0
1676157934462,635,HTTP Request,200,,Thread-Gruppe  1-92,text,true,,417,129,100,100,http://localhost:7000/randomRequest,635,0,0
1676157934255,842,HTTP Request,200,,Thread-Gruppe  1-78,text,true,,417,129,100,100,http://localhost:7000/randomRequest,842,0,1
1676157934492,613,HTTP Request,200,,Thread-Gruppe  1-28,text,true,,418,129,100,100,http://localhost:7000/randomRequest,613,0,0
1676157934191,922,HTTP Request,200,,Thread-Gruppe  1-34,text,true,,488,129,100,100,http://localhost:7000/randomRequest,922,0,1
1676157934501,612,HTTP Request,200,,Thread-Gruppe  1-80,text,true,,481,129,100,100,http://localhost:7000/randomRequest,612,0,0
1676157934399,720,HTTP Request,200,,Thread-Gruppe  1-96,text,true,,481,129,100,100,http://localhost:7000/randomRequest,720,0,0
1676157934422,729,HTTP Request,200,,Thread-Gruppe  1-30,text,true,,492,129,100,100,http://localhost:7000/randomRequest,729,0,0
1676157933629,1522,HTTP Request,200,,Thread-Gruppe  1-95,text,true,,537,129,100,100,http://localhost:7000/randomRequest,1522,0,1
1676157934230,926,HTTP Request,200,,Thread-Gruppe  1-74,text,true,,488,129,100,100,http://localhost:7000/randomRequest,926,0,0
1676157934443,713,HTTP Request,200,,Thread-Gruppe  1-85,text,true,,567,129,100,100,http://localhost:7000/randomRequest,713,0,0
1676157934555,611,HTTP Request,200,,Thread-Gruppe  1-65,text,true,,492,129,100,100,http://localhost:7000/randomRequest,611,0,0
1676157934525,641,HTTP Request,200,,Thread-Gruppe  1-24,text,true,,417,129,100,100,http://localhost:7000/randomRequest,641,0,0
1676157934550,616,HTTP Request,200,,Thread-Gruppe  1-55,text,true,,419,129,100,100,http://localhost:7000/randomRequest,616,0,0
1676157934462,710,HTTP Request,200,,Thread-Gruppe  1-36,text,true,,490,129,100,100,http://localhost:7000/randomRequest,710,0,0
1676157934358,814,HTTP Request,200,,Thread-Gruppe  1-42,text,true,,566,129,100,100,http://localhost:7000/randomRequest,814,0,1
1676157934567,612,HTTP Request,200,,Thread-Gruppe  1-58,text,true,,418,129,100,100,http://localhost:7000/randomRequest,612,0,1
1676157934216,1033,HTTP Request,200,,Thread-Gruppe  1-82,text,true,,558,129,100,100,http://localhost:7000/randomRequest,1033,0,0
1676157934358,896,HTTP Request,200,,Thread-Gruppe  1-100,text,true,,537,129,100,100,http://localhost:7000/randomRequest,896,0,1
1676157934567,716,HTTP Request,200,,Thread-Gruppe  1-51,text,true,,564,129,100,100,http://localhost:7000/randomRequest,716,0,1
1676157934501,800,HTTP Request,200,,Thread-Gruppe  1-26,text,true,,491,129,100,100,http://localhost:7000/randomRequest,800,0,0
1676157934205,1096,HTTP Request,200,,Thread-Gruppe  1-5,text,true,,647,129,100,100,http://localhost:7000/randomRequest,1096,0,0
1676157934501,819,HTTP Request,200,,Thread-Gruppe  1-44,text,true,,492,129,100,100,http://localhost:7000/randomRequest,819,0,0
1676157934612,709,HTTP Request,200,,Thread-Gruppe  1-70,text,true,,417,129,100,100,http://localhost:7000/randomRequest,709,0,0
1676157934822,509,HTTP Request,200,,Thread-Gruppe  1-69,text,true,,549,129,100,100,http://localhost:7000/randomRequest,509,0,1
1676157934139,1227,HTTP Request,200,,Thread-Gruppe  1-38,text,true,,647,129,100,100,http://localhost:7000/randomRequest,1227,0,0
1676157934525,841,HTTP Request,200,,Thread-Gruppe  1-7,text,true,,481,129,100,100,http://localhost:7000/randomRequest,841,0,0
1676157934550,822,HTTP Request,200,,Thread-Gruppe  1-93,text,true,,492,129,100,100,http://localhost:7000/randomRequest,822,0,0
1676157934870,516,HTTP Request,200,,Thread-Gruppe  1-45,text,true,,551,129,100,100,http://localhost:7000/randomRequest,516,0,1
1676157934506,898,HTTP Request,200,,Thread-Gruppe  1-43,text,true,,495,129,100,100,http://localhost:7000/randomRequest,898,0,0
1676157934684,720,HTTP Request,200,,Thread-Gruppe  1-1,text,true,,416,129,100,100,http://localhost:7000/randomRequest,720,0,0
1676157934579,825,HTTP Request,200,,Thread-Gruppe  1-77,text,true,,492,129,100,100,http://localhost:7000/randomRequest,825,0,1
1676157934704,721,HTTP Request,200,,Thread-Gruppe  1-94,text,true,,543,129,100,100,http://localhost:7000/randomRequest,721,0,1
1676157934806,619,HTTP Request,200,,Thread-Gruppe  1-88,text,true,,419,129,100,100,http://localhost:7000/randomRequest,619,0,1
1676157934618,817,HTTP Request,200,,Thread-Gruppe  1-13,text,true,,489,129,100,100,http://localhost:7000/randomRequest,817,0,0
1676157934961,515,HTTP Request,200,,Thread-Gruppe  1-50,text,true,,419,129,100,100,http://localhost:7000/randomRequest,515,0,0
1676157934068,1408,HTTP Request,200,,Thread-Gruppe  1-56,text,true,,537,129,100,100,http://localhost:7000/randomRequest,1408,0,0
1676157934155,1328,HTTP Request,200,,Thread-Gruppe  1-49,text,true,,481,129,100,100,http://localhost:7000/randomRequest,1328,0,0
1676157934972,532,HTTP Request,200,,Thread-Gruppe  1-86,text,true,,673,129,100,100,http://localhost:7000/randomRequest,532,0,0
1676157934508,1017,HTTP Request,200,,Thread-Gruppe  1-48,text,true,,481,129,100,100,http://localhost:7000/randomRequest,1017,0,0
1676157933825,1701,HTTP Request,200,,Thread-Gruppe  1-14,text,true,,541,129,100,100,http://localhost:7000/randomRequest,1701,0,0
1676157934712,814,HTTP Request,200,,Thread-Gruppe  1-90,text,true,,492,129,100,100,http://localhost:7000/randomRequest,814,0,1
1676157934946,614,HTTP Request,200,,Thread-Gruppe  1-41,text,true,,403,129,100,100,http://localhost:7000/randomRequest,614,0,1
1676157934735,825,HTTP Request,200,,Thread-Gruppe  1-21,text,true,,489,129,100,100,http://localhost:7000/randomRequest,825,0,0
1676157934839,721,HTTP Request,200,,Thread-Gruppe  1-54,text,true,,417,129,100,100,http://localhost:7000/randomRequest,721,0,0
1676157934735,825,HTTP Request,200,,Thread-Gruppe  1-68,text,true,,417,129,100,100,http://localhost:7000/randomRequest,825,0,0
1676157934445,1135,HTTP Request,200,,Thread-Gruppe  1-81,text,true,,485,129,100,100,http://localhost:7000/randomRequest,1135,0,0
1676157934555,1025,HTTP Request,200,,Thread-Gruppe  1-3,text,true,,485,129,100,100,http://localhost:7000/randomRequest,1025,0,0
1676157934859,721,HTTP Request,200,,Thread-Gruppe  1-12,text,true,,492,129,100,100,http://localhost:7000/randomRequest,721,0,0
1676157934668,917,HTTP Request,200,,Thread-Gruppe  1-89,text,true,,486,129,100,100,http://localhost:7000/randomRequest,917,0,1
1676157934670,923,HTTP Request,200,,Thread-Gruppe  1-31,text,true,,485,129,100,100,http://localhost:7000/randomRequest,923,0,0
1676157934994,615,HTTP Request,200,,Thread-Gruppe  1-2,text,true,,419,129,100,100,http://localhost:7000/randomRequest,615,0,1
1676157934501,1127,HTTP Request,200,,Thread-Gruppe  1-72,text,true,,492,129,100,100,http://localhost:7000/randomRequest,1127,0,0
1676157935005,623,HTTP Request,200,,Thread-Gruppe  1-15,text,true,,492,129,100,100,http://localhost:7000/randomRequest,623,0,0
1676157934892,736,HTTP Request,200,,Thread-Gruppe  1-71,text,true,,546,129,100,100,http://localhost:7000/randomRequest,736,0,1
1676157934918,710,HTTP Request,200,,Thread-Gruppe  1-91,text,true,,492,129,100,100,http://localhost:7000/randomRequest,710,0,0
1676157934700,928,HTTP Request,200,,Thread-Gruppe  1-6,text,true,,416,129,100,100,http://localhost:7000/randomRequest,928,0,1
1676157934454,1205,HTTP Request,200,,Thread-Gruppe  1-57,text,true,,526,129,100,100,http://localhost:7000/randomRequest,1205,0,0
1676157935040,619,HTTP Request,200,,Thread-Gruppe  1-62,text,true,,487,129,100,100,http://localhost:7000/randomRequest,619,0,0
1676157934630,1034,HTTP Request,200,,Thread-Gruppe  1-47,text,true,,549,129,100,100,http://localhost:7000/randomRequest,1034,0,0
1676157934255,1409,HTTP Request,200,,Thread-Gruppe  1-37,text,true,,537,129,100,100,http://localhost:7000/randomRequest,1409,0,1
1676157935072,617,HTTP Request,200,,Thread-Gruppe  1-4,text,true,,419,129,100,100,http://localhost:7000/randomRequest,617,0,1
1676157934670,1027,HTTP Request,200,,Thread-Gruppe  1-98,text,true,,419,129,100,100,http://localhost:7000/randomRequest,1027,0,0
1676157934166,1538,HTTP Request,200,,Thread-Gruppe  1-46,text,true,,403,129,100,100,http://localhost:7000/randomRequest,1538,0,0
1676157935005,718,HTTP Request,200,,Thread-Gruppe  1-53,text,true,,492,129,100,100,http://localhost:7000/randomRequest,718,0,0
1676157935151,617,HTTP Request,200,,Thread-Gruppe  1-30,text,true,,566,129,100,100,http://localhost:7000/randomRequest,617,0,0
1676157934651,1135,HTTP Request,200,,Thread-Gruppe  1-33,text,true,,419,129,100,100,http://localhost:7000/randomRequest,1135,0,1
1676157935072,717,HTTP Request,200,,Thread-Gruppe  1-67,text,true,,490,129,100,100,http://localhost:7000/randomRequest,717,0,1
1676157935172,617,HTTP Request,200,,Thread-Gruppe  1-36,text,true,,419,129,100,100,http://localhost:7000/randomRequest,617,0,0
1676157935284,517,HTTP Request,200,,Thread-Gruppe  1-51,text,true,,417,129,100,100,http://localhost:7000/randomRequest,517,0,0
1676157934689,1124,HTTP Request,200,,Thread-Gruppe  1-97,text,true,,530,129,100,100,http://localhost:7000/randomRequest,1124,0,0
1676157934700,1131,HTTP Request,200,,Thread-Gruppe  1-29,text,true,,488,129,100,100,http://localhost:7000/randomRequest,1131,0,1
1676157934704,1129,HTTP Request,200,,Thread-Gruppe  1-39,text,true,,403,129,100,100,http://localhost:7000/randomRequest,1129,0,1
1676157935320,519,HTTP Request,200,,Thread-Gruppe  1-44,text,true,,551,129,100,100,http://localhost:7000/randomRequest,519,0,0
1676157935331,514,HTTP Request,200,,Thread-Gruppe  1-69,text,true,,544,129,100,100,http://localhost:7000/randomRequest,514,0,1
1676157935249,620,HTTP Request,200,,Thread-Gruppe  1-82,text,true,,489,129,100,100,http://localhost:7000/randomRequest,620,0,0
1676157935156,716,HTTP Request,200,,Thread-Gruppe  1-85,text,true,,492,129,100,100,http://localhost:7000/randomRequest,716,0,1
1676157935367,505,HTTP Request,200,,Thread-Gruppe  1-38,text,true,,563,129,100,100,http://localhost:7000/randomRequest,505,0,0
1676157935166,723,HTTP Request,200,,Thread-Gruppe  1-55,text,true,,558,129,100,100,http://localhost:7000/randomRequest,723,0,0
1676157934859,1030,HTTP Request,200,,Thread-Gruppe  1-16,text,true,,486,129,100,100,http://localhost:7000/randomRequest,1030,0,0
1676157934550,1339,HTTP Request,200,,Thread-Gruppe  1-87,text,true,,491,129,100,100,http://localhost:7000/randomRequest,1339,0,0
1676157934574,1315,HTTP Request,200,,Thread-Gruppe  1-27,text,true,,643,129,100,100,http://localhost:7000/randomRequest,1315,0,0
1676157935179,724,HTTP Request,200,,Thread-Gruppe  1-58,text,true,,492,129,100,100,http://localhost:7000/randomRequest,724,0,0
1676157934670,1233,HTTP Request,200,,Thread-Gruppe  1-23,text,true,,566,129,100,100,http://localhost:7000/randomRequest,1233,0,0
1676157934492,1412,HTTP Request,200,,Thread-Gruppe  1-32,text,true,,541,129,100,100,http://localhost:7000/randomRequest,1412,0,0
1676157934968,937,HTTP Request,200,,Thread-Gruppe  1-22,text,true,,417,129,100,100,http://localhost:7000/randomRequest,937,0,0
1676157934909,996,HTTP Request,200,,Thread-Gruppe  1-84,text,true,,647,129,100,100,http://localhost:7000/randomRequest,996,0,0
1676157934612,1305,HTTP Request,200,,Thread-Gruppe  1-76,text,true,,647,129,100,100,http://localhost:7000/randomRequest,1305,0,0
1676157935072,845,HTTP Request,200,,Thread-Gruppe  1-61,text,true,,417,129,100,100,http://localhost:7000/randomRequest,845,0,1
1676157935106,831,HTTP Request,200,,Thread-Gruppe  1-28,text,true,,488,129,100,100,http://localhost:7000/randomRequest,830,0,0
1676157935113,824,HTTP Request,200,,Thread-Gruppe  1-34,text,true,,550,129,100,100,http://localhost:7000/randomRequest,823,0,0
1676157935097,846,HTTP Request,200,,Thread-Gruppe  1-92,text,true,,671,129,100,100,http://localhost:7000/randomRequest,846,0,0
1676157935322,621,HTTP Request,200,,Thread-Gruppe  1-70,text,true,,419,129,100,100,http://localhost:7000/randomRequest,621,0,0
1676157935435,512,HTTP Request,200,,Thread-Gruppe  1-13,text,true,,419,129,100,100,http://localhost:7000/randomRequest,512,0,0
1676157935119,837,HTTP Request,200,,Thread-Gruppe  1-96,text,true,,417,129,100,100,http://localhost:7000/randomRequest,837,0,0
1676157935255,718,HTTP Request,200,,Thread-Gruppe  1-100,text,true,,565,129,100,100,http://localhost:7000/randomRequest,718,0,0
1676157934868,1121,HTTP Request,200,,Thread-Gruppe  1-59,text,true,,403,129,100,100,http://localhost:7000/randomRequest,1121,0,0
1676157935172,817,HTTP Request,200,,Thread-Gruppe  1-42,text,true,,481,129,100,100,http://localhost:7000/randomRequest,817,0,0
1676157935072,932,HTTP Request,200,,Thread-Gruppe  1-64,text,true,,643,129,100,100,http://localhost:7000/randomRequest,932,0,1
1676157935005,1034,HTTP Request,200,,Thread-Gruppe  1-20,text,true,,403,129,100,100,http://localhost:7000/randomRequest,1034,0,0
1676157935166,893,HTTP Request,200,,Thread-Gruppe  1-65,text,true,,643,129,100,100,http://localhost:7000/randomRequest,893,0,0
1676157935156,917,HTTP Request,200,,Thread-Gruppe  1-74,text,true,,569,129,100,100,http://localhost:7000/randomRequest,917,0,1
1676157935593,512,HTTP Request,200,,Thread-Gruppe  1-31,text,true,,557,129,100,100,http://localhost:7000/randomRequest,512,0,0
1676157935097,1012,HTTP Request,200,,Thread-Gruppe  1-78,text,true,,638,129,100,100,http://localhost:7000/randomRequest,1012,0,0
1676157935301,821,HTTP Request,200,,Thread-Gruppe  1-5,text,true,,483,129,100,100,http://localhost:7000/randomRequest,821,0,1
1676157935404,719,HTTP Request,200,,Thread-Gruppe  1-1,text,true,,481,129,100,100,http://localhost:7000/randomRequest,719,0,0
1676157935628,519,HTTP Request,200,,Thread-Gruppe  1-6,text,true,,490,129,100,100,http://localhost:7000/randomRequest,519,0,0
1676157935525,622,HTTP Request,200,,Thread-Gruppe  1-48,text,true,,419,129,100,100,http://localhost:7000/randomRequest,622,0,0
1676157935628,519,HTTP Request,200,,Thread-Gruppe  1-91,text,true,,418,129,100,100,http://localhost:7000/randomRequest,519,0,0
1676157935526,621,HTTP Request,200,,Thread-Gruppe  1-14,text,true,,492,129,100,100,http://localhost:7000/randomRequest,621,0,0
1676157935151,1024,HTTP Request,200,,Thread-Gruppe  1-95,text,true,,492,129,100,100,http://localhost:7000/randomRequest,1024,0,0
1676157935560,615,HTTP Request,200,,Thread-Gruppe  1-68,text,true,,419,129,100,100,http://localhost:7000/randomRequest,615,0,1
1676157935768,407,HTTP Request,200,,Thread-Gruppe  1-30,text,true,,419,129,100,100,http://localhost:7000/randomRequest,407,0,0
1676157935786,407,HTTP Request,200,,Thread-Gruppe  1-33,text,true,,543,129,100,100,http://localhost:7000/randomRequest,407,0,0
1676157935580,613,HTTP Request,200,,Thread-Gruppe  1-3,text,true,,419,129,100,100,http://localhost:7000/randomRequest,613,0,1
1676157935585,608,HTTP Request,200,,Thread-Gruppe  1-89,text,true,,419,129,100,100,http://localhost:7000/randomRequest,608,0,0
1676157935697,512,HTTP Request,200,,Thread-Gruppe  1-98,text,true,,418,129,100,100,http://localhost:7000/randomRequest,512,0,0
1676157935386,823,HTTP Request,200,,Thread-Gruppe  1-45,text,true,,554,129,100,100,http://localhost:7000/randomRequest,823,0,0
1676157935113,1132,HTTP Request,200,,Thread-Gruppe  1-80,text,true,,488,129,100,100,http://localhost:7000/randomRequest,1132,0,0
1676157935051,1203,HTTP Request,200,,Thread-Gruppe  1-40,text,true,,527,129,100,100,http://localhost:7000/randomRequest,1203,0,1
1676157935659,612,HTTP Request,200,,Thread-Gruppe  1-57,text,true,,419,129,100,100,http://localhost:7000/randomRequest,612,0,0
1676157935665,613,HTTP Request,200,,Thread-Gruppe  1-37,text,true,,419,129,100,100,http://localhost:7000/randomRequest,613,0,0
1676157935580,734,HTTP Request,200,,Thread-Gruppe  1-81,text,true,,647,129,100,100,http://localhost:7000/randomRequest,734,0,1
1676157935628,723,HTTP Request,200,,Thread-Gruppe  1-72,text,true,,488,129,100,100,http://localhost:7000/randomRequest,723,0,0
1676157935609,742,HTTP Request,200,,Thread-Gruppe  1-2,text,true,,474,129,100,100,http://localhost:7000/randomRequest,742,0,1
1676157935845,518,HTTP Request,200,,Thread-Gruppe  1-69,text,true,,492,129,100,100,http://localhost:7000/randomRequest,518,0,0
1676157935659,723,HTTP Request,200,,Thread-Gruppe  1-62,text,true,,419,129,100,100,http://localhost:7000/randomRequest,723,0,0
1676157935580,821,HTTP Request,200,,Thread-Gruppe  1-12,text,true,,492,129,100,100,http://localhost:7000/randomRequest,821,0,1
1676157935166,1235,HTTP Request,200,,Thread-Gruppe  1-24,text,true,,403,129,100,100,http://localhost:7000/randomRequest,1235,0,0
1676157935301,1100,HTTP Request,200,,Thread-Gruppe  1-26,text,true,,647,129,100,100,http://localhost:7000/randomRequest,1100,0,1
1676157935483,930,HTTP Request,200,,Thread-Gruppe  1-49,text,true,,419,129,100,100,http://localhost:7000/randomRequest,930,0,0
1676157935789,624,HTTP Request,200,,Thread-Gruppe  1-36,text,true,,481,129,100,100,http://localhost:7000/randomRequest,624,0,0
1676157935404,1029,HTTP Request,200,,Thread-Gruppe  1-77,text,true,,554,129,100,100,http://localhost:7000/randomRequest,1029,0,0
1676157935425,1024,HTTP Request,200,,Thread-Gruppe  1-88,text,true,,492,129,100,100,http://localhost:7000/randomRequest,1024,0,0
1676157935367,1117,HTTP Request,200,,Thread-Gruppe  1-7,text,true,,403,129,100,100,http://localhost:7000/randomRequest,1117,0,0
1676157935664,820,HTTP Request,200,,Thread-Gruppe  1-47,text,true,,550,129,100,100,http://localhost:7000/randomRequest,820,0,1
1676157935476,1026,HTTP Request,200,,Thread-Gruppe  1-56,text,true,,418,129,100,100,http://localhost:7000/randomRequest,1026,0,0
1676157935905,619,HTTP Request,200,,Thread-Gruppe  1-32,text,true,,554,129,100,100,http://localhost:7000/randomRequest,619,0,0
1676157935504,1030,HTTP Request,200,,Thread-Gruppe  1-86,text,true,,492,129,100,100,http://localhost:7000/randomRequest,1030,0,0
1676157935526,1029,HTTP Request,200,,Thread-Gruppe  1-90,text,true,,485,129,100,100,http://localhost:7000/randomRequest,1029,0,0
1676157935425,1130,HTTP Request,200,,Thread-Gruppe  1-94,text,true,,492,129,100,100,http://localhost:7000/randomRequest,1130,0,0
1676157935943,612,HTTP Request,200,,Thread-Gruppe  1-70,text,true,,486,129,100,100,http://localhost:7000/randomRequest,612,0,0
1676157935560,1028,HTTP Request,200,,Thread-Gruppe  1-21,text,true,,492,129,100,100,http://localhost:7000/randomRequest,1028,0,1
1676157935873,715,HTTP Request,200,,Thread-Gruppe  1-85,text,true,,485,129,100,100,http://localhost:7000/randomRequest,715,0,0
1676157935973,615,HTTP Request,200,,Thread-Gruppe  1-100,text,true,,419,129,100,100,http://localhost:7000/randomRequest,615,0,0
1676157936193,411,HTTP Request,200,,Thread-Gruppe  1-89,text,true,,419,129,100,100,http://localhost:7000/randomRequest,411,0,0
1676157935890,719,HTTP Request,200,,Thread-Gruppe  1-55,text,true,,482,129,100,100,http://localhost:7000/randomRequest,719,0,0
1676157935628,992,HTTP Request,200,,Thread-Gruppe  1-15,text,true,,541,129,100,100,http://localhost:7000/randomRequest,992,0,0
1676157935404,1216,HTTP Request,200,,Thread-Gruppe  1-43,text,true,,527,129,100,100,http://localhost:7000/randomRequest,1216,0,0
1676157935689,931,HTTP Request,200,,Thread-Gruppe  1-4,text,true,,481,129,100,100,http://localhost:7000/randomRequest,931,0,0
1676157935801,819,HTTP Request,200,,Thread-Gruppe  1-51,text,true,,555,129,100,100,http://localhost:7000/randomRequest,819,0,0
1676157935903,722,HTTP Request,200,,Thread-Gruppe  1-58,text,true,,552,129,100,100,http://localhost:7000/randomRequest,722,0,0
1676157935704,922,HTTP Request,200,,Thread-Gruppe  1-46,text,true,,492,129,100,100,http://localhost:7000/randomRequest,922,0,1
1676157936122,518,HTTP Request,200,,Thread-Gruppe  1-5,text,true,,715,129,100,100,http://localhost:7000/randomRequest,518,0,0
1676157935723,928,HTTP Request,200,,Thread-Gruppe  1-53,text,true,,492,129,100,100,http://localhost:7000/randomRequest,928,0,1
1676157935831,825,HTTP Request,200,,Thread-Gruppe  1-29,text,true,,492,129,100,100,http://localhost:7000/randomRequest,825,0,0
1676157935628,1031,HTTP Request,200,,Thread-Gruppe  1-71,text,true,,530,129,100,100,http://localhost:7000/randomRequest,1031,0,0
1676157936254,405,HTTP Request,200,,Thread-Gruppe  1-40,text,true,,419,129,100,100,http://localhost:7000/randomRequest,405,0,0
1676157935560,1099,HTTP Request,200,,Thread-Gruppe  1-41,text,true,,541,129,100,100,http://localhost:7000/randomRequest,1099,0,1
1676157935839,820,HTTP Request,200,,Thread-Gruppe  1-44,text,true,,487,129,100,100,http://localhost:7000/randomRequest,820,0,0
1676157936059,611,HTTP Request,200,,Thread-Gruppe  1-65,text,true,,481,129,100,100,http://localhost:7000/randomRequest,611,0,1
1676157936175,518,HTTP Request,200,,Thread-Gruppe  1-95,text,true,,488,129,100,100,http://localhost:7000/randomRequest,518,0,0
1676157936278,415,HTTP Request,200,,Thread-Gruppe  1-37,text,true,,560,129,100,100,http://localhost:7000/randomRequest,415,0,0
1676157935873,820,HTTP Request,200,,Thread-Gruppe  1-38,text,true,,572,129,100,100,http://localhost:7000/randomRequest,820,0,0
1676157936106,596,HTTP Request,200,,Thread-Gruppe  1-31,text,true,,643,129,100,100,http://localhost:7000/randomRequest,596,0,0
1676157935890,819,HTTP Request,200,,Thread-Gruppe  1-16,text,true,,403,129,100,100,http://localhost:7000/randomRequest,819,0,0
1676157936193,533,HTTP Request,200,,Thread-Gruppe  1-33,text,true,,417,129,100,100,http://localhost:7000/randomRequest,533,0,0
1676157936148,613,HTTP Request,200,,Thread-Gruppe  1-91,text,true,,489,129,100,100,http://localhost:7000/randomRequest,613,0,0
1676157935943,820,HTTP Request,200,,Thread-Gruppe  1-92,text,true,,551,129,100,100,http://localhost:7000/randomRequest,820,0,0
1676157936209,618,HTTP Request,200,,Thread-Gruppe  1-98,text,true,,419,129,100,100,http://localhost:7000/randomRequest,618,0,1
1676157935903,926,HTTP Request,200,,Thread-Gruppe  1-23,text,true,,545,129,100,100,http://localhost:7000/randomRequest,926,0,0
1676157936004,825,HTTP Request,200,,Thread-Gruppe  1-64,text,true,,563,129,100,100,http://localhost:7000/randomRequest,825,0,0
1676157935905,924,HTTP Request,200,,Thread-Gruppe  1-84,text,true,,418,129,100,100,http://localhost:7000/randomRequest,924,0,0
1676157935905,924,HTTP Request,200,,Thread-Gruppe  1-22,text,true,,416,129,100,100,http://localhost:7000/randomRequest,924,0,0
1676157935833,1026,HTTP Request,200,,Thread-Gruppe  1-39,text,true,,417,129,100,100,http://localhost:7000/randomRequest,1026,0,0
1676157935560,1304,HTTP Request,200,,Thread-Gruppe  1-54,text,true,,644,129,100,100,http://localhost:7000/randomRequest,1304,0,1
1676157936148,719,HTTP Request,200,,Thread-Gruppe  1-14,text,true,,419,129,100,100,http://localhost:7000/randomRequest,719,0,0
1676157936175,719,HTTP Request,200,,Thread-Gruppe  1-68,text,true,,568,129,100,100,http://localhost:7000/randomRequest,719,0,0
1676157936382,515,HTTP Request,200,,Thread-Gruppe  1-62,text,true,,371,129,100,100,http://localhost:7000/randomRequest,515,0,1
1676157936074,823,HTTP Request,200,,Thread-Gruppe  1-74,text,true,,418,129,100,100,http://localhost:7000/randomRequest,823,0,0
1676157936401,505,HTTP Request,200,,Thread-Gruppe  1-24,text,true,,547,129,100,100,http://localhost:7000/randomRequest,505,0,1
1676157935476,1430,HTTP Request,200,,Thread-Gruppe  1-50,text,true,,485,129,100,100,http://localhost:7000/randomRequest,1430,0,1
1676157936401,505,HTTP Request,200,,Thread-Gruppe  1-12,text,true,,1814,129,100,100,http://localhost:7000/randomRequest,505,0,1
1676157936314,603,HTTP Request,200,,Thread-Gruppe  1-81,text,true,,491,129,100,100,http://localhost:7000/randomRequest,603,0,0
1676157936414,511,HTTP Request,200,,Thread-Gruppe  1-49,text,true,,419,129,100,100,http://localhost:7000/randomRequest,511,0,0
1676157935937,1017,HTTP Request,200,,Thread-Gruppe  1-28,text,true,,527,129,100,100,http://localhost:7000/randomRequest,1017,0,0
1676157936148,813,HTTP Request,200,,Thread-Gruppe  1-6,text,true,,417,129,100,100,http://localhost:7000/randomRequest,813,0,0
1676157936449,512,HTTP Request,200,,Thread-Gruppe  1-88,text,true,,559,129,100,100,http://localhost:7000/randomRequest,512,0,0
1676157936363,608,HTTP Request,200,,Thread-Gruppe  1-69,text,true,,419,129,100,100,http://localhost:7000/randomRequest,608,0,1
1676157936193,778,HTTP Request,200,,Thread-Gruppe  1-3,text,true,,527,129,100,100,http://localhost:7000/randomRequest,778,0,0
1676157935869,1114,HTTP Request,200,,Thread-Gruppe  1-82,text,true,,482,129,100,100,http://localhost:7000/randomRequest,1114,0,0
1676157936271,712,HTTP Request,200,,Thread-Gruppe  1-57,text,true,,492,129,100,100,http://localhost:7000/randomRequest,712,0,1
1676157936109,924,HTTP Request,200,,Thread-Gruppe  1-78,text,true,,552,129,100,100,http://localhost:7000/randomRequest,924,0,0
1676157935814,1225,HTTP Request,200,,Thread-Gruppe  1-97,text,true,,643,129,100,100,http://localhost:7000/randomRequest,1225,0,0
1676157936123,930,HTTP Request,200,,Thread-Gruppe  1-1,text,true,,555,129,100,100,http://localhost:7000/randomRequest,930,0,0
1676157935937,1133,HTTP Request,200,,Thread-Gruppe  1-34,text,true,,492,129,100,100,http://localhost:7000/randomRequest,1133,0,0
1676157936555,516,HTTP Request,200,,Thread-Gruppe  1-90,text,true,,485,129,100,100,http://localhost:7000/randomRequest,516,0,1
1676157935918,1153,HTTP Request,200,,Thread-Gruppe  1-61,text,true,,681,129,100,100,http://localhost:7000/randomRequest,1153,0,0
1676157936555,524,HTTP Request,200,,Thread-Gruppe  1-94,text,true,,474,129,100,100,http://localhost:7000/randomRequest,524,0,1
1676157935372,1723,HTTP Request,200,,Thread-Gruppe  1-93,text,true,,643,129,100,100,http://localhost:7000/randomRequest,1723,0,0
1676157936484,617,HTTP Request,200,,Thread-Gruppe  1-47,text,true,,419,129,100,100,http://localhost:7000/randomRequest,617,0,0
1676157936401,709,HTTP Request,200,,Thread-Gruppe  1-26,text,true,,541,129,100,100,http://localhost:7000/randomRequest,709,0,1
1676157936175,947,HTTP Request,200,,Thread-Gruppe  1-30,text,true,,674,129,100,100,http://localhost:7000/randomRequest,947,0,0
1676157936625,514,HTTP Request,200,,Thread-Gruppe  1-58,text,true,,541,129,100,100,http://localhost:7000/randomRequest,514,0,0
1676157936620,519,HTTP Request,200,,Thread-Gruppe  1-51,text,true,,416,129,100,100,http://localhost:7000/randomRequest,519,0,0
1676157936626,516,HTTP Request,200,,Thread-Gruppe  1-46,text,true,,419,129,100,100,http://localhost:7000/randomRequest,516,0,0
1676157936433,722,HTTP Request,200,,Thread-Gruppe  1-77,text,true,,488,129,100,100,http://localhost:7000/randomRequest,722,0,1
1676157936534,634,HTTP Request,200,,Thread-Gruppe  1-86,text,true,,417,129,100,100,http://localhost:7000/randomRequest,634,0,0
1676157936351,823,HTTP Request,200,,Thread-Gruppe  1-72,text,true,,403,129,100,100,http://localhost:7000/randomRequest,823,0,1
1676157935890,1300,HTTP Request,200,,Thread-Gruppe  1-27,text,true,,647,129,100,100,http://localhost:7000/randomRequest,1300,0,0
1676157935789,1411,HTTP Request,200,,Thread-Gruppe  1-67,text,true,,527,129,100,100,http://localhost:7000/randomRequest,1411,0,0
1676157936484,720,HTTP Request,200,,Thread-Gruppe  1-7,text,true,,547,129,100,100,http://localhost:7000/randomRequest,720,0,0
1676157936589,615,HTTP Request,200,,Thread-Gruppe  1-85,text,true,,563,129,100,100,http://localhost:7000/randomRequest,615,0,0
1676157936693,522,HTTP Request,200,,Thread-Gruppe  1-95,text,true,,488,129,100,100,http://localhost:7000/randomRequest,522,0,0
1676157936414,819,HTTP Request,200,,Thread-Gruppe  1-36,text,true,,555,129,100,100,http://localhost:7000/randomRequest,819,0,0
1676157936209,1024,HTTP Request,200,,Thread-Gruppe  1-45,text,true,,419,129,100,100,http://localhost:7000/randomRequest,1024,0,1
1676157936620,618,HTTP Request,200,,Thread-Gruppe  1-4,text,true,,418,129,100,100,http://localhost:7000/randomRequest,618,0,0
1676157936620,622,HTTP Request,200,,Thread-Gruppe  1-15,text,true,,419,129,100,100,http://localhost:7000/randomRequest,622,0,0
1676157936726,517,HTTP Request,200,,Thread-Gruppe  1-33,text,true,,482,129,100,100,http://localhost:7000/randomRequest,516,0,0
1676157936651,609,HTTP Request,200,,Thread-Gruppe  1-53,text,true,,419,129,100,100,http://localhost:7000/randomRequest,609,0,0
1676157936860,411,HTTP Request,200,,Thread-Gruppe  1-39,text,true,,559,129,100,100,http://localhost:7000/randomRequest,411,0,0
1676157936656,615,HTTP Request,200,,Thread-Gruppe  1-29,text,true,,481,129,100,100,http://localhost:7000/randomRequest,615,0,0
1676157936659,618,HTTP Request,200,,Thread-Gruppe  1-41,text,true,,485,129,100,100,http://localhost:7000/randomRequest,618,0,1
1676157935947,1330,HTTP Request,200,,Thread-Gruppe  1-13,text,true,,486,129,100,100,http://localhost:7000/randomRequest,1330,0,1
1676157936245,1032,HTTP Request,200,,Thread-Gruppe  1-80,text,true,,489,129,100,100,http://localhost:7000/randomRequest,1032,0,0
1676157936659,618,HTTP Request,200,,Thread-Gruppe  1-40,text,true,,492,129,100,100,http://localhost:7000/randomRequest,618,0,1
1676157936897,407,HTTP Request,200,,Thread-Gruppe  1-74,text,true,,419,129,100,100,http://localhost:7000/randomRequest,407,0,0
1676157936589,715,HTTP Request,200,,Thread-Gruppe  1-21,text,true,,553,129,100,100,http://localhost:7000/randomRequest,715,0,0
1676157935989,1328,HTTP Request,200,,Thread-Gruppe  1-42,text,true,,492,129,100,100,http://localhost:7000/randomRequest,1328,0,0
1676157936693,624,HTTP Request,200,,Thread-Gruppe  1-37,text,true,,492,129,100,100,http://localhost:7000/randomRequest,624,0,0
1676157936829,516,HTTP Request,200,,Thread-Gruppe  1-64,text,true,,569,129,100,100,http://localhost:7000/randomRequest,516,0,0
1676157936040,1305,HTTP Request,200,,Thread-Gruppe  1-20,text,true,,491,129,100,100,http://localhost:7000/randomRequest,1305,0,0
1676157936148,1197,HTTP Request,200,,Thread-Gruppe  1-48,text,true,,537,129,100,100,http://localhost:7000/randomRequest,1197,0,0
1676157936829,518,HTTP Request,200,,Thread-Gruppe  1-84,text,true,,485,129,100,100,http://localhost:7000/randomRequest,518,0,0
1676157936525,835,HTTP Request,200,,Thread-Gruppe  1-32,text,true,,573,129,100,100,http://localhost:7000/randomRequest,835,0,0
1676157936763,618,HTTP Request,200,,Thread-Gruppe  1-92,text,true,,488,129,100,100,http://localhost:7000/randomRequest,618,0,1
1676157936867,514,HTTP Request,200,,Thread-Gruppe  1-14,text,true,,562,129,100,100,http://localhost:7000/randomRequest,514,0,1
1676157935890,1509,HTTP Request,200,,Thread-Gruppe  1-87,text,true,,638,129,100,100,http://localhost:7000/randomRequest,1509,0,0
1676157936702,718,HTTP Request,200,,Thread-Gruppe  1-31,text,true,,561,129,100,100,http://localhost:7000/randomRequest,718,0,1
1676157936693,727,HTTP Request,200,,Thread-Gruppe  1-38,text,true,,548,129,100,100,http://localhost:7000/randomRequest,727,0,0
1676157936709,724,HTTP Request,200,,Thread-Gruppe  1-16,text,true,,492,129,100,100,http://localhost:7000/randomRequest,724,0,1
1676157936351,1109,HTTP Request,200,,Thread-Gruppe  1-2,text,true,,481,129,100,100,http://localhost:7000/randomRequest,1109,0,1
1676157936954,506,HTTP Request,200,,Thread-Gruppe  1-28,text,true,,482,129,100,100,http://localhost:7000/randomRequest,506,0,0
1676157936659,824,HTTP Request,200,,Thread-Gruppe  1-71,text,true,,419,129,100,100,http://localhost:7000/randomRequest,824,0,1
1676157936864,619,HTTP Request,200,,Thread-Gruppe  1-54,text,true,,562,129,100,100,http://localhost:7000/randomRequest,619,0,0
1676157936761,722,HTTP Request,200,,Thread-Gruppe  1-91,text,true,,545,129,100,100,http://localhost:7000/randomRequest,722,0,0
1676157936589,894,HTTP Request,200,,Thread-Gruppe  1-100,text,true,,537,129,100,100,http://localhost:7000/randomRequest,894,0,0
1676157936670,817,HTTP Request,200,,Thread-Gruppe  1-65,text,true,,419,129,100,100,http://localhost:7000/randomRequest,817,0,1
1676157936983,512,HTTP Request,200,,Thread-Gruppe  1-57,text,true,,556,129,100,100,http://localhost:7000/randomRequest,512,0,1
1676157936897,615,HTTP Request,200,,Thread-Gruppe  1-62,text,true,,418,129,100,100,http://localhost:7000/randomRequest,615,0,0
1676157936894,618,HTTP Request,200,,Thread-Gruppe  1-68,text,true,,416,129,100,100,http://localhost:7000/randomRequest,618,0,1
1676157936829,683,HTTP Request,200,,Thread-Gruppe  1-23,text,true,,643,129,100,100,http://localhost:7000/randomRequest,683,0,0
1676157936906,618,HTTP Request,200,,Thread-Gruppe  1-24,text,true,,490,129,100,100,http://localhost:7000/randomRequest,618,0,0
1676157936604,933,HTTP Request,200,,Thread-Gruppe  1-89,text,true,,562,129,100,100,http://localhost:7000/randomRequest,933,0,0
1676157937122,415,HTTP Request,200,,Thread-Gruppe  1-30,text,true,,575,129,100,100,http://localhost:7000/randomRequest,415,0,1
1676157936827,725,HTTP Request,200,,Thread-Gruppe  1-98,text,true,,485,129,100,100,http://localhost:7000/randomRequest,725,0,0
1676157936555,1000,HTTP Request,200,,Thread-Gruppe  1-70,text,true,,643,129,100,100,http://localhost:7000/randomRequest,1000,0,1
1676157937039,516,HTTP Request,200,,Thread-Gruppe  1-97,text,true,,402,129,100,100,http://localhost:7000/randomRequest,516,0,0
1676157936961,618,HTTP Request,200,,Thread-Gruppe  1-88,text,true,,403,129,100,100,http://localhost:7000/randomRequest,618,0,0
1676157936502,1096,HTTP Request,200,,Thread-Gruppe  1-56,text,true,,541,129,100,100,http://localhost:7000/randomRequest,1096,0,0
1676157936906,722,HTTP Request,200,,Thread-Gruppe  1-50,text,true,,418,129,100,100,http://localhost:7000/randomRequest,722,0,0
1676157935957,1671,HTTP Request,200,,Thread-Gruppe  1-96,text,true,,567,129,100,100,http://localhost:7000/randomRequest,1671,0,0
1676157937071,618,HTTP Request,200,,Thread-Gruppe  1-90,text,true,,562,129,100,100,http://localhost:7000/randomRequest,618,0,0
1676157935989,1700,HTTP Request,200,,Thread-Gruppe  1-59,text,true,,527,129,100,100,http://localhost:7000/randomRequest,1700,0,0
1676157937277,412,HTTP Request,200,,Thread-Gruppe  1-41,text,true,,574,129,100,100,http://localhost:7000/randomRequest,412,0,0
1676157937200,518,HTTP Request,200,,Thread-Gruppe  1-67,text,true,,569,129,100,100,http://localhost:7000/randomRequest,518,0,0
1676157936829,889,HTTP Request,200,,Thread-Gruppe  1-22,text,true,,633,129,100,100,http://localhost:7000/randomRequest,889,0,0
1676157937305,413,HTTP Request,200,,Thread-Gruppe  1-21,text,true,,492,129,100,100,http://localhost:7000/randomRequest,413,0,0
1676157936917,823,HTTP Request,200,,Thread-Gruppe  1-81,text,true,,418,129,100,100,http://localhost:7000/randomRequest,823,0,1
1676157935918,1828,HTTP Request,200,,Thread-Gruppe  1-76,text,true,,541,129,100,100,http://localhost:7000/randomRequest,1828,0,0
1676157937233,513,HTTP Request,200,,Thread-Gruppe  1-45,text,true,,488,129,100,100,http://localhost:7000/randomRequest,513,0,1
1676157937139,614,HTTP Request,200,,Thread-Gruppe  1-58,text,true,,490,129,100,100,http://localhost:7000/randomRequest,614,0,0
1676157936641,1122,HTTP Request,200,,Thread-Gruppe  1-5,text,true,,492,129,100,100,http://localhost:7000/randomRequest,1122,0,0
1676157937271,519,HTTP Request,200,,Thread-Gruppe  1-29,text,true,,546,129,100,100,http://localhost:7000/randomRequest,519,0,0
1676157937071,721,HTTP Request,200,,Thread-Gruppe  1-61,text,true,,419,129,100,100,http://localhost:7000/randomRequest,721,0,0
1676157936659,1134,HTTP Request,200,,Thread-Gruppe  1-44,text,true,,529,129,100,100,http://localhost:7000/randomRequest,1134,0,1
1676157936971,823,HTTP Request,200,,Thread-Gruppe  1-3,text,true,,490,129,100,100,http://localhost:7000/randomRequest,823,0,0
1676157937215,588,HTTP Request,200,,Thread-Gruppe  1-95,text,true,,481,129,100,100,http://localhost:7000/randomRequest,588,0,0
1676157936609,1210,HTTP Request,200,,Thread-Gruppe  1-55,text,true,,541,129,100,100,http://localhost:7000/randomRequest,1210,0,0
1676157937318,521,HTTP Request,200,,Thread-Gruppe  1-42,text,true,,419,129,100,100,http://localhost:7000/randomRequest,521,0,0
1676157937433,411,HTTP Request,200,,Thread-Gruppe  1-16,text,true,,419,129,100,100,http://localhost:7000/randomRequest,411,0,1
1676157936925,926,HTTP Request,200,,Thread-Gruppe  1-49,text,true,,492,129,100,100,http://localhost:7000/randomRequest,926,0,0
1676157937460,408,HTTP Request,200,,Thread-Gruppe  1-2,text,true,,557,129,100,100,http://localhost:7000/randomRequest,408,0,0
1676157937204,679,HTTP Request,200,,Thread-Gruppe  1-7,text,true,,481,129,100,100,http://localhost:7000/randomRequest,679,0,0
1676157936971,928,HTTP Request,200,,Thread-Gruppe  1-69,text,true,,367,129,100,100,http://localhost:7000/randomRequest,928,0,0
1676157937204,719,HTTP Request,200,,Thread-Gruppe  1-85,text,true,,488,129,100,100,http://localhost:7000/randomRequest,719,0,0
1676157937233,721,HTTP Request,200,,Thread-Gruppe  1-36,text,true,,550,129,100,100,http://localhost:7000/randomRequest,721,0,1
1676157937360,621,HTTP Request,200,,Thread-Gruppe  1-32,text,true,,492,129,100,100,http://localhost:7000/randomRequest,621,0,0
1676157936961,1032,HTTP Request,200,,Thread-Gruppe  1-6,text,true,,486,129,100,100,http://localhost:7000/randomRequest,1032,0,0
1676157937174,821,HTTP Request,200,,Thread-Gruppe  1-72,text,true,,485,129,100,100,http://localhost:7000/randomRequest,821,0,0
1676157937190,828,HTTP Request,200,,Thread-Gruppe  1-27,text,true,,403,129,100,100,http://localhost:7000/randomRequest,828,0,0
1676157937525,518,HTTP Request,200,,Thread-Gruppe  1-24,text,true,,488,129,100,100,http://localhost:7000/randomRequest,518,0,0
1676157937628,427,HTTP Request,200,,Thread-Gruppe  1-50,text,true,,676,129,100,100,http://localhost:7000/randomRequest,427,0,1
1676157937754,313,HTTP Request,200,,Thread-Gruppe  1-58,text,true,,419,129,100,100,http://localhost:7000/randomRequest,313,0,0
1676157937763,307,HTTP Request,200,,Thread-Gruppe  1-5,text,true,,488,129,100,100,http://localhost:7000/randomRequest,307,0,0
1676157937139,931,HTTP Request,200,,Thread-Gruppe  1-51,text,true,,671,129,100,100,http://localhost:7000/randomRequest,931,0,0
1676157937460,610,HTTP Request,200,,Thread-Gruppe  1-28,text,true,,419,129,100,100,http://localhost:7000/randomRequest,610,0,0
1676157937053,1017,HTTP Request,200,,Thread-Gruppe  1-1,text,true,,419,129,100,100,http://localhost:7000/randomRequest,1017,0,1
1676157937271,826,HTTP Request,200,,Thread-Gruppe  1-39,text,true,,492,129,100,100,http://localhost:7000/randomRequest,826,0,0
1676157937277,823,HTTP Request,200,,Thread-Gruppe  1-13,text,true,,488,129,100,100,http://localhost:7000/randomRequest,823,0,0
1676157937599,513,HTTP Request,200,,Thread-Gruppe  1-56,text,true,,418,129,100,100,http://localhost:7000/randomRequest,513,0,0
1676157937101,1030,HTTP Request,200,,Thread-Gruppe  1-47,text,true,,552,129,100,100,http://localhost:7000/randomRequest,1030,0,0
1676157937033,1098,HTTP Request,200,,Thread-Gruppe  1-78,text,true,,631,129,100,100,http://localhost:7000/randomRequest,1098,0,1
1676157936906,1239,HTTP Request,200,,Thread-Gruppe  1-12,text,true,,492,129,100,100,http://localhost:7000/randomRequest,1239,0,0
1676157936620,1525,HTTP Request,200,,Thread-Gruppe  1-43,text,true,,541,129,100,100,http://localhost:7000/randomRequest,1525,0,0
1676157937537,611,HTTP Request,200,,Thread-Gruppe  1-89,text,true,,492,129,100,100,http://localhost:7000/randomRequest,611,0,0
1676157937483,672,HTTP Request,200,,Thread-Gruppe  1-91,text,true,,647,129,100,100,http://localhost:7000/randomRequest,672,0,1
1676157937277,884,HTTP Request,200,,Thread-Gruppe  1-40,text,true,,643,129,100,100,http://localhost:7000/randomRequest,884,0,0
1676157937239,922,HTTP Request,200,,Thread-Gruppe  1-4,text,true,,418,129,100,100,http://localhost:7000/randomRequest,922,0,0
1676157937156,1014,HTTP Request,200,,Thread-Gruppe  1-77,text,true,,486,129,100,100,http://localhost:7000/randomRequest,1014,0,0
1676157937143,1027,HTTP Request,200,,Thread-Gruppe  1-46,text,true,,415,129,100,100,http://localhost:7000/randomRequest,1027,0,0
1676157937168,1033,HTTP Request,200,,Thread-Gruppe  1-86,text,true,,549,129,100,100,http://localhost:7000/randomRequest,1033,0,0
1676157937483,721,HTTP Request,200,,Thread-Gruppe  1-100,text,true,,403,129,100,100,http://localhost:7000/randomRequest,721,0,1
1676157937483,721,HTTP Request,200,,Thread-Gruppe  1-71,text,true,,492,129,100,100,http://localhost:7000/randomRequest,721,0,1
1676157937277,927,HTTP Request,200,,Thread-Gruppe  1-80,text,true,,403,129,100,100,http://localhost:7000/randomRequest,927,0,0
1676157937079,1133,HTTP Request,200,,Thread-Gruppe  1-94,text,true,,554,129,100,100,http://localhost:7000/randomRequest,1133,0,1
1676157937495,722,HTTP Request,200,,Thread-Gruppe  1-57,text,true,,403,129,100,100,http://localhost:7000/randomRequest,722,0,0
1676157937512,723,HTTP Request,200,,Thread-Gruppe  1-23,text,true,,489,129,100,100,http://localhost:7000/randomRequest,723,0,1
1676157937421,829,HTTP Request,200,,Thread-Gruppe  1-38,text,true,,551,129,100,100,http://localhost:7000/randomRequest,829,0,0
1676157937110,1140,HTTP Request,200,,Thread-Gruppe  1-26,text,true,,551,129,100,100,http://localhost:7000/randomRequest,1140,0,0
1676157937537,715,HTTP Request,200,,Thread-Gruppe  1-30,text,true,,485,129,100,100,http://localhost:7000/randomRequest,715,0,0
1676157937746,513,HTTP Request,200,,Thread-Gruppe  1-45,text,true,,418,129,100,100,http://localhost:7000/randomRequest,513,0,0
1676157937345,920,HTTP Request,200,,Thread-Gruppe  1-64,text,true,,403,129,100,100,http://localhost:7000/randomRequest,920,0,0
1676157937243,1031,HTTP Request,200,,Thread-Gruppe  1-33,text,true,,485,129,100,100,http://localhost:7000/randomRequest,1031,0,0
1676157937260,1033,HTTP Request,200,,Thread-Gruppe  1-53,text,true,,492,129,100,100,http://localhost:7000/randomRequest,1033,0,0
1676157937400,923,HTTP Request,200,,Thread-Gruppe  1-87,text,true,,419,129,100,100,http://localhost:7000/randomRequest,922,0,0
1676157937095,1244,HTTP Request,200,,Thread-Gruppe  1-93,text,true,,492,129,100,100,http://localhost:7000/randomRequest,1244,0,0
1676157937512,827,HTTP Request,200,,Thread-Gruppe  1-68,text,true,,560,129,100,100,http://localhost:7000/randomRequest,827,0,1
1676157937421,930,HTTP Request,200,,Thread-Gruppe  1-31,text,true,,565,129,100,100,http://localhost:7000/randomRequest,930,0,0
1676157937740,615,HTTP Request,200,,Thread-Gruppe  1-81,text,true,,492,129,100,100,http://localhost:7000/randomRequest,615,0,0
1676157937839,516,HTTP Request,200,,Thread-Gruppe  1-42,text,true,,418,129,100,100,http://localhost:7000/randomRequest,516,0,0
1676157937552,816,HTTP Request,200,,Thread-Gruppe  1-98,text,true,,567,129,100,100,http://localhost:7000/randomRequest,816,0,0
1676157936983,1394,HTTP Request,200,,Thread-Gruppe  1-82,text,true,,525,129,100,100,http://localhost:7000/randomRequest,1394,0,1
1676157937793,619,HTTP Request,200,,Thread-Gruppe  1-44,text,true,,557,129,100,100,http://localhost:7000/randomRequest,619,0,0
1676157937993,419,HTTP Request,200,,Thread-Gruppe  1-6,text,true,,492,129,100,100,http://localhost:7000/randomRequest,419,0,1
1676157937382,1030,HTTP Request,200,,Thread-Gruppe  1-92,text,true,,403,129,100,100,http://localhost:7000/randomRequest,1030,0,0
1676157937689,723,HTTP Request,200,,Thread-Gruppe  1-90,text,true,,419,129,100,100,http://localhost:7000/randomRequest,723,0,0
1676157937628,826,HTTP Request,200,,Thread-Gruppe  1-96,text,true,,556,129,100,100,http://localhost:7000/randomRequest,826,0,1
1676157937851,609,HTTP Request,200,,Thread-Gruppe  1-49,text,true,,555,129,100,100,http://localhost:7000/randomRequest,609,0,0
1676157937746,714,HTTP Request,200,,Thread-Gruppe  1-76,text,true,,556,129,100,100,http://localhost:7000/randomRequest,714,0,0
1676157937954,507,HTTP Request,200,,Thread-Gruppe  1-36,text,true,,490,129,100,100,http://localhost:7000/randomRequest,507,0,0
1676157937483,978,HTTP Request,200,,Thread-Gruppe  1-54,text,true,,647,129,100,100,http://localhost:7000/randomRequest,978,0,1
1676157937868,609,HTTP Request,200,,Thread-Gruppe  1-2,text,true,,418,129,100,100,http://localhost:7000/randomRequest,609,0,0
1676157937347,1130,HTTP Request,200,,Thread-Gruppe  1-84,text,true,,489,129,100,100,http://localhost:7000/randomRequest,1130,0,1
1676157937884,620,HTTP Request,200,,Thread-Gruppe  1-7,text,true,,417,129,100,100,http://localhost:7000/randomRequest,620,0,0
1676157937790,715,HTTP Request,200,,Thread-Gruppe  1-29,text,true,,492,129,100,100,http://localhost:7000/randomRequest,715,0,0
1676157937487,1018,HTTP Request,200,,Thread-Gruppe  1-65,text,true,,554,129,100,100,http://localhost:7000/randomRequest,1018,0,1
1676157937579,926,HTTP Request,200,,Thread-Gruppe  1-88,text,true,,492,129,100,100,http://localhost:7000/randomRequest,926,0,0
1676157937689,816,HTTP Request,200,,Thread-Gruppe  1-59,text,true,,563,129,100,100,http://localhost:7000/randomRequest,816,0,0
1676157937923,621,HTTP Request,200,,Thread-Gruppe  1-85,text,true,,486,129,100,100,http://localhost:7000/randomRequest,621,0,0
1676157937718,826,HTTP Request,200,,Thread-Gruppe  1-22,text,true,,418,129,100,100,http://localhost:7000/randomRequest,826,0,0
1676157937345,1213,HTTP Request,200,,Thread-Gruppe  1-48,text,true,,536,129,100,100,http://localhost:7000/randomRequest,1213,0,0
1676157937318,1242,HTTP Request,200,,Thread-Gruppe  1-37,text,true,,417,129,100,100,http://localhost:7000/randomRequest,1242,0,0
1676157937556,1023,HTTP Request,200,,Thread-Gruppe  1-97,text,true,,711,129,100,100,http://localhost:7000/randomRequest,1023,0,0
1676157938070,509,HTTP Request,200,,Thread-Gruppe  1-28,text,true,,418,129,100,100,http://localhost:7000/randomRequest,509,0,1
1676157938070,510,HTTP Request,200,,Thread-Gruppe  1-51,text,true,,492,129,100,100,http://localhost:7000/randomRequest,510,0,1
1676157937981,619,HTTP Request,200,,Thread-Gruppe  1-32,text,true,,565,129,100,100,http://localhost:7000/randomRequest,619,0,0
1676157937899,711,HTTP Request,200,,Thread-Gruppe  1-69,text,true,,492,129,100,100,http://localhost:7000/randomRequest,711,0,0
1676157937803,826,HTTP Request,200,,Thread-Gruppe  1-95,text,true,,492,129,100,100,http://localhost:7000/randomRequest,826,0,1
1676157937689,946,HTTP Request,200,,Thread-Gruppe  1-41,text,true,,686,129,100,100,http://localhost:7000/randomRequest,946,0,0
1676157937819,824,HTTP Request,200,,Thread-Gruppe  1-55,text,true,,542,129,100,100,http://localhost:7000/randomRequest,824,0,0
1676157937305,1340,HTTP Request,200,,Thread-Gruppe  1-74,text,true,,489,129,100,100,http://localhost:7000/randomRequest,1340,0,0
1676157937718,927,HTTP Request,200,,Thread-Gruppe  1-67,text,true,,488,129,100,100,http://localhost:7000/randomRequest,927,0,0
1676157938235,410,HTTP Request,200,,Thread-Gruppe  1-23,text,true,,557,129,100,100,http://localhost:7000/randomRequest,410,0,0
1676157938171,510,HTTP Request,200,,Thread-Gruppe  1-77,text,true,,419,129,100,100,http://localhost:7000/randomRequest,510,0,0
1676157937995,698,HTTP Request,200,,Thread-Gruppe  1-72,text,true,,633,129,100,100,http://localhost:7000/randomRequest,698,0,1
1676157938293,411,HTTP Request,200,,Thread-Gruppe  1-53,text,true,,419,129,100,100,http://localhost:7000/randomRequest,411,0,0
1676157937382,1331,HTTP Request,200,,Thread-Gruppe  1-14,text,true,,486,129,100,100,http://localhost:7000/randomRequest,1331,0,0
1676157938097,616,HTTP Request,200,,Thread-Gruppe  1-39,text,true,,485,129,100,100,http://localhost:7000/randomRequest,616,0,0
1676157938100,613,HTTP Request,200,,Thread-Gruppe  1-13,text,true,,416,129,100,100,http://localhost:7000/randomRequest,613,0,0
1676157937556,1203,HTTP Request,200,,Thread-Gruppe  1-70,text,true,,495,129,100,100,http://localhost:7000/randomRequest,1203,0,0
1676157938146,622,HTTP Request,200,,Thread-Gruppe  1-12,text,true,,485,129,100,100,http://localhost:7000/randomRequest,622,0,0
1676157938250,518,HTTP Request,200,,Thread-Gruppe  1-26,text,true,,555,129,100,100,http://localhost:7000/randomRequest,518,0,0
1676157937070,1698,HTTP Request,200,,Thread-Gruppe  1-34,text,true,,537,129,100,100,http://localhost:7000/randomRequest,1698,0,0
1676157938056,718,HTTP Request,200,,Thread-Gruppe  1-50,text,true,,557,129,100,100,http://localhost:7000/randomRequest,718,0,0
1676157938171,610,HTTP Request,200,,Thread-Gruppe  1-46,text,true,,419,129,100,100,http://localhost:7000/randomRequest,610,0,0
1676157938274,507,HTTP Request,200,,Thread-Gruppe  1-33,text,true,,492,129,100,100,http://localhost:7000/randomRequest,507,0,0
1676157938201,617,HTTP Request,200,,Thread-Gruppe  1-86,text,true,,492,129,100,100,http://localhost:7000/randomRequest,617,0,1
1676157937793,1025,HTTP Request,200,,Thread-Gruppe  1-61,text,true,,488,129,100,100,http://localhost:7000/randomRequest,1025,0,0
1676157937512,1306,HTTP Request,200,,Thread-Gruppe  1-62,text,true,,527,129,100,100,http://localhost:7000/randomRequest,1306,0,1
1676157938131,721,HTTP Request,200,,Thread-Gruppe  1-47,text,true,,548,129,100,100,http://localhost:7000/randomRequest,721,0,1
1676157938161,714,HTTP Request,200,,Thread-Gruppe  1-4,text,true,,489,129,100,100,http://localhost:7000/randomRequest,714,0,1
1676157938068,817,HTTP Request,200,,Thread-Gruppe  1-58,text,true,,492,129,100,100,http://localhost:7000/randomRequest,817,0,0
1676157938413,510,HTTP Request,200,,Thread-Gruppe  1-6,text,true,,416,129,100,100,http://localhost:7000/randomRequest,510,0,0
1676157938212,711,HTTP Request,200,,Thread-Gruppe  1-94,text,true,,485,129,100,100,http://localhost:7000/randomRequest,711,0,0
1676157938413,533,HTTP Request,200,,Thread-Gruppe  1-90,text,true,,558,129,100,100,http://localhost:7000/randomRequest,533,0,0
1676157938217,738,HTTP Request,200,,Thread-Gruppe  1-57,text,true,,417,129,100,100,http://localhost:7000/randomRequest,738,0,1
1676157938340,615,HTTP Request,200,,Thread-Gruppe  1-68,text,true,,416,129,100,100,http://localhost:7000/randomRequest,615,0,0
1676157938368,612,HTTP Request,200,,Thread-Gruppe  1-98,text,true,,419,129,100,100,http://localhost:7000/randomRequest,612,0,0
1676157937243,1745,HTTP Request,200,,Thread-Gruppe  1-15,text,true,,527,129,100,100,http://localhost:7000/randomRequest,1745,0,0
1676157938505,514,HTTP Request,200,,Thread-Gruppe  1-59,text,true,,492,129,100,100,http://localhost:7000/randomRequest,514,0,1
1676157938205,814,HTTP Request,200,,Thread-Gruppe  1-100,text,true,,490,129,100,100,http://localhost:7000/randomRequest,814,0,0
1676157938413,610,HTTP Request,200,,Thread-Gruppe  1-92,text,true,,562,129,100,100,http://localhost:7000/randomRequest,610,0,0
1676157938146,901,HTTP Request,200,,Thread-Gruppe  1-43,text,true,,643,129,100,100,http://localhost:7000/randomRequest,901,0,0
1676157938018,1029,HTTP Request,200,,Thread-Gruppe  1-27,text,true,,401,129,100,100,http://localhost:7000/randomRequest,1029,0,1
1676157938340,719,HTTP Request,200,,Thread-Gruppe  1-93,text,true,,419,129,100,100,http://localhost:7000/randomRequest,719,0,0
1676157938558,517,HTTP Request,200,,Thread-Gruppe  1-48,text,true,,555,129,100,100,http://localhost:7000/randomRequest,517,0,0
1676157938461,614,HTTP Request,200,,Thread-Gruppe  1-54,text,true,,419,129,100,100,http://localhost:7000/randomRequest,614,0,0
1676157938260,815,HTTP Request,200,,Thread-Gruppe  1-45,text,true,,489,129,100,100,http://localhost:7000/randomRequest,815,0,0
1676157938460,615,HTTP Request,200,,Thread-Gruppe  1-49,text,true,,419,129,100,100,http://localhost:7000/randomRequest,615,0,0
1676157938356,719,HTTP Request,200,,Thread-Gruppe  1-81,text,true,,492,129,100,100,http://localhost:7000/randomRequest,719,0,0
1676157938560,515,HTTP Request,200,,Thread-Gruppe  1-37,text,true,,563,129,100,100,http://localhost:7000/randomRequest,515,0,1
1676157938460,615,HTTP Request,200,,Thread-Gruppe  1-76,text,true,,419,129,100,100,http://localhost:7000/randomRequest,615,0,0
1676157938131,944,HTTP Request,200,,Thread-Gruppe  1-78,text,true,,670,129,100,100,http://localhost:7000/randomRequest,944,0,1
1676157938156,919,HTTP Request,200,,Thread-Gruppe  1-91,text,true,,492,129,100,100,http://localhost:7000/randomRequest,919,0,0
1676157938477,616,HTTP Request,200,,Thread-Gruppe  1-2,text,true,,557,129,100,100,http://localhost:7000/randomRequest,616,0,0
1676157938580,521,HTTP Request,200,,Thread-Gruppe  1-51,text,true,,415,129,100,100,http://localhost:7000/randomRequest,521,0,0
1676157938205,914,HTTP Request,200,,Thread-Gruppe  1-80,text,true,,490,129,100,100,http://localhost:7000/randomRequest,914,0,0
1676157938610,509,HTTP Request,200,,Thread-Gruppe  1-69,text,true,,419,129,100,100,http://localhost:7000/randomRequest,509,0,0
1676157938505,614,HTTP Request,200,,Thread-Gruppe  1-29,text,true,,481,129,100,100,http://localhost:7000/randomRequest,614,0,0
1676157938505,614,HTTP Request,200,,Thread-Gruppe  1-65,text,true,,481,129,100,100,http://localhost:7000/randomRequest,614,0,1
1676157937718,1401,HTTP Request,200,,Thread-Gruppe  1-21,text,true,,541,129,100,100,http://localhost:7000/randomRequest,1401,0,0
1676157938713,413,HTTP Request,200,,Thread-Gruppe  1-14,text,true,,417,129,100,100,http://localhost:7000/randomRequest,413,0,0
1676157938351,800,HTTP Request,200,,Thread-Gruppe  1-31,text,true,,540,129,100,100,http://localhost:7000/randomRequest,800,0,0
1676157938645,515,HTTP Request,200,,Thread-Gruppe  1-23,text,true,,419,129,100,100,http://localhost:7000/randomRequest,515,0,1
1676157909063,30099,HTTP Request,500,,Thread-Gruppe  1-63,text,false,,258,129,100,100,http://localhost:7000/randomRequest,30099,0,1
1676157938250,929,HTTP Request,200,,Thread-Gruppe  1-38,text,true,,485,129,100,100,http://localhost:7000/randomRequest,929,0,0
1676157938461,718,HTTP Request,200,,Thread-Gruppe  1-36,text,true,,419,129,100,100,http://localhost:7000/randomRequest,718,0,0
1676157938774,411,HTTP Request,200,,Thread-Gruppe  1-50,text,true,,490,129,100,100,http://localhost:7000/randomRequest,411,0,0
1676157938477,718,HTTP Request,200,,Thread-Gruppe  1-84,text,true,,492,129,100,100,http://localhost:7000/randomRequest,718,0,0
1676157938148,1047,HTTP Request,200,,Thread-Gruppe  1-89,text,true,,666,129,100,100,http://localhost:7000/randomRequest,1047,0,1
1676157938781,414,HTTP Request,200,,Thread-Gruppe  1-33,text,true,,488,129,100,100,http://localhost:7000/randomRequest,414,0,1
1676157938070,1125,HTTP Request,200,,Thread-Gruppe  1-1,text,true,,489,129,100,100,http://localhost:7000/randomRequest,1125,0,1
1676157938323,930,HTTP Request,200,,Thread-Gruppe  1-87,text,true,,492,129,100,100,http://localhost:7000/randomRequest,930,0,0
1676157937345,1934,HTTP Request,200,,Thread-Gruppe  1-20,text,true,,537,129,100,100,http://localhost:7000/randomRequest,1934,0,0
1676157909185,30097,HTTP Request,500,,Thread-Gruppe  1-10,text,false,,258,129,100,100,http://localhost:7000/randomRequest,30097,0,1
1676157938377,932,HTTP Request,200,,Thread-Gruppe  1-82,text,true,,647,129,100,100,http://localhost:7000/randomRequest,932,0,0
1676157938205,1118,HTTP Request,200,,Thread-Gruppe  1-71,text,true,,488,129,100,100,http://localhost:7000/randomRequest,1118,0,0
1676157938505,818,HTTP Request,200,,Thread-Gruppe  1-88,text,true,,549,129,100,100,http://localhost:7000/randomRequest,818,0,1
1676157938600,723,HTTP Request,200,,Thread-Gruppe  1-32,text,true,,553,129,100,100,http://localhost:7000/randomRequest,723,0,0
1676157938504,819,HTTP Request,200,,Thread-Gruppe  1-7,text,true,,4539,129,100,100,http://localhost:7000/randomRequest,819,0,0
1676157939019,328,HTTP Request,200,,Thread-Gruppe  1-100,text,true,,417,129,100,100,http://localhost:7000/randomRequest,328,0,0
1676157938635,718,HTTP Request,200,,Thread-Gruppe  1-41,text,true,,489,129,100,100,http://localhost:7000/randomRequest,718,0,0
1676157938645,722,HTTP Request,200,,Thread-Gruppe  1-67,text,true,,419,129,100,100,http://localhost:7000/randomRequest,722,0,1
1676157938768,615,HTTP Request,200,,Thread-Gruppe  1-12,text,true,,419,129,100,100,http://localhost:7000/randomRequest,615,0,0
1676157938875,518,HTTP Request,200,,Thread-Gruppe  1-4,text,true,,419,129,100,100,http://localhost:7000/randomRequest,518,0,0
1676157937794,1603,HTTP Request,200,,Thread-Gruppe  1-3,text,true,,527,129,100,100,http://localhost:7000/randomRequest,1603,0,1
1676157938579,850,HTTP Request,200,,Thread-Gruppe  1-97,text,true,,665,129,100,100,http://localhost:7000/randomRequest,850,0,1
1676157938113,1316,HTTP Request,200,,Thread-Gruppe  1-56,text,true,,537,129,100,100,http://localhost:7000/randomRequest,1316,0,0
1676157938693,736,HTTP Request,200,,Thread-Gruppe  1-72,text,true,,488,129,100,100,http://localhost:7000/randomRequest,736,0,0
1676157938713,723,HTTP Request,200,,Thread-Gruppe  1-13,text,true,,419,129,100,100,http://localhost:7000/randomRequest,723,0,0
1676157939019,417,HTTP Request,200,,Thread-Gruppe  1-59,text,true,,555,129,100,100,http://localhost:7000/randomRequest,417,0,0
1676157938713,742,HTTP Request,200,,Thread-Gruppe  1-39,text,true,,417,129,100,100,http://localhost:7000/randomRequest,742,0,0
1676157938946,510,HTTP Request,200,,Thread-Gruppe  1-90,text,true,,418,129,100,100,http://localhost:7000/randomRequest,510,0,0
1676157938043,1413,HTTP Request,200,,Thread-Gruppe  1-24,text,true,,537,129,100,100,http://localhost:7000/randomRequest,1413,0,0
1676157938544,927,HTTP Request,200,,Thread-Gruppe  1-85,text,true,,403,129,100,100,http://localhost:7000/randomRequest,927,0,1
1676157938643,828,HTTP Request,200,,Thread-Gruppe  1-55,text,true,,488,129,100,100,http://localhost:7000/randomRequest,828,0,1
1676157938629,847,HTTP Request,200,,Thread-Gruppe  1-95,text,true,,557,129,100,100,http://localhost:7000/randomRequest,847,0,1
1676157938161,1327,HTTP Request,200,,Thread-Gruppe  1-40,text,true,,492,129,100,100,http://localhost:7000/randomRequest,1327,0,1
1676157938885,616,HTTP Request,200,,Thread-Gruppe  1-58,text,true,,419,129,100,100,http://localhost:7000/randomRequest,616,0,1
1676157938705,825,HTTP Request,200,,Thread-Gruppe  1-53,text,true,,1997,129,100,100,http://localhost:7000/randomRequest,825,0,0
1676157938818,722,HTTP Request,200,,Thread-Gruppe  1-86,text,true,,418,129,100,100,http://localhost:7000/randomRequest,722,0,0
1676157938252,1288,HTTP Request,200,,Thread-Gruppe  1-30,text,true,,541,129,100,100,http://localhost:7000/randomRequest,1288,0,0
1676157938454,1101,HTTP Request,200,,Thread-Gruppe  1-96,text,true,,633,129,100,100,http://localhost:7000/randomRequest,1101,0,0
1676157938266,1291,HTTP Request,200,,Thread-Gruppe  1-64,text,true,,643,129,100,100,http://localhost:7000/randomRequest,1291,0,0
1676157939024,533,HTTP Request,200,,Thread-Gruppe  1-92,text,true,,417,129,100,100,http://localhost:7000/randomRequest,533,0,0
1676157938852,720,HTTP Request,200,,Thread-Gruppe  1-47,text,true,,419,129,100,100,http://localhost:7000/randomRequest,719,0,0
1676157938544,1028,HTTP Request,200,,Thread-Gruppe  1-22,text,true,,492,129,100,100,http://localhost:7000/randomRequest,1027,0,1
1676157939075,518,HTTP Request,200,,Thread-Gruppe  1-76,text,true,,418,129,100,100,http://localhost:7000/randomRequest,518,0,0
1676157938070,1523,HTTP Request,200,,Thread-Gruppe  1-5,text,true,,541,129,100,100,http://localhost:7000/randomRequest,1523,0,1
1676157938768,825,HTTP Request,200,,Thread-Gruppe  1-34,text,true,,419,129,100,100,http://localhost:7000/randomRequest,825,0,0
1676157939075,518,HTTP Request,200,,Thread-Gruppe  1-78,text,true,,544,129,100,100,http://localhost:7000/randomRequest,518,0,0
1676157939186,415,HTTP Request,200,,Thread-Gruppe  1-50,text,true,,548,129,100,100,http://localhost:7000/randomRequest,415,0,0
1676157939093,513,HTTP Request,200,,Thread-Gruppe  1-2,text,true,,419,129,100,100,http://localhost:7000/randomRequest,513,0,0
1676157938818,825,HTTP Request,200,,Thread-Gruppe  1-62,text,true,,492,129,100,100,http://localhost:7000/randomRequest,825,0,0
1676157939119,524,HTTP Request,200,,Thread-Gruppe  1-21,text,true,,492,129,100,100,http://localhost:7000/randomRequest,524,0,1
1676157938955,698,HTTP Request,200,,Thread-Gruppe  1-57,text,true,,633,129,100,100,http://localhost:7000/randomRequest,698,0,0
1676157938579,1101,HTTP Request,200,,Thread-Gruppe  1-28,text,true,,647,129,100,100,http://localhost:7000/randomRequest,1101,0,1
1676157938768,929,HTTP Request,200,,Thread-Gruppe  1-26,text,true,,492,129,100,100,http://localhost:7000/randomRequest,929,0,0
1676157939281,416,HTTP Request,200,,Thread-Gruppe  1-10,text,true,,562,129,100,100,http://localhost:7000/randomRequest,416,0,0
1676157939075,622,HTTP Request,200,,Thread-Gruppe  1-49,text,true,,418,129,100,100,http://localhost:7000/randomRequest,622,0,1
1676157939075,642,HTTP Request,200,,Thread-Gruppe  1-54,text,true,,687,129,100,100,http://localhost:7000/randomRequest,642,0,1
1676157939195,522,HTTP Request,200,,Thread-Gruppe  1-84,text,true,,558,129,100,100,http://localhost:7000/randomRequest,522,0,0
1676157939101,622,HTTP Request,200,,Thread-Gruppe  1-51,text,true,,492,129,100,100,http://localhost:7000/randomRequest,622,0,0
1676157938413,1310,HTTP Request,200,,Thread-Gruppe  1-44,text,true,,633,129,100,100,http://localhost:7000/randomRequest,1310,0,0
1676157938923,824,HTTP Request,200,,Thread-Gruppe  1-94,text,true,,492,129,100,100,http://localhost:7000/randomRequest,824,0,0
1676157939126,621,HTTP Request,200,,Thread-Gruppe  1-14,text,true,,486,129,100,100,http://localhost:7000/randomRequest,621,0,0
1676157939047,713,HTTP Request,200,,Thread-Gruppe  1-27,text,true,,481,129,100,100,http://localhost:7000/randomRequest,713,0,1
1676157939160,616,HTTP Request,200,,Thread-Gruppe  1-23,text,true,,419,129,100,100,http://localhost:7000/randomRequest,616,0,0
1676157938759,1038,HTTP Request,200,,Thread-Gruppe  1-70,text,true,,403,129,100,100,http://localhost:7000/randomRequest,1038,0,0
1676157939075,726,HTTP Request,200,,Thread-Gruppe  1-91,text,true,,482,129,100,100,http://localhost:7000/randomRequest,726,0,1
1676157939075,726,HTTP Request,200,,Thread-Gruppe  1-48,text,true,,564,129,100,100,http://localhost:7000/randomRequest,726,0,0
1676157939195,615,HTTP Request,200,,Thread-Gruppe  1-89,text,true,,492,129,100,100,http://localhost:7000/randomRequest,615,0,1
1676157939195,624,HTTP Request,200,,Thread-Gruppe  1-1,text,true,,557,129,100,100,http://localhost:7000/randomRequest,624,0,0
1676157938781,1062,HTTP Request,200,,Thread-Gruppe  1-46,text,true,,682,129,100,100,http://localhost:7000/randomRequest,1062,0,1
1676157939119,732,HTTP Request,200,,Thread-Gruppe  1-80,text,true,,553,129,100,100,http://localhost:7000/randomRequest,732,0,1
1676157938980,924,HTTP Request,200,,Thread-Gruppe  1-98,text,true,,419,129,100,100,http://localhost:7000/randomRequest,924,0,0
1676157939075,829,HTTP Request,200,,Thread-Gruppe  1-81,text,true,,418,129,100,100,http://localhost:7000/randomRequest,829,0,0
1676157939309,617,HTTP Request,200,,Thread-Gruppe  1-82,text,true,,483,129,100,100,http://localhost:7000/randomRequest,617,0,1
1676157909890,30056,HTTP Request,500,,Thread-Gruppe  1-73,text,false,,258,129,100,100,http://localhost:7000/randomRequest,30056,0,0
1676157939429,518,HTTP Request,200,,Thread-Gruppe  1-72,text,true,,574,129,100,100,http://localhost:7000/randomRequest,518,0,1
1676157938645,1306,HTTP Request,200,,Thread-Gruppe  1-74,text,true,,537,129,100,100,http://localhost:7000/randomRequest,1306,0,1
1676157939119,832,HTTP Request,200,,Thread-Gruppe  1-69,text,true,,490,129,100,100,http://localhost:7000/randomRequest,832,0,1
1676157939347,611,HTTP Request,200,,Thread-Gruppe  1-100,text,true,,553,129,100,100,http://localhost:7000/randomRequest,611,0,0
1676157939060,921,HTTP Request,200,,Thread-Gruppe  1-93,text,true,,488,129,100,100,http://localhost:7000/randomRequest,921,0,0
1676157939047,954,HTTP Request,200,,Thread-Gruppe  1-43,text,true,,560,129,100,100,http://localhost:7000/randomRequest,954,0,1
1676157939280,725,HTTP Request,200,,Thread-Gruppe  1-20,text,true,,545,129,100,100,http://localhost:7000/randomRequest,725,0,0
1676157939179,826,HTTP Request,200,,Thread-Gruppe  1-36,text,true,,492,129,100,100,http://localhost:7000/randomRequest,826,0,1
1676157939324,723,HTTP Request,200,,Thread-Gruppe  1-32,text,true,,492,129,100,100,http://localhost:7000/randomRequest,723,0,0
1676157939324,723,HTTP Request,200,,Thread-Gruppe  1-7,text,true,,418,129,100,100,http://localhost:7000/randomRequest,723,0,0
1676157938818,1235,HTTP Request,200,,Thread-Gruppe  1-61,text,true,,488,129,100,100,http://localhost:7000/randomRequest,1235,0,0
1676157939119,936,HTTP Request,200,,Thread-Gruppe  1-65,text,true,,488,129,100,100,http://localhost:7000/randomRequest,936,0,1
1676157939119,936,HTTP Request,200,,Thread-Gruppe  1-29,text,true,,488,129,100,100,http://localhost:7000/randomRequest,936,0,1
1676157939436,621,HTTP Request,200,,Thread-Gruppe  1-13,text,true,,479,129,100,100,http://localhost:7000/randomRequest,621,0,0
1676157939472,614,HTTP Request,200,,Thread-Gruppe  1-85,text,true,,403,129,100,100,http://localhost:7000/randomRequest,614,0,0
1676157939162,926,HTTP Request,200,,Thread-Gruppe  1-63,text,true,,403,129,100,100,http://localhost:7000/randomRequest,926,0,0
1676157939179,930,HTTP Request,200,,Thread-Gruppe  1-38,text,true,,488,129,100,100,http://localhost:7000/randomRequest,930,0,1
1676157939397,721,HTTP Request,200,,Thread-Gruppe  1-3,text,true,,488,129,100,100,http://localhost:7000/randomRequest,721,0,1
1676157939195,931,HTTP Request,200,,Thread-Gruppe  1-33,text,true,,492,129,100,100,http://localhost:7000/randomRequest,931,0,0
1676157938923,1208,HTTP Request,200,,Thread-Gruppe  1-6,text,true,,633,129,100,100,http://localhost:7000/randomRequest,1208,0,0
1676157939324,829,HTTP Request,200,,Thread-Gruppe  1-88,text,true,,403,129,100,100,http://localhost:7000/randomRequest,829,0,0
1676157939429,725,HTTP Request,200,,Thread-Gruppe  1-97,text,true,,490,129,100,100,http://localhost:7000/randomRequest,725,0,1
1676157939557,620,HTTP Request,200,,Thread-Gruppe  1-64,text,true,,484,129,100,100,http://localhost:7000/randomRequest,620,0,1
1676157938955,1227,HTTP Request,200,,Thread-Gruppe  1-68,text,true,,492,129,100,100,http://localhost:7000/randomRequest,1227,0,0
1676157939368,818,HTTP Request,200,,Thread-Gruppe  1-67,text,true,,485,129,100,100,http://localhost:7000/randomRequest,818,0,0
1676157939472,721,HTTP Request,200,,Thread-Gruppe  1-55,text,true,,492,129,100,100,http://localhost:7000/randomRequest,721,0,0
1676157938989,1237,HTTP Request,200,,Thread-Gruppe  1-15,text,true,,492,129,100,100,http://localhost:7000/randomRequest,1237,0,0
1676157939810,416,HTTP Request,200,,Thread-Gruppe  1-89,text,true,,418,129,100,100,http://localhost:7000/randomRequest,416,0,0
1676157939324,929,HTTP Request,200,,Thread-Gruppe  1-71,text,true,,403,129,100,100,http://localhost:7000/randomRequest,929,0,0
1676157939540,721,HTTP Request,200,,Thread-Gruppe  1-86,text,true,,419,129,100,100,http://localhost:7000/randomRequest,720,0,0
1676157939851,410,HTTP Request,200,,Thread-Gruppe  1-80,text,true,,485,129,100,100,http://localhost:7000/randomRequest,410,0,0
1676157939075,1186,HTTP Request,200,,Thread-Gruppe  1-37,text,true,,541,129,100,100,http://localhost:7000/randomRequest,1186,0,1
1676157939654,613,HTTP Request,200,,Thread-Gruppe  1-57,text,true,,558,129,100,100,http://localhost:7000/randomRequest,613,0,0
1676157939456,826,HTTP Request,200,,Thread-Gruppe  1-24,text,true,,489,129,100,100,http://localhost:7000/randomRequest,825,0,1
1676157939777,516,HTTP Request,200,,Thread-Gruppe  1-23,text,true,,532,129,100,100,http://localhost:7000/randomRequest,516,0,0
1676157938681,1629,HTTP Request,200,,Thread-Gruppe  1-77,text,true,,647,129,100,100,http://localhost:7000/randomRequest,1629,0,1
1676157939593,717,HTTP Request,200,,Thread-Gruppe  1-5,text,true,,419,129,100,100,http://localhost:7000/randomRequest,717,0,0
1676157939489,821,HTTP Request,200,,Thread-Gruppe  1-40,text,true,,419,129,100,100,http://localhost:7000/randomRequest,821,0,0
1676157939697,613,HTTP Request,200,,Thread-Gruppe  1-26,text,true,,551,129,100,100,http://localhost:7000/randomRequest,613,0,1
1676157939593,717,HTTP Request,200,,Thread-Gruppe  1-34,text,true,,485,129,100,100,http://localhost:7000/randomRequest,717,0,0
1676157939801,516,HTTP Request,200,,Thread-Gruppe  1-48,text,true,,492,129,100,100,http://localhost:7000/randomRequest,516,0,0
1676157939601,716,HTTP Request,200,,Thread-Gruppe  1-50,text,true,,488,129,100,100,http://localhost:7000/randomRequest,716,0,0
1676157939501,830,HTTP Request,200,,Thread-Gruppe  1-58,text,true,,562,129,100,100,http://localhost:7000/randomRequest,830,0,0
1676157939723,623,HTTP Request,200,,Thread-Gruppe  1-44,text,true,,490,129,100,100,http://localhost:7000/randomRequest,623,0,1
1676157939572,782,HTTP Request,200,,Thread-Gruppe  1-22,text,true,,633,129,100,100,http://localhost:7000/randomRequest,782,0,0
1676157939540,821,HTTP Request,200,,Thread-Gruppe  1-30,text,true,,492,129,100,100,http://localhost:7000/randomRequest,821,0,0
1676157939643,721,HTTP Request,200,,Thread-Gruppe  1-62,text,true,,419,129,100,100,http://localhost:7000/randomRequest,721,0,0
1676157939075,1297,HTTP Request,200,,Thread-Gruppe  1-45,text,true,,633,129,100,100,http://localhost:7000/randomRequest,1297,0,1
1676157939152,1224,HTTP Request,200,,Thread-Gruppe  1-31,text,true,,492,129,100,100,http://localhost:7000/randomRequest,1224,0,0
1676157939697,723,HTTP Request,200,,Thread-Gruppe  1-10,text,true,,419,129,100,100,http://localhost:7000/randomRequest,723,0,1
1676157940005,416,HTTP Request,200,,Thread-Gruppe  1-36,text,true,,419,129,100,100,http://localhost:7000/randomRequest,416,0,1
1676157939927,524,HTTP Request,200,,Thread-Gruppe  1-82,text,true,,418,129,100,100,http://localhost:7000/randomRequest,524,0,0
1676157939253,1201,HTTP Request,200,,Thread-Gruppe  1-87,text,true,,537,129,100,100,http://localhost:7000/randomRequest,1201,0,0
1676157939430,1033,HTTP Request,200,,Thread-Gruppe  1-56,text,true,,490,129,100,100,http://localhost:7000/randomRequest,1033,0,0
1676157939383,1090,HTTP Request,200,,Thread-Gruppe  1-12,text,true,,495,129,100,100,http://localhost:7000/randomRequest,1090,0,1
1676157939572,921,HTTP Request,200,,Thread-Gruppe  1-47,text,true,,403,129,100,100,http://localhost:7000/randomRequest,921,0,0
1676157939697,796,HTTP Request,200,,Thread-Gruppe  1-49,text,true,,527,129,100,100,http://localhost:7000/randomRequest,796,0,1
1676157940086,412,HTTP Request,200,,Thread-Gruppe  1-85,text,true,,3981,129,100,100,http://localhost:7000/randomRequest,412,0,0
1676157940118,409,HTTP Request,200,,Thread-Gruppe  1-3,text,true,,565,129,100,100,http://localhost:7000/randomRequest,409,0,0
1676157939718,814,HTTP Request,200,,Thread-Gruppe  1-54,text,true,,419,129,100,100,http://localhost:7000/randomRequest,814,0,0
1676157939905,632,HTTP Request,200,,Thread-Gruppe  1-98,text,true,,682,129,100,100,http://localhost:7000/randomRequest,632,0,0
1676157939531,1025,HTTP Request,200,,Thread-Gruppe  1-53,text,true,,403,129,100,100,http://localhost:7000/randomRequest,1025,0,0
1676157939751,820,HTTP Request,200,,Thread-Gruppe  1-14,text,true,,482,129,100,100,http://localhost:7000/randomRequest,820,0,0
1676157940055,516,HTTP Request,200,,Thread-Gruppe  1-29,text,true,,556,129,100,100,http://localhost:7000/randomRequest,516,0,1
1676157939557,1030,HTTP Request,200,,Thread-Gruppe  1-92,text,true,,2160,129,100,100,http://localhost:7000/randomRequest,1030,0,1
1676157939555,1032,HTTP Request,200,,Thread-Gruppe  1-96,text,true,,419,129,100,100,http://localhost:7000/randomRequest,1032,0,0
1676157940089,515,HTTP Request,200,,Thread-Gruppe  1-63,text,true,,492,129,100,100,http://localhost:7000/randomRequest,515,0,0
1676157939476,1132,HTTP Request,200,,Thread-Gruppe  1-95,text,true,,550,129,100,100,http://localhost:7000/randomRequest,1132,0,0
1676157939353,1268,HTTP Request,200,,Thread-Gruppe  1-41,text,true,,563,129,100,100,http://localhost:7000/randomRequest,1268,0,1
1676157940005,620,HTTP Request,200,,Thread-Gruppe  1-20,text,true,,485,129,100,100,http://localhost:7000/randomRequest,620,0,1
1676157939606,1034,HTTP Request,200,,Thread-Gruppe  1-2,text,true,,419,129,100,100,http://localhost:7000/randomRequest,1034,0,0
1676157939801,853,HTTP Request,200,,Thread-Gruppe  1-91,text,true,,673,129,100,100,http://localhost:7000/randomRequest,853,0,0
1676157939947,712,HTTP Request,200,,Thread-Gruppe  1-72,text,true,,485,129,100,100,http://localhost:7000/randomRequest,712,0,1
1676157939819,840,HTTP Request,200,,Thread-Gruppe  1-1,text,true,,417,129,100,100,http://localhost:7000/randomRequest,840,0,1
1676157940054,618,HTTP Request,200,,Thread-Gruppe  1-61,text,true,,418,129,100,100,http://localhost:7000/randomRequest,618,0,0
1676157939455,1239,HTTP Request,200,,Thread-Gruppe  1-39,text,true,,492,129,100,100,http://localhost:7000/randomRequest,1239,0,0
1676157939982,722,HTTP Request,200,,Thread-Gruppe  1-93,text,true,,557,129,100,100,http://localhost:7000/randomRequest,722,0,0
1676157939393,1333,HTTP Request,200,,Thread-Gruppe  1-4,text,true,,537,129,100,100,http://localhost:7000/randomRequest,1333,0,0
1676157939593,1150,HTTP Request,200,,Thread-Gruppe  1-78,text,true,,417,129,100,100,http://localhost:7000/randomRequest,1150,0,0
1676157940126,621,HTTP Request,200,,Thread-Gruppe  1-33,text,true,,492,129,100,100,http://localhost:7000/randomRequest,621,0,0
1676157940262,517,HTTP Request,200,,Thread-Gruppe  1-37,text,true,,544,129,100,100,http://localhost:7000/randomRequest,517,0,0
1676157939456,1337,HTTP Request,200,,Thread-Gruppe  1-90,text,true,,486,129,100,100,http://localhost:7000/randomRequest,1337,0,1
1676157940048,756,HTTP Request,200,,Thread-Gruppe  1-7,text,true,,678,129,100,100,http://localhost:7000/randomRequest,756,0,0
1676157940310,516,HTTP Request,200,,Thread-Gruppe  1-26,text,true,,416,129,100,100,http://localhost:7000/randomRequest,516,0,1
1676157940310,516,HTTP Request,200,,Thread-Gruppe  1-5,text,true,,419,129,100,100,http://localhost:7000/randomRequest,516,0,1
1676157940110,720,HTTP Request,200,,Thread-Gruppe  1-38,text,true,,565,129,100,100,http://localhost:7000/randomRequest,720,0,0
1676157939718,1122,HTTP Request,200,,Thread-Gruppe  1-84,text,true,,419,129,100,100,http://localhost:7000/randomRequest,1122,0,0
1676157940532,316,HTTP Request,200,,Thread-Gruppe  1-54,text,true,,418,129,100,100,http://localhost:7000/randomRequest,316,0,1
1676157940226,622,HTTP Request,200,,Thread-Gruppe  1-15,text,true,,492,129,100,100,http://localhost:7000/randomRequest,622,0,0
1676157940131,728,HTTP Request,200,,Thread-Gruppe  1-6,text,true,,559,129,100,100,http://localhost:7000/randomRequest,728,0,1
1676157939945,920,HTTP Request,200,,Thread-Gruppe  1-73,text,true,,485,129,100,100,http://localhost:7000/randomRequest,920,0,0
1676157940048,817,HTTP Request,200,,Thread-Gruppe  1-32,text,true,,492,129,100,100,http://localhost:7000/randomRequest,817,0,0
1676157940556,309,HTTP Request,200,,Thread-Gruppe  1-53,text,true,,492,129,100,100,http://localhost:7000/randomRequest,309,0,0
1676157939643,1222,HTTP Request,200,,Thread-Gruppe  1-21,text,true,,558,129,100,100,http://localhost:7000/randomRequest,1222,0,0
1676157910796,30071,HTTP Request,500,,Thread-Gruppe  1-60,text,false,,258,129,100,100,http://localhost:7000/randomRequest,30071,0,0
1676157940454,416,HTTP Request,200,,Thread-Gruppe  1-87,text,true,,481,129,100,100,http://localhost:7000/randomRequest,416,0,0
1676157940154,720,HTTP Request,200,,Thread-Gruppe  1-97,text,true,,487,129,100,100,http://localhost:7000/randomRequest,720,0,0
1676157939751,1124,HTTP Request,200,,Thread-Gruppe  1-94,text,true,,548,129,100,100,http://localhost:7000/randomRequest,1124,0,0
1676157939951,924,HTTP Request,200,,Thread-Gruppe  1-74,text,true,,485,129,100,100,http://localhost:7000/randomRequest,924,0,1
1676157940057,818,HTTP Request,200,,Thread-Gruppe  1-13,text,true,,543,129,100,100,http://localhost:7000/randomRequest,818,0,1
1676157940055,824,HTTP Request,200,,Thread-Gruppe  1-65,text,true,,482,129,100,100,http://localhost:7000/randomRequest,824,0,1
1676157940364,515,HTTP Request,200,,Thread-Gruppe  1-62,text,true,,418,129,100,100,http://localhost:7000/randomRequest,515,0,1
1676157940473,414,HTTP Request,200,,Thread-Gruppe  1-12,text,true,,551,129,100,100,http://localhost:7000/randomRequest,414,0,0
1676157939958,929,HTTP Request,200,,Thread-Gruppe  1-100,text,true,,1033,129,100,100,http://localhost:7000/randomRequest,929,0,0
1676157939436,1462,HTTP Request,200,,Thread-Gruppe  1-59,text,true,,577,129,100,100,http://localhost:7000/randomRequest,1462,0,0
1676157939905,993,HTTP Request,200,,Thread-Gruppe  1-81,text,true,,537,129,100,100,http://localhost:7000/randomRequest,993,0,0
1676157939797,1101,HTTP Request,200,,Thread-Gruppe  1-70,text,true,,647,129,100,100,http://localhost:7000/randomRequest,1101,0,1
1676157940178,720,HTTP Request,200,,Thread-Gruppe  1-64,text,true,,419,129,100,100,http://localhost:7000/randomRequest,720,0,0
1676157940587,312,HTTP Request,200,,Thread-Gruppe  1-92,text,true,,548,129,100,100,http://localhost:7000/randomRequest,312,0,1
1676157940226,685,HTTP Request,200,,Thread-Gruppe  1-89,text,true,,633,129,100,100,http://localhost:7000/randomRequest,685,0,0
1676157939680,1237,HTTP Request,200,,Thread-Gruppe  1-28,text,true,,481,129,100,100,http://localhost:7000/randomRequest,1237,0,1
1676157940331,586,HTTP Request,200,,Thread-Gruppe  1-58,text,true,,647,129,100,100,http://localhost:7000/randomRequest,586,0,0
1676157939723,1207,HTTP Request,200,,Thread-Gruppe  1-51,text,true,,537,129,100,100,http://localhost:7000/randomRequest,1207,0,1
1676157939593,1337,HTTP Request,200,,Thread-Gruppe  1-76,text,true,,403,129,100,100,http://localhost:7000/randomRequest,1337,0,0
1676157940310,620,HTTP Request,200,,Thread-Gruppe  1-77,text,true,,566,129,100,100,http://localhost:7000/randomRequest,620,0,0
1676157939843,1124,HTTP Request,200,,Thread-Gruppe  1-46,text,true,,492,129,100,100,http://localhost:7000/randomRequest,1124,0,0
1676157940261,721,HTTP Request,200,,Thread-Gruppe  1-86,text,true,,403,129,100,100,http://localhost:7000/randomRequest,721,0,0
1676157940267,721,HTTP Request,200,,Thread-Gruppe  1-57,text,true,,403,129,100,100,http://localhost:7000/randomRequest,721,0,1
1676157940182,826,HTTP Request,200,,Thread-Gruppe  1-68,text,true,,480,129,100,100,http://localhost:7000/randomRequest,826,0,0
1676157940187,821,HTTP Request,200,,Thread-Gruppe  1-67,text,true,,540,129,100,100,http://localhost:7000/randomRequest,821,0,0
1676157940193,821,HTTP Request,200,,Thread-Gruppe  1-55,text,true,,492,129,100,100,http://localhost:7000/randomRequest,821,0,0
1676157940001,1031,HTTP Request,200,,Thread-Gruppe  1-43,text,true,,419,129,100,100,http://localhost:7000/randomRequest,1031,0,0
1676157940310,722,HTTP Request,200,,Thread-Gruppe  1-40,text,true,,492,129,100,100,http://localhost:7000/randomRequest,722,0,1
1676157940354,716,HTTP Request,200,,Thread-Gruppe  1-22,text,true,,552,129,100,100,http://localhost:7000/randomRequest,716,0,0
1676157940659,411,HTTP Request,200,,Thread-Gruppe  1-1,text,true,,488,129,100,100,http://localhost:7000/randomRequest,411,0,1
1676157940254,825,HTTP Request,200,,Thread-Gruppe  1-71,text,true,,542,129,100,100,http://localhost:7000/randomRequest,825,0,0
1676157939760,1342,HTTP Request,200,,Thread-Gruppe  1-27,text,true,,541,129,100,100,http://localhost:7000/randomRequest,1342,0,1
1676157940294,821,HTTP Request,200,,Thread-Gruppe  1-23,text,true,,570,129,100,100,http://localhost:7000/randomRequest,821,0,0
1676157940421,711,HTTP Request,200,,Thread-Gruppe  1-36,text,true,,548,129,100,100,http://localhost:7000/randomRequest,711,0,0
1676157940726,415,HTTP Request,200,,Thread-Gruppe  1-4,text,true,,550,129,100,100,http://localhost:7000/randomRequest,415,0,0
1676157940318,823,HTTP Request,200,,Thread-Gruppe  1-50,text,true,,562,129,100,100,http://localhost:7000/randomRequest,823,0,0
1676157940659,515,HTTP Request,200,,Thread-Gruppe  1-72,text,true,,419,129,100,100,http://localhost:7000/randomRequest,515,0,1
1676157940361,820,HTTP Request,200,,Thread-Gruppe  1-30,text,true,,485,129,100,100,http://localhost:7000/randomRequest,820,0,0
1676157940779,411,HTTP Request,200,,Thread-Gruppe  1-37,text,true,,419,129,100,100,http://localhost:7000/randomRequest,411,0,0
1676157940587,619,HTTP Request,200,,Thread-Gruppe  1-96,text,true,,561,129,100,100,http://localhost:7000/randomRequest,619,0,1
1676157940420,813,HTTP Request,200,,Thread-Gruppe  1-10,text,true,,416,129,100,100,http://localhost:7000/randomRequest,813,0,1
1676157940826,420,HTTP Request,200,,Thread-Gruppe  1-5,text,true,,419,129,100,100,http://localhost:7000/randomRequest,420,0,0
1676157940654,628,HTTP Request,200,,Thread-Gruppe  1-91,text,true,,563,129,100,100,http://localhost:7000/randomRequest,628,0,0
1676157940282,1000,HTTP Request,200,,Thread-Gruppe  1-24,text,true,,495,129,100,100,http://localhost:7000/randomRequest,1000,0,0
1676157940493,789,HTTP Request,200,,Thread-Gruppe  1-49,text,true,,643,129,100,100,http://localhost:7000/randomRequest,789,0,0
1676157940261,1028,HTTP Request,200,,Thread-Gruppe  1-80,text,true,,488,129,100,100,http://localhost:7000/randomRequest,1028,0,1
1676157940879,420,HTTP Request,200,,Thread-Gruppe  1-62,text,true,,543,129,100,100,http://localhost:7000/randomRequest,420,0,1
1676157940493,824,HTTP Request,200,,Thread-Gruppe  1-47,text,true,,419,129,100,100,http://localhost:7000/randomRequest,824,0,0
1676157940793,528,HTTP Request,200,,Thread-Gruppe  1-90,text,true,,417,129,100,100,http://localhost:7000/randomRequest,528,0,0
1676157940704,617,HTTP Request,200,,Thread-Gruppe  1-93,text,true,,485,129,100,100,http://localhost:7000/randomRequest,617,0,0
1676157940318,1016,HTTP Request,200,,Thread-Gruppe  1-48,text,true,,559,129,100,100,http://localhost:7000/randomRequest,1016,0,0
1676157940310,1027,HTTP Request,200,,Thread-Gruppe  1-34,text,true,,548,129,100,100,http://localhost:7000/randomRequest,1027,0,1
1676157940621,722,HTTP Request,200,,Thread-Gruppe  1-41,text,true,,556,129,100,100,http://localhost:7000/randomRequest,722,0,0
1676157940153,1192,HTTP Request,200,,Thread-Gruppe  1-88,text,true,,526,129,100,100,http://localhost:7000/randomRequest,1192,0,1
1676157940527,822,HTTP Request,200,,Thread-Gruppe  1-3,text,true,,417,129,100,100,http://localhost:7000/randomRequest,822,0,0
1676157940640,719,HTTP Request,200,,Thread-Gruppe  1-2,text,true,,416,129,100,100,http://localhost:7000/randomRequest,719,0,0
1676157940451,925,HTTP Request,200,,Thread-Gruppe  1-82,text,true,,480,129,100,100,http://localhost:7000/randomRequest,925,0,0
1676157940373,1029,HTTP Request,200,,Thread-Gruppe  1-45,text,true,,567,129,100,100,http://localhost:7000/randomRequest,1029,0,0
1676157940887,515,HTTP Request,200,,Thread-Gruppe  1-12,text,true,,419,129,100,100,http://localhost:7000/randomRequest,515,0,1
1676157940875,542,HTTP Request,200,,Thread-Gruppe  1-94,text,true,,543,129,100,100,http://localhost:7000/randomRequest,542,0,0
1676157940609,813,HTTP Request,200,,Thread-Gruppe  1-95,text,true,,546,129,100,100,http://localhost:7000/randomRequest,813,0,0
1676157940604,818,HTTP Request,200,,Thread-Gruppe  1-63,text,true,,486,129,100,100,http://localhost:7000/randomRequest,818,0,0
1676157940498,924,HTTP Request,200,,Thread-Gruppe  1-85,text,true,,486,129,100,100,http://localhost:7000/randomRequest,924,0,1
1676157940826,631,HTTP Request,200,,Thread-Gruppe  1-26,text,true,,419,129,100,100,http://localhost:7000/randomRequest,631,0,0
1676157940537,920,HTTP Request,200,,Thread-Gruppe  1-98,text,true,,640,129,100,100,http://localhost:7000/randomRequest,920,0,0
1676157940930,527,HTTP Request,200,,Thread-Gruppe  1-77,text,true,,560,129,100,100,http://localhost:7000/randomRequest,527,0,0
1676157940346,1125,HTTP Request,200,,Thread-Gruppe  1-44,text,true,,526,129,100,100,http://localhost:7000/randomRequest,1125,0,0
1676157940865,612,HTTP Request,200,,Thread-Gruppe  1-32,text,true,,489,129,100,100,http://localhost:7000/randomRequest,612,0,1
1676157940870,607,HTTP Request,200,,Thread-Gruppe  1-87,text,true,,490,129,100,100,http://localhost:7000/randomRequest,607,0,0
1676157940898,623,HTTP Request,200,,Thread-Gruppe  1-64,text,true,,489,129,100,100,http://localhost:7000/randomRequest,623,0,1
1676157940898,623,HTTP Request,200,,Thread-Gruppe  1-59,text,true,,403,129,100,100,http://localhost:7000/randomRequest,623,0,1
1676157940918,608,HTTP Request,200,,Thread-Gruppe  1-58,text,true,,419,129,100,100,http://localhost:7000/randomRequest,608,0,0
1676157940911,615,HTTP Request,200,,Thread-Gruppe  1-89,text,true,,2659,129,100,100,http://localhost:7000/randomRequest,615,0,0
1676157940859,684,HTTP Request,200,,Thread-Gruppe  1-6,text,true,,539,129,100,100,http://localhost:7000/randomRequest,684,0,0
1676157940840,726,HTTP Request,200,,Thread-Gruppe  1-84,text,true,,570,129,100,100,http://localhost:7000/randomRequest,726,0,0
1676157940848,718,HTTP Request,200,,Thread-Gruppe  1-54,text,true,,485,129,100,100,http://localhost:7000/randomRequest,718,0,0
1676157940830,741,HTTP Request,200,,Thread-Gruppe  1-38,text,true,,555,129,100,100,http://localhost:7000/randomRequest,741,0,0
1676157939951,1620,HTTP Request,200,,Thread-Gruppe  1-69,text,true,,541,129,100,100,http://localhost:7000/randomRequest,1620,0,1
1676157940865,714,HTTP Request,200,,Thread-Gruppe  1-53,text,true,,492,129,100,100,http://localhost:7000/randomRequest,714,0,1
1676157940464,1119,HTTP Request,200,,Thread-Gruppe  1-56,text,true,,492,129,100,100,http://localhost:7000/randomRequest,1119,0,0
1676157940673,910,HTTP Request,200,,Thread-Gruppe  1-61,text,true,,490,129,100,100,http://localhost:7000/randomRequest,910,0,0
1676157940982,611,HTTP Request,200,,Thread-Gruppe  1-86,text,true,,571,129,100,100,http://localhost:7000/randomRequest,611,0,0
1676157940898,724,HTTP Request,200,,Thread-Gruppe  1-81,text,true,,419,129,100,100,http://localhost:7000/randomRequest,724,0,1
1676157940898,724,HTTP Request,200,,Thread-Gruppe  1-70,text,true,,419,129,100,100,http://localhost:7000/randomRequest,724,0,1
1676157941015,614,HTTP Request,200,,Thread-Gruppe  1-55,text,true,,492,129,100,100,http://localhost:7000/randomRequest,614,0,0
1676157940625,1021,HTTP Request,200,,Thread-Gruppe  1-20,text,true,,488,129,100,100,http://localhost:7000/randomRequest,1021,0,0
1676157941299,410,HTTP Request,200,,Thread-Gruppe  1-62,text,true,,492,129,100,100,http://localhost:7000/randomRequest,410,0,0
1676157940887,822,HTTP Request,200,,Thread-Gruppe  1-100,text,true,,402,129,100,100,http://localhost:7000/randomRequest,822,0,1
1676157940899,824,HTTP Request,200,,Thread-Gruppe  1-92,text,true,,557,129,100,100,http://localhost:7000/randomRequest,824,0,0
1676157940743,991,HTTP Request,200,,Thread-Gruppe  1-78,text,true,,643,129,100,100,http://localhost:7000/randomRequest,991,0,0
1676157941008,743,HTTP Request,200,,Thread-Gruppe  1-68,text,true,,683,129,100,100,http://localhost:7000/randomRequest,743,0,0
1676157941233,521,HTTP Request,200,,Thread-Gruppe  1-10,text,true,,419,129,100,100,http://localhost:7000/randomRequest,521,0,0
1676157941132,624,HTTP Request,200,,Thread-Gruppe  1-36,text,true,,490,129,100,100,http://localhost:7000/randomRequest,624,0,1
1676157941246,514,HTTP Request,200,,Thread-Gruppe  1-5,text,true,,418,129,100,100,http://localhost:7000/randomRequest,514,0,0
1676157940571,1200,HTTP Request,200,,Thread-Gruppe  1-14,text,true,,537,129,100,100,http://localhost:7000/randomRequest,1200,0,1
1676157940747,1029,HTTP Request,200,,Thread-Gruppe  1-33,text,true,,488,129,100,100,http://localhost:7000/randomRequest,1029,0,1
1676157940571,1211,HTTP Request,200,,Thread-Gruppe  1-29,text,true,,647,129,100,100,http://localhost:7000/randomRequest,1211,0,1
1676157941071,711,HTTP Request,200,,Thread-Gruppe  1-1,text,true,,492,129,100,100,http://localhost:7000/randomRequest,711,0,0
1676157941071,711,HTTP Request,200,,Thread-Gruppe  1-22,text,true,,548,129,100,100,http://localhost:7000/randomRequest,711,0,0
1676157941282,513,HTTP Request,200,,Thread-Gruppe  1-91,text,true,,418,129,100,100,http://localhost:7000/randomRequest,513,0,0
1676157941181,614,HTTP Request,200,,Thread-Gruppe  1-30,text,true,,485,129,100,100,http://localhost:7000/randomRequest,614,0,1
1676157940967,842,HTTP Request,200,,Thread-Gruppe  1-46,text,true,,569,129,100,100,http://localhost:7000/randomRequest,842,0,1
1676157940879,930,HTTP Request,200,,Thread-Gruppe  1-65,text,true,,562,129,100,100,http://localhost:7000/randomRequest,930,0,1
1676157940989,820,HTTP Request,200,,Thread-Gruppe  1-57,text,true,,403,129,100,100,http://localhost:7000/randomRequest,820,0,0
1676157941206,620,HTTP Request,200,,Thread-Gruppe  1-96,text,true,,419,129,100,100,http://localhost:7000/randomRequest,620,0,1
1676157941115,717,HTTP Request,200,,Thread-Gruppe  1-23,text,true,,403,129,100,100,http://localhost:7000/randomRequest,717,0,1
1676157941317,522,HTTP Request,200,,Thread-Gruppe  1-47,text,true,,418,129,100,100,http://localhost:7000/randomRequest,522,0,1
1676157941141,718,HTTP Request,200,,Thread-Gruppe  1-50,text,true,,488,129,100,100,http://localhost:7000/randomRequest,718,0,0
1676157941174,709,HTTP Request,200,,Thread-Gruppe  1-72,text,true,,419,129,100,100,http://localhost:7000/randomRequest,709,0,0
1676157941478,405,HTTP Request,200,,Thread-Gruppe  1-32,text,true,,417,129,100,100,http://localhost:7000/randomRequest,405,0,0
1676157940865,1018,HTTP Request,200,,Thread-Gruppe  1-73,text,true,,419,129,100,100,http://localhost:7000/randomRequest,1018,0,1
1676157940874,1019,HTTP Request,200,,Thread-Gruppe  1-97,text,true,,693,129,100,100,http://localhost:7000/randomRequest,1019,0,0
1676157941282,617,HTTP Request,200,,Thread-Gruppe  1-24,text,true,,419,129,100,100,http://localhost:7000/randomRequest,617,0,0
1676157941190,720,HTTP Request,200,,Thread-Gruppe  1-37,text,true,,490,129,100,100,http://localhost:7000/randomRequest,720,0,1
1676157940376,1546,HTTP Request,200,,Thread-Gruppe  1-31,text,true,,486,129,100,100,http://localhost:7000/randomRequest,1546,0,0
1676157940694,1233,HTTP Request,200,,Thread-Gruppe  1-39,text,true,,403,129,100,100,http://localhost:7000/randomRequest,1233,0,0
1676157940804,1135,HTTP Request,200,,Thread-Gruppe  1-7,text,true,,488,129,100,100,http://localhost:7000/randomRequest,1135,0,0
1676157941141,819,HTTP Request,200,,Thread-Gruppe  1-4,text,true,,403,129,100,100,http://localhost:7000/randomRequest,819,0,0
1676157941345,615,HTTP Request,200,,Thread-Gruppe  1-88,text,true,,419,129,100,100,http://localhost:7000/randomRequest,615,0,0
1676157941457,504,HTTP Request,200,,Thread-Gruppe  1-98,text,true,,419,129,100,100,http://localhost:7000/randomRequest,504,0,1
1676157941349,612,HTTP Request,200,,Thread-Gruppe  1-3,text,true,,556,129,100,100,http://localhost:7000/randomRequest,612,0,0
1676157941343,621,HTTP Request,200,,Thread-Gruppe  1-41,text,true,,555,129,100,100,http://localhost:7000/randomRequest,621,0,0
1676157941079,897,HTTP Request,200,,Thread-Gruppe  1-71,text,true,,534,129,100,100,http://localhost:7000/randomRequest,897,0,1
1676157941282,718,HTTP Request,200,,Thread-Gruppe  1-49,text,true,,485,129,100,100,http://localhost:7000/randomRequest,718,0,0
1676157941289,716,HTTP Request,200,,Thread-Gruppe  1-80,text,true,,519,129,100,100,http://localhost:7000/randomRequest,716,0,1
1676157941402,608,HTTP Request,200,,Thread-Gruppe  1-12,text,true,,418,129,100,100,http://localhost:7000/randomRequest,608,0,0
1676157940875,1147,HTTP Request,200,,Thread-Gruppe  1-74,text,true,,647,129,100,100,http://localhost:7000/randomRequest,1147,0,0
1676157941521,512,HTTP Request,200,,Thread-Gruppe  1-59,text,true,,479,129,100,100,http://localhost:7000/randomRequest,512,0,0
1676157941321,717,HTTP Request,200,,Thread-Gruppe  1-93,text,true,,492,129,100,100,http://localhost:7000/randomRequest,717,0,0
1676157941422,616,HTTP Request,200,,Thread-Gruppe  1-95,text,true,,548,129,100,100,http://localhost:7000/randomRequest,616,0,0
1676157941008,1031,HTTP Request,200,,Thread-Gruppe  1-67,text,true,,481,129,100,100,http://localhost:7000/randomRequest,1031,0,1
1676157941102,957,HTTP Request,200,,Thread-Gruppe  1-27,text,true,,557,129,100,100,http://localhost:7000/randomRequest,957,0,1
1676157940930,1130,HTTP Request,200,,Thread-Gruppe  1-76,text,true,,695,129,100,100,http://localhost:7000/randomRequest,1129,0,0
1676157941334,725,HTTP Request,200,,Thread-Gruppe  1-48,text,true,,492,129,100,100,http://localhost:7000/randomRequest,725,0,0
1676157940866,1214,HTTP Request,200,,Thread-Gruppe  1-21,text,true,,638,129,100,100,http://localhost:7000/randomRequest,1214,0,0
1676157941580,505,HTTP Request,200,,Thread-Gruppe  1-53,text,true,,416,129,100,100,http://localhost:7000/randomRequest,505,0,0
1676157941629,510,HTTP Request,200,,Thread-Gruppe  1-55,text,true,,418,129,100,100,http://localhost:7000/randomRequest,510,0,0
1676157940918,1223,HTTP Request,200,,Thread-Gruppe  1-28,text,true,,490,129,100,100,http://localhost:7000/randomRequest,1223,0,0
1676157941526,617,HTTP Request,200,,Thread-Gruppe  1-89,text,true,,402,129,100,100,http://localhost:7000/randomRequest,617,0,0
1676157940930,1231,HTTP Request,200,,Thread-Gruppe  1-51,text,true,,568,129,100,100,http://localhost:7000/randomRequest,1231,0,0
1676157941646,515,HTTP Request,200,,Thread-Gruppe  1-20,text,true,,548,129,100,100,http://localhost:7000/randomRequest,515,0,0
1676157941571,613,HTTP Request,200,,Thread-Gruppe  1-38,text,true,,485,129,100,100,http://localhost:7000/randomRequest,613,0,0
1676157941478,711,HTTP Request,200,,Thread-Gruppe  1-87,text,true,,419,129,100,100,http://localhost:7000/randomRequest,711,0,0
1676157940867,1322,HTTP Request,200,,Thread-Gruppe  1-60,text,true,,643,129,100,100,http://localhost:7000/randomRequest,1322,0,0
1676157941377,824,HTTP Request,200,,Thread-Gruppe  1-82,text,true,,492,129,100,100,http://localhost:7000/randomRequest,824,0,0
1676157941583,618,HTTP Request,200,,Thread-Gruppe  1-56,text,true,,556,129,100,100,http://localhost:7000/randomRequest,618,0,1
1676157941833,410,HTTP Request,200,,Thread-Gruppe  1-23,text,true,,419,129,100,100,http://localhost:7000/randomRequest,410,0,0
1676157941422,840,HTTP Request,200,,Thread-Gruppe  1-85,text,true,,686,129,100,100,http://localhost:7000/randomRequest,840,0,0
1676157941337,929,HTTP Request,200,,Thread-Gruppe  1-34,text,true,,481,129,100,100,http://localhost:7000/randomRequest,929,0,1
1676157941754,512,HTTP Request,200,,Thread-Gruppe  1-10,text,true,,488,129,100,100,http://localhost:7000/randomRequest,512,0,1
1676157941032,1251,HTTP Request,200,,Thread-Gruppe  1-43,text,true,,647,129,100,100,http://localhost:7000/randomRequest,1251,0,0
1676157941471,818,HTTP Request,200,,Thread-Gruppe  1-44,text,true,,403,129,100,100,http://localhost:7000/randomRequest,818,0,0
1676157941571,718,HTTP Request,200,,Thread-Gruppe  1-69,text,true,,488,129,100,100,http://localhost:7000/randomRequest,718,0,0
1676157941593,722,HTTP Request,200,,Thread-Gruppe  1-86,text,true,,401,129,100,100,http://localhost:7000/randomRequest,722,0,0
1676157941795,520,HTTP Request,200,,Thread-Gruppe  1-91,text,true,,492,129,100,100,http://localhost:7000/randomRequest,520,0,0
1676157941709,608,HTTP Request,200,,Thread-Gruppe  1-100,text,true,,549,129,100,100,http://localhost:7000/randomRequest,608,0,0
1676157941032,1297,HTTP Request,200,,Thread-Gruppe  1-40,text,true,,633,129,100,100,http://localhost:7000/randomRequest,1297,0,0
1676157941826,513,HTTP Request,200,,Thread-Gruppe  1-96,text,true,,419,129,100,100,http://localhost:7000/randomRequest,513,0,0
1676157940848,1520,HTTP Request,200,,Thread-Gruppe  1-15,text,true,,643,129,100,100,http://localhost:7000/randomRequest,1520,0,0
1676157941761,616,HTTP Request,200,,Thread-Gruppe  1-5,text,true,,553,129,100,100,http://localhost:7000/randomRequest,616,0,0
1676157941860,533,HTTP Request,200,,Thread-Gruppe  1-50,text,true,,417,129,100,100,http://localhost:7000/randomRequest,533,0,0
1676157941883,512,HTTP Request,200,,Thread-Gruppe  1-32,text,true,,418,129,100,100,http://localhost:7000/randomRequest,512,0,0
1676157941893,516,HTTP Request,200,,Thread-Gruppe  1-97,text,true,,567,129,100,100,http://localhost:7000/randomRequest,516,0,0
1676157941457,952,HTTP Request,200,,Thread-Gruppe  1-77,text,true,,474,129,100,100,http://localhost:7000/randomRequest,952,0,1
1676157941809,617,HTTP Request,200,,Thread-Gruppe  1-46,text,true,,481,129,100,100,http://localhost:7000/randomRequest,617,0,1
1676157941910,516,HTTP Request,200,,Thread-Gruppe  1-37,text,true,,418,129,100,100,http://localhost:7000/randomRequest,516,0,0
1676157941709,717,HTTP Request,200,,Thread-Gruppe  1-62,text,true,,488,129,100,100,http://localhost:7000/randomRequest,717,0,0
1676157940875,1565,HTTP Request,200,,Thread-Gruppe  1-13,text,true,,417,129,100,100,http://localhost:7000/randomRequest,1565,0,0
1676157941927,516,HTTP Request,200,,Thread-Gruppe  1-39,text,true,,553,129,100,100,http://localhost:7000/randomRequest,516,0,0
1676157941418,1025,HTTP Request,200,,Thread-Gruppe  1-94,text,true,,553,129,100,100,http://localhost:7000/randomRequest,1025,0,0
1676157941922,553,HTTP Request,200,,Thread-Gruppe  1-31,text,true,,417,129,100,100,http://localhost:7000/randomRequest,553,0,0
1676157941751,724,HTTP Request,200,,Thread-Gruppe  1-68,text,true,,492,129,100,100,http://localhost:7000/randomRequest,724,0,0
1676157941961,518,HTTP Request,200,,Thread-Gruppe  1-3,text,true,,419,129,100,100,http://localhost:7000/randomRequest,518,0,0
1676157941756,736,HTTP Request,200,,Thread-Gruppe  1-36,text,true,,417,129,100,100,http://localhost:7000/randomRequest,736,0,0
1676157941359,1141,HTTP Request,200,,Thread-Gruppe  1-2,text,true,,527,129,100,100,http://localhost:7000/randomRequest,1141,0,1
1676157941883,617,HTTP Request,200,,Thread-Gruppe  1-72,text,true,,490,129,100,100,http://localhost:7000/randomRequest,617,0,0
1676157941783,725,HTTP Request,200,,Thread-Gruppe  1-22,text,true,,549,129,100,100,http://localhost:7000/randomRequest,725,0,0
1676157941583,928,HTTP Request,200,,Thread-Gruppe  1-61,text,true,,488,129,100,100,http://localhost:7000/randomRequest,928,0,1
1676157941321,1201,HTTP Request,200,,Thread-Gruppe  1-90,text,true,,541,129,100,100,http://localhost:7000/randomRequest,1201,0,0
1676157941402,1126,HTTP Request,200,,Thread-Gruppe  1-45,text,true,,403,129,100,100,http://localhost:7000/randomRequest,1126,0,0
1676157941521,1013,HTTP Request,200,,Thread-Gruppe  1-64,text,true,,640,129,100,100,http://localhost:7000/randomRequest,1013,0,0
1676157942022,512,HTTP Request,200,,Thread-Gruppe  1-74,text,true,,419,129,100,100,http://localhost:7000/randomRequest,512,0,0
1676157941734,822,HTTP Request,200,,Thread-Gruppe  1-78,text,true,,552,129,100,100,http://localhost:7000/randomRequest,822,0,0
1676157942039,517,HTTP Request,200,,Thread-Gruppe  1-67,text,true,,555,129,100,100,http://localhost:7000/randomRequest,517,0,0
1676157941939,617,HTTP Request,200,,Thread-Gruppe  1-7,text,true,,570,129,100,100,http://localhost:7000/randomRequest,617,0,0
1676157941839,720,HTTP Request,200,,Thread-Gruppe  1-47,text,true,,492,129,100,100,http://localhost:7000/randomRequest,720,0,0
1676157942060,516,HTTP Request,200,,Thread-Gruppe  1-76,text,true,,419,129,100,100,http://localhost:7000/randomRequest,516,0,0
1676157941961,622,HTTP Request,200,,Thread-Gruppe  1-98,text,true,,545,129,100,100,http://localhost:7000/randomRequest,622,0,0
1676157941457,1126,HTTP Request,200,,Thread-Gruppe  1-26,text,true,,492,129,100,100,http://localhost:7000/randomRequest,1126,0,1
1676157941566,1023,HTTP Request,200,,Thread-Gruppe  1-84,text,true,,527,129,100,100,http://localhost:7000/randomRequest,1023,0,0
1676157941977,618,HTTP Request,200,,Thread-Gruppe  1-71,text,true,,551,129,100,100,http://localhost:7000/randomRequest,618,0,0
1676157941883,739,HTTP Request,200,,Thread-Gruppe  1-73,text,true,,470,129,100,100,http://localhost:7000/randomRequest,739,0,0
1676157942005,621,HTTP Request,200,,Thread-Gruppe  1-80,text,true,,481,129,100,100,http://localhost:7000/randomRequest,621,0,0
1676157941623,1010,HTTP Request,200,,Thread-Gruppe  1-81,text,true,,537,129,100,100,http://localhost:7000/randomRequest,1010,0,0
1676157941723,920,HTTP Request,200,,Thread-Gruppe  1-92,text,true,,552,129,100,100,http://localhost:7000/randomRequest,920,0,0
1676157912590,30091,HTTP Request,500,,Thread-Gruppe  1-9,text,false,,258,129,100,100,http://localhost:7000/randomRequest,30091,0,0
1676157941960,723,HTTP Request,200,,Thread-Gruppe  1-88,text,true,,403,129,100,100,http://localhost:7000/randomRequest,723,0,0
1676157941526,1157,HTTP Request,200,,Thread-Gruppe  1-58,text,true,,681,129,100,100,http://localhost:7000/randomRequest,1157,0,0
1676157941566,1134,HTTP Request,200,,Thread-Gruppe  1-54,text,true,,530,129,100,100,http://localhost:7000/randomRequest,1134,0,0
1676157941809,895,HTTP Request,200,,Thread-Gruppe  1-57,text,true,,643,129,100,100,http://localhost:7000/randomRequest,895,0,1
1676157941899,823,HTTP Request,200,,Thread-Gruppe  1-24,text,true,,492,129,100,100,http://localhost:7000/randomRequest,823,0,0
1676157942011,722,HTTP Request,200,,Thread-Gruppe  1-12,text,true,,488,129,100,100,http://localhost:7000/randomRequest,722,0,0
1676157941809,924,HTTP Request,200,,Thread-Gruppe  1-65,text,true,,417,129,100,100,http://localhost:7000/randomRequest,924,0,1
1676157941543,1199,HTTP Request,200,,Thread-Gruppe  1-6,text,true,,541,129,100,100,http://localhost:7000/randomRequest,1199,0,0
1676157942339,406,HTTP Request,200,,Thread-Gruppe  1-96,text,true,,419,129,100,100,http://localhost:7000/randomRequest,406,0,0
1676157942039,717,HTTP Request,200,,Thread-Gruppe  1-95,text,true,,418,129,100,100,http://localhost:7000/randomRequest,717,0,0
1676157942141,615,HTTP Request,200,,Thread-Gruppe  1-28,text,true,,419,129,100,100,http://localhost:7000/randomRequest,614,0,0
1676157942060,723,HTTP Request,200,,Thread-Gruppe  1-27,text,true,,415,129,100,100,http://localhost:7000/randomRequest,723,0,0
1676157942060,723,HTTP Request,200,,Thread-Gruppe  1-48,text,true,,556,129,100,100,http://localhost:7000/randomRequest,723,0,0
1676157941776,1020,HTTP Request,200,,Thread-Gruppe  1-33,text,true,,492,129,100,100,http://localhost:7000/randomRequest,1019,0,0
1676157942289,515,HTTP Request,200,,Thread-Gruppe  1-44,text,true,,557,129,100,100,http://localhost:7000/randomRequest,515,0,0
1676157942189,617,HTTP Request,200,,Thread-Gruppe  1-87,text,true,,419,129,100,100,http://localhost:7000/randomRequest,617,0,0
1676157942500,306,HTTP Request,200,,Thread-Gruppe  1-2,text,true,,545,129,100,100,http://localhost:7000/randomRequest,306,0,0
1676157942085,724,HTTP Request,200,,Thread-Gruppe  1-53,text,true,,492,129,100,100,http://localhost:7000/randomRequest,724,0,1
1676157941783,1037,HTTP Request,200,,Thread-Gruppe  1-29,text,true,,418,129,100,100,http://localhost:7000/randomRequest,1037,0,0
1676157941623,1199,HTTP Request,200,,Thread-Gruppe  1-70,text,true,,537,129,100,100,http://localhost:7000/randomRequest,1199,0,0
1676157942315,512,HTTP Request,200,,Thread-Gruppe  1-86,text,true,,549,129,100,100,http://localhost:7000/randomRequest,512,0,0
1676157942368,515,HTTP Request,200,,Thread-Gruppe  1-15,text,true,,419,129,100,100,http://localhost:7000/randomRequest,515,0,1
1676157941964,929,HTTP Request,200,,Thread-Gruppe  1-41,text,true,,555,129,100,100,http://localhost:7000/randomRequest,929,0,1
1676157942185,723,HTTP Request,200,,Thread-Gruppe  1-38,text,true,,418,129,100,100,http://localhost:7000/randomRequest,723,0,0
1676157941783,1142,HTTP Request,200,,Thread-Gruppe  1-1,text,true,,481,129,100,100,http://localhost:7000/randomRequest,1142,0,0
1676157942426,518,HTTP Request,200,,Thread-Gruppe  1-37,text,true,,419,129,100,100,http://localhost:7000/randomRequest,518,0,0
1676157942528,417,HTTP Request,200,,Thread-Gruppe  1-45,text,true,,419,129,100,100,http://localhost:7000/randomRequest,417,0,1
1676157942000,945,HTTP Request,200,,Thread-Gruppe  1-49,text,true,,417,129,100,100,http://localhost:7000/randomRequest,945,0,0
1676157942139,823,HTTP Request,200,,Thread-Gruppe  1-55,text,true,,403,129,100,100,http://localhost:7000/randomRequest,823,0,1
1676157942263,726,HTTP Request,200,,Thread-Gruppe  1-85,text,true,,492,129,100,100,http://localhost:7000/randomRequest,726,0,0
1676157942266,727,HTTP Request,200,,Thread-Gruppe  1-34,text,true,,492,129,100,100,http://localhost:7000/randomRequest,727,0,0
1676157942500,509,HTTP Request,200,,Thread-Gruppe  1-72,text,true,,481,129,100,100,http://localhost:7000/randomRequest,509,0,0
1676157942189,820,HTTP Request,200,,Thread-Gruppe  1-60,text,true,,419,129,100,100,http://localhost:7000/randomRequest,820,0,0
1676157942201,827,HTTP Request,200,,Thread-Gruppe  1-82,text,true,,492,129,100,100,http://localhost:7000/randomRequest,827,0,1
1676157942626,414,HTTP Request,200,,Thread-Gruppe  1-80,text,true,,557,129,100,100,http://localhost:7000/randomRequest,414,0,0
1676157942426,618,HTTP Request,200,,Thread-Gruppe  1-46,text,true,,415,129,100,100,http://localhost:7000/randomRequest,618,0,0
1676157942330,720,HTTP Request,200,,Thread-Gruppe  1-40,text,true,,418,129,100,100,http://localhost:7000/randomRequest,720,0,0
1676157942426,624,HTTP Request,200,,Thread-Gruppe  1-62,text,true,,403,129,100,100,http://localhost:7000/randomRequest,624,0,0
1676157913058,30010,HTTP Request,500,,Thread-Gruppe  1-8,text,false,,258,129,100,100,http://localhost:7000/randomRequest,30010,0,0
1676157942576,517,HTTP Request,200,,Thread-Gruppe  1-76,text,true,,492,129,100,100,http://localhost:7000/randomRequest,517,0,0
1676157942589,516,HTTP Request,200,,Thread-Gruppe  1-84,text,true,,419,129,100,100,http://localhost:7000/randomRequest,516,0,0
1676157942266,845,HTTP Request,200,,Thread-Gruppe  1-10,text,true,,678,129,100,100,http://localhost:7000/randomRequest,845,0,0
1676157942289,822,HTTP Request,200,,Thread-Gruppe  1-69,text,true,,561,129,100,100,http://localhost:7000/randomRequest,822,0,0
1676157942080,1031,HTTP Request,200,,Thread-Gruppe  1-21,text,true,,403,129,100,100,http://localhost:7000/randomRequest,1031,0,1
1676157942409,710,HTTP Request,200,,Thread-Gruppe  1-97,text,true,,491,129,100,100,http://localhost:7000/randomRequest,710,0,1
1676157942201,928,HTTP Request,200,,Thread-Gruppe  1-56,text,true,,419,129,100,100,http://localhost:7000/randomRequest,928,0,1
1676157942039,1104,HTTP Request,200,,Thread-Gruppe  1-93,text,true,,643,129,100,100,http://localhost:7000/randomRequest,1104,0,0
1676157942243,901,HTTP Request,200,,Thread-Gruppe  1-23,text,true,,647,129,100,100,http://localhost:7000/randomRequest,901,0,0
1676157942475,694,HTTP Request,200,,Thread-Gruppe  1-31,text,true,,643,129,100,100,http://localhost:7000/randomRequest,694,0,0
1676157942556,621,HTTP Request,200,,Thread-Gruppe  1-67,text,true,,551,129,100,100,http://localhost:7000/randomRequest,621,0,0
1676157942559,620,HTTP Request,200,,Thread-Gruppe  1-47,text,true,,485,129,100,100,http://localhost:7000/randomRequest,620,0,1
1676157941960,1229,HTTP Request,200,,Thread-Gruppe  1-4,text,true,,541,129,100,100,http://localhost:7000/randomRequest,1229,0,0
1676157942161,1034,HTTP Request,200,,Thread-Gruppe  1-51,text,true,,863,129,100,100,http://localhost:7000/randomRequest,1034,0,1
1676157942583,622,HTTP Request,200,,Thread-Gruppe  1-98,text,true,,490,129,100,100,http://localhost:7000/randomRequest,622,0,0
1676157942378,827,HTTP Request,200,,Thread-Gruppe  1-5,text,true,,419,129,100,100,http://localhost:7000/randomRequest,827,0,0
1676157942805,417,HTTP Request,200,,Thread-Gruppe  1-44,text,true,,555,129,100,100,http://localhost:7000/randomRequest,417,0,0
1676157942806,416,HTTP Request,200,,Thread-Gruppe  1-2,text,true,,418,129,100,100,http://localhost:7000/randomRequest,416,0,0
1676157942395,839,HTTP Request,200,,Thread-Gruppe  1-32,text,true,,492,129,100,100,http://localhost:7000/randomRequest,839,0,0
1676157942315,925,HTTP Request,200,,Thread-Gruppe  1-91,text,true,,492,129,100,100,http://localhost:7000/randomRequest,925,0,0
1676157942508,732,HTTP Request,200,,Thread-Gruppe  1-22,text,true,,558,129,100,100,http://localhost:7000/randomRequest,732,0,0
1676157942511,729,HTTP Request,200,,Thread-Gruppe  1-61,text,true,,403,129,100,100,http://localhost:7000/randomRequest,729,0,0
1676157942317,928,HTTP Request,200,,Thread-Gruppe  1-100,text,true,,492,129,100,100,http://localhost:7000/randomRequest,928,0,1
1676157942033,1218,HTTP Request,200,,Thread-Gruppe  1-59,text,true,,645,129,100,100,http://localhost:7000/randomRequest,1218,0,0
1676157942534,724,HTTP Request,200,,Thread-Gruppe  1-74,text,true,,419,129,100,100,http://localhost:7000/randomRequest,724,0,1
1676157942440,823,HTTP Request,200,,Thread-Gruppe  1-13,text,true,,403,129,100,100,http://localhost:7000/randomRequest,822,0,0
1676157942443,824,HTTP Request,200,,Thread-Gruppe  1-94,text,true,,1203,129,100,100,http://localhost:7000/randomRequest,824,0,0
1676157941771,1500,HTTP Request,200,,Thread-Gruppe  1-14,text,true,,527,129,100,100,http://localhost:7000/randomRequest,1500,0,1
1676157942556,717,HTTP Request,200,,Thread-Gruppe  1-7,text,true,,492,129,100,100,http://localhost:7000/randomRequest,717,0,0
1676157942393,917,HTTP Request,200,,Thread-Gruppe  1-50,text,true,,492,129,100,100,http://localhost:7000/randomRequest,917,0,0
1676157942595,724,HTTP Request,200,,Thread-Gruppe  1-71,text,true,,419,129,100,100,http://localhost:7000/randomRequest,724,0,1
1676157941795,1524,HTTP Request,200,,Thread-Gruppe  1-30,text,true,,541,129,100,100,http://localhost:7000/randomRequest,1524,0,0
1676157942723,617,HTTP Request,200,,Thread-Gruppe  1-24,text,true,,490,129,100,100,http://localhost:7000/randomRequest,616,0,0
1676157942583,826,HTTP Request,200,,Thread-Gruppe  1-26,text,true,,419,129,100,100,http://localhost:7000/randomRequest,826,0,0
1676157942806,614,HTTP Request,200,,Thread-Gruppe  1-87,text,true,,418,129,100,100,http://localhost:7000/randomRequest,614,0,0
1676157942704,730,HTTP Request,200,,Thread-Gruppe  1-57,text,true,,492,129,100,100,http://localhost:7000/randomRequest,730,0,0
1676157942283,1157,HTTP Request,200,,Thread-Gruppe  1-43,text,true,,575,129,100,100,http://localhost:7000/randomRequest,1157,0,1
1676157942522,924,HTTP Request,200,,Thread-Gruppe  1-90,text,true,,403,129,100,100,http://localhost:7000/randomRequest,924,0,1
1676157942734,718,HTTP Request,200,,Thread-Gruppe  1-12,text,true,,492,129,100,100,http://localhost:7000/randomRequest,718,0,0
1676157942633,826,HTTP Request,200,,Thread-Gruppe  1-81,text,true,,540,129,100,100,http://localhost:7000/randomRequest,826,0,1
1676157942743,724,HTTP Request,200,,Thread-Gruppe  1-6,text,true,,419,129,100,100,http://localhost:7000/randomRequest,724,0,0
1676157942622,849,HTTP Request,200,,Thread-Gruppe  1-73,text,true,,558,129,100,100,http://localhost:7000/randomRequest,849,0,1
1676157942643,828,HTTP Request,200,,Thread-Gruppe  1-92,text,true,,488,129,100,100,http://localhost:7000/randomRequest,828,0,0
1676157942783,718,HTTP Request,200,,Thread-Gruppe  1-48,text,true,,492,129,100,100,http://localhost:7000/randomRequest,718,0,0
1676157942883,618,HTTP Request,200,,Thread-Gruppe  1-15,text,true,,492,129,100,100,http://localhost:7000/randomRequest,618,0,0
1676157942161,1345,HTTP Request,200,,Thread-Gruppe  1-20,text,true,,490,129,100,100,http://localhost:7000/randomRequest,1345,0,1
1676157942783,723,HTTP Request,200,,Thread-Gruppe  1-27,text,true,,419,129,100,100,http://localhost:7000/randomRequest,723,0,0
1676157942893,617,HTTP Request,200,,Thread-Gruppe  1-41,text,true,,492,129,100,100,http://localhost:7000/randomRequest,617,0,0
1676157942479,1031,HTTP Request,200,,Thread-Gruppe  1-3,text,true,,485,129,100,100,http://localhost:7000/randomRequest,1031,0,1
1676157942409,1115,HTTP Request,200,,Thread-Gruppe  1-77,text,true,,633,129,100,100,http://localhost:7000/randomRequest,1115,0,1
1676157942700,824,HTTP Request,200,,Thread-Gruppe  1-54,text,true,,488,129,100,100,http://localhost:7000/randomRequest,824,0,0
1676157942534,999,HTTP Request,200,,Thread-Gruppe  1-64,text,true,,640,129,100,100,http://localhost:7000/randomRequest,999,0,1
1676157943111,422,HTTP Request,200,,Thread-Gruppe  1-21,text,true,,418,129,100,100,http://localhost:7000/randomRequest,422,0,0
1676157942809,729,HTTP Request,200,,Thread-Gruppe  1-53,text,true,,419,129,100,100,http://localhost:7000/randomRequest,729,0,0
1676157943111,431,HTTP Request,200,,Thread-Gruppe  1-10,text,true,,419,129,100,100,http://localhost:7000/randomRequest,431,0,0
1676157942945,618,HTTP Request,200,,Thread-Gruppe  1-49,text,true,,416,129,100,100,http://localhost:7000/randomRequest,618,0,0
1676157942945,618,HTTP Request,200,,Thread-Gruppe  1-45,text,true,,564,129,100,100,http://localhost:7000/randomRequest,618,0,0
1676157942143,1438,HTTP Request,200,,Thread-Gruppe  1-89,text,true,,490,129,100,100,http://localhost:7000/randomRequest,1438,0,0
1676157943179,416,HTTP Request,200,,Thread-Gruppe  1-47,text,true,,555,129,100,100,http://localhost:7000/randomRequest,416,0,1
1676157942683,928,HTTP Request,200,,Thread-Gruppe  1-88,text,true,,488,129,100,100,http://localhost:7000/randomRequest,928,0,1
1676157943010,619,HTTP Request,200,,Thread-Gruppe  1-60,text,true,,418,129,100,100,http://localhost:7000/randomRequest,619,0,0
1676157942822,821,HTTP Request,200,,Thread-Gruppe  1-70,text,true,,550,129,100,100,http://localhost:7000/randomRequest,821,0,0
1676157943119,529,HTTP Request,200,,Thread-Gruppe  1-97,text,true,,482,129,100,100,http://localhost:7000/randomRequest,529,0,1
1676157943050,598,HTTP Request,200,,Thread-Gruppe  1-40,text,true,,643,129,100,100,http://localhost:7000/randomRequest,598,0,0
1676157942827,821,HTTP Request,200,,Thread-Gruppe  1-86,text,true,,554,129,100,100,http://localhost:7000/randomRequest,821,0,0
1676157943240,411,HTTP Request,200,,Thread-Gruppe  1-22,text,true,,551,129,100,100,http://localhost:7000/randomRequest,411,0,0
1676157942443,1237,HTTP Request,200,,Thread-Gruppe  1-39,text,true,,481,129,100,100,http://localhost:7000/randomRequest,1237,0,0
1676157942962,719,HTTP Request,200,,Thread-Gruppe  1-55,text,true,,545,129,100,100,http://localhost:7000/randomRequest,719,0,0
1676157942756,928,HTTP Request,200,,Thread-Gruppe  1-28,text,true,,492,129,100,100,http://localhost:7000/randomRequest,928,0,0
1676157943177,516,HTTP Request,200,,Thread-Gruppe  1-67,text,true,,490,129,100,100,http://localhost:7000/randomRequest,516,0,1
1676157942989,715,HTTP Request,200,,Thread-Gruppe  1-85,text,true,,565,129,100,100,http://localhost:7000/randomRequest,715,0,0
1676157942681,1023,HTTP Request,200,,Thread-Gruppe  1-9,text,true,,1807,129,100,100,http://localhost:7000/randomRequest,1023,0,0
1676157942493,1240,HTTP Request,200,,Thread-Gruppe  1-36,text,true,,538,129,100,100,http://localhost:7000/randomRequest,1240,0,0
1676157942925,820,HTTP Request,200,,Thread-Gruppe  1-1,text,true,,403,129,100,100,http://localhost:7000/randomRequest,820,0,0
1676157942745,1000,HTTP Request,200,,Thread-Gruppe  1-96,text,true,,495,129,100,100,http://localhost:7000/randomRequest,1000,0,0
1676157943040,714,HTTP Request,200,,Thread-Gruppe  1-80,text,true,,419,129,100,100,http://localhost:7000/randomRequest,714,0,1
1676157942733,1033,HTTP Request,200,,Thread-Gruppe  1-65,text,true,,564,129,100,100,http://localhost:7000/randomRequest,1033,0,1
1676157942944,826,HTTP Request,200,,Thread-Gruppe  1-37,text,true,,559,129,100,100,http://localhost:7000/randomRequest,826,0,0
1676157943044,726,HTTP Request,200,,Thread-Gruppe  1-46,text,true,,418,129,100,100,http://localhost:7000/randomRequest,726,0,0
1676157942756,1025,HTTP Request,200,,Thread-Gruppe  1-95,text,true,,492,129,100,100,http://localhost:7000/randomRequest,1025,0,0
1676157943169,612,HTTP Request,200,,Thread-Gruppe  1-31,text,true,,416,129,100,100,http://localhost:7000/randomRequest,612,0,0
1676157943271,517,HTTP Request,200,,Thread-Gruppe  1-14,text,true,,419,129,100,100,http://localhost:7000/randomRequest,517,0,0
1676157943129,685,HTTP Request,200,,Thread-Gruppe  1-56,text,true,,633,129,100,100,http://localhost:7000/randomRequest,685,0,0
1676157942796,1041,HTTP Request,200,,Thread-Gruppe  1-33,text,true,,486,129,100,100,http://localhost:7000/randomRequest,1041,0,0
1676157943105,732,HTTP Request,200,,Thread-Gruppe  1-84,text,true,,553,129,100,100,http://localhost:7000/randomRequest,732,0,1
1676157943222,625,HTTP Request,200,,Thread-Gruppe  1-44,text,true,,492,129,100,100,http://localhost:7000/randomRequest,625,0,4
1676157942820,1027,HTTP Request,200,,Thread-Gruppe  1-29,text,true,,490,129,100,100,http://localhost:7000/randomRequest,1027,0,0
1676157943028,826,HTTP Request,200,,Thread-Gruppe  1-82,text,true,,685,129,100,100,http://localhost:7000/randomRequest,826,0,1
1676157943240,614,HTTP Request,200,,Thread-Gruppe  1-91,text,true,,416,129,100,100,http://localhost:7000/randomRequest,614,0,0
1676157943144,710,HTTP Request,200,,Thread-Gruppe  1-23,text,true,,419,129,100,100,http://localhost:7000/randomRequest,710,0,0
1676157943267,617,HTTP Request,200,,Thread-Gruppe  1-94,text,true,,418,129,100,100,http://localhost:7000/randomRequest,617,0,1
1676157942683,1209,HTTP Request,200,,Thread-Gruppe  1-58,text,true,,536,129,100,100,http://localhost:7000/randomRequest,1209,0,1
1676157942475,1429,HTTP Request,200,,Thread-Gruppe  1-68,text,true,,647,129,100,100,http://localhost:7000/randomRequest,1429,0,0
1676157942993,924,HTTP Request,200,,Thread-Gruppe  1-34,text,true,,492,129,100,100,http://localhost:7000/randomRequest,924,0,0
1676157943206,711,HTTP Request,200,,Thread-Gruppe  1-98,text,true,,418,129,100,100,http://localhost:7000/randomRequest,711,0,0
1676157943319,621,HTTP Request,200,,Thread-Gruppe  1-30,text,true,,707,129,100,100,http://localhost:7000/randomRequest,621,0,0
1676157943434,517,HTTP Request,200,,Thread-Gruppe  1-57,text,true,,557,129,100,100,http://localhost:7000/randomRequest,517,0,0
1676157943111,840,HTTP Request,200,,Thread-Gruppe  1-69,text,true,,547,129,100,100,http://localhost:7000/randomRequest,840,0,0
1676157943251,720,HTTP Request,200,,Thread-Gruppe  1-59,text,true,,528,129,100,100,http://localhost:7000/randomRequest,720,0,1
1676157943273,715,HTTP Request,200,,Thread-Gruppe  1-7,text,true,,488,129,100,100,http://localhost:7000/randomRequest,715,0,0
1676157943581,412,HTTP Request,200,,Thread-Gruppe  1-89,text,true,,545,129,100,100,http://localhost:7000/randomRequest,412,0,0
1676157943501,509,HTTP Request,200,,Thread-Gruppe  1-48,text,true,,419,129,100,100,http://localhost:7000/randomRequest,509,0,0
1676157943189,821,HTTP Request,200,,Thread-Gruppe  1-4,text,true,,403,129,100,100,http://localhost:7000/randomRequest,821,0,0
1676157943093,917,HTTP Request,200,,Thread-Gruppe  1-76,text,true,,403,129,100,100,http://localhost:7000/randomRequest,917,0,0
1676157943510,513,HTTP Request,200,,Thread-Gruppe  1-3,text,true,,490,129,100,100,http://localhost:7000/randomRequest,513,0,0
1676157943410,613,HTTP Request,200,,Thread-Gruppe  1-26,text,true,,492,129,100,100,http://localhost:7000/randomRequest,613,0,0
1676157943420,623,HTTP Request,200,,Thread-Gruppe  1-87,text,true,,401,129,100,100,http://localhost:7000/randomRequest,623,0,0
1676157942908,1135,HTTP Request,200,,Thread-Gruppe  1-38,text,true,,540,129,100,100,http://localhost:7000/randomRequest,1135,0,1
1676157943533,510,HTTP Request,200,,Thread-Gruppe  1-64,text,true,,419,129,100,100,http://localhost:7000/randomRequest,510,0,1
1676157943452,591,HTTP Request,200,,Thread-Gruppe  1-12,text,true,,633,129,100,100,http://localhost:7000/randomRequest,591,0,0
1676157943234,817,HTTP Request,200,,Thread-Gruppe  1-32,text,true,,528,129,100,100,http://localhost:7000/randomRequest,817,0,1
1676157943440,621,HTTP Request,200,,Thread-Gruppe  1-43,text,true,,416,129,100,100,http://localhost:7000/randomRequest,621,0,0
1676157943340,721,HTTP Request,200,,Thread-Gruppe  1-24,text,true,,563,129,100,100,http://localhost:7000/randomRequest,721,0,0
1676157943050,1029,HTTP Request,200,,Thread-Gruppe  1-62,text,true,,403,129,100,100,http://localhost:7000/randomRequest,1029,0,0
1676157943471,622,HTTP Request,200,,Thread-Gruppe  1-73,text,true,,414,129,100,100,http://localhost:7000/randomRequest,622,0,0
1676157943684,417,HTTP Request,200,,Thread-Gruppe  1-28,text,true,,419,129,100,100,http://localhost:7000/randomRequest,417,0,0
1676157943595,515,HTTP Request,200,,Thread-Gruppe  1-47,text,true,,419,129,100,100,http://localhost:7000/randomRequest,515,0,0
1676157943510,616,HTTP Request,200,,Thread-Gruppe  1-41,text,true,,419,129,100,100,http://localhost:7000/randomRequest,616,0,0
1676157943538,617,HTTP Request,200,,Thread-Gruppe  1-53,text,true,,492,129,100,100,http://localhost:7000/randomRequest,617,0,1
1676157942556,1599,HTTP Request,200,,Thread-Gruppe  1-78,text,true,,537,129,100,100,http://localhost:7000/randomRequest,1599,0,0
1676157943745,415,HTTP Request,200,,Thread-Gruppe  1-96,text,true,,478,129,100,100,http://localhost:7000/randomRequest,415,0,0
1676157943648,518,HTTP Request,200,,Thread-Gruppe  1-86,text,true,,492,129,100,100,http://localhost:7000/randomRequest,518,0,0
1676157943648,535,HTTP Request,200,,Thread-Gruppe  1-97,text,true,,543,129,100,100,http://localhost:7000/randomRequest,535,0,0
1676157943681,513,HTTP Request,200,,Thread-Gruppe  1-39,text,true,,548,129,100,100,http://localhost:7000/randomRequest,513,0,0
1676157943693,514,HTTP Request,200,,Thread-Gruppe  1-67,text,true,,419,129,100,100,http://localhost:7000/randomRequest,514,0,0
1676157943258,949,HTTP Request,200,,Thread-Gruppe  1-74,text,true,,566,129,100,100,http://localhost:7000/randomRequest,949,0,0
1676157943471,743,HTTP Request,200,,Thread-Gruppe  1-92,text,true,,675,129,100,100,http://localhost:7000/randomRequest,743,0,0
1676157943010,1204,HTTP Request,200,,Thread-Gruppe  1-72,text,true,,541,129,100,100,http://localhost:7000/randomRequest,1204,0,0
1676157943310,919,HTTP Request,200,,Thread-Gruppe  1-50,text,true,,485,129,100,100,http://localhost:7000/randomRequest,919,0,0
1676157943524,727,HTTP Request,200,,Thread-Gruppe  1-77,text,true,,559,129,100,100,http://localhost:7000/randomRequest,727,0,1
1676157943745,518,HTTP Request,200,,Thread-Gruppe  1-1,text,true,,550,129,100,100,http://localhost:7000/randomRequest,518,0,0
1676157943240,1027,HTTP Request,200,,Thread-Gruppe  1-61,text,true,,492,129,100,100,http://localhost:7000/randomRequest,1027,0,0
1676157943068,1216,HTTP Request,200,,Thread-Gruppe  1-8,text,true,,491,129,100,100,http://localhost:7000/randomRequest,1216,0,1
1676157943766,533,HTTP Request,200,,Thread-Gruppe  1-65,text,true,,417,129,100,100,http://localhost:7000/randomRequest,533,0,0
1676157943789,520,HTTP Request,200,,Thread-Gruppe  1-14,text,true,,563,129,100,100,http://localhost:7000/randomRequest,520,0,0
1676157943459,850,HTTP Request,200,,Thread-Gruppe  1-81,text,true,,582,129,100,100,http://localhost:7000/randomRequest,850,0,1
1676157943195,1138,HTTP Request,200,,Thread-Gruppe  1-51,text,true,,481,129,100,100,http://localhost:7000/randomRequest,1138,0,1
1676157943319,1032,HTTP Request,200,,Thread-Gruppe  1-71,text,true,,403,129,100,100,http://localhost:7000/randomRequest,1032,0,1
1676157943524,827,HTTP Request,200,,Thread-Gruppe  1-54,text,true,,558,129,100,100,http://localhost:7000/randomRequest,827,0,1
1676157943467,896,HTTP Request,200,,Thread-Gruppe  1-6,text,true,,491,129,100,100,http://localhost:7000/randomRequest,896,0,1
1676157943648,726,HTTP Request,200,,Thread-Gruppe  1-40,text,true,,492,129,100,100,http://localhost:7000/randomRequest,726,0,0
1676157943854,530,HTTP Request,200,,Thread-Gruppe  1-23,text,true,,417,129,100,100,http://localhost:7000/randomRequest,530,0,0
1676157943770,618,HTTP Request,200,,Thread-Gruppe  1-37,text,true,,419,129,100,100,http://localhost:7000/randomRequest,618,0,0
1676157943563,825,HTTP Request,200,,Thread-Gruppe  1-45,text,true,,553,129,100,100,http://localhost:7000/randomRequest,825,0,1
1676157943781,620,HTTP Request,200,,Thread-Gruppe  1-31,text,true,,419,129,100,100,http://localhost:7000/randomRequest,620,0,1
1676157943904,516,HTTP Request,200,,Thread-Gruppe  1-68,text,true,,489,129,100,100,http://localhost:7000/randomRequest,516,0,0
1676157943501,919,HTTP Request,200,,Thread-Gruppe  1-15,text,true,,530,129,100,100,http://localhost:7000/randomRequest,919,0,0
1676157943611,824,HTTP Request,200,,Thread-Gruppe  1-88,text,true,,418,129,100,100,http://localhost:7000/randomRequest,824,0,0
1676157943506,929,HTTP Request,200,,Thread-Gruppe  1-27,text,true,,555,129,100,100,http://localhost:7000/randomRequest,929,0,1
1676157943629,826,HTTP Request,200,,Thread-Gruppe  1-60,text,true,,558,129,100,100,http://localhost:7000/randomRequest,826,0,0
1676157943848,622,HTTP Request,200,,Thread-Gruppe  1-44,text,true,,478,129,100,100,http://localhost:7000/randomRequest,622,0,0
1676157943854,622,HTTP Request,200,,Thread-Gruppe  1-91,text,true,,488,129,100,100,http://localhost:7000/randomRequest,622,0,0
1676157943651,825,HTTP Request,200,,Thread-Gruppe  1-22,text,true,,416,129,100,100,http://localhost:7000/randomRequest,825,0,0
1676157943143,1345,HTTP Request,200,,Thread-Gruppe  1-93,text,true,,539,129,100,100,http://localhost:7000/randomRequest,1345,0,0
1676157943263,1242,HTTP Request,200,,Thread-Gruppe  1-13,text,true,,535,129,100,100,http://localhost:7000/randomRequest,1242,0,0
1676157943563,942,HTTP Request,200,,Thread-Gruppe  1-49,text,true,,485,129,100,100,http://localhost:7000/randomRequest,942,0,1
1676157943770,735,HTTP Request,200,,Thread-Gruppe  1-46,text,true,,488,129,100,100,http://localhost:7000/randomRequest,735,0,0
1676157943681,824,HTTP Request,200,,Thread-Gruppe  1-55,text,true,,403,129,100,100,http://localhost:7000/randomRequest,824,0,0
1676157944079,438,HTTP Request,200,,Thread-Gruppe  1-62,text,true,,680,129,100,100,http://localhost:7000/randomRequest,438,0,0
1676157943222,1317,HTTP Request,200,,Thread-Gruppe  1-2,text,true,,541,129,100,100,http://localhost:7000/randomRequest,1317,0,4
1676157943704,848,HTTP Request,200,,Thread-Gruppe  1-9,text,true,,569,129,100,100,http://localhost:7000/randomRequest,848,0,1
1676157943837,720,HTTP Request,200,,Thread-Gruppe  1-33,text,true,,560,129,100,100,http://localhost:7000/randomRequest,720,0,1
1676157943951,623,HTTP Request,200,,Thread-Gruppe  1-57,text,true,,492,129,100,100,http://localhost:7000/randomRequest,623,0,0
1676157943884,720,HTTP Request,200,,Thread-Gruppe  1-94,text,true,,551,129,100,100,http://localhost:7000/randomRequest,720,0,0
1676157944214,412,HTTP Request,200,,Thread-Gruppe  1-92,text,true,,419,129,100,100,http://localhost:7000/randomRequest,412,0,0
1676157943704,922,HTTP Request,200,,Thread-Gruppe  1-85,text,true,,492,129,100,100,http://localhost:7000/randomRequest,922,0,0
1676157943533,1110,HTTP Request,200,,Thread-Gruppe  1-21,text,true,,541,129,100,100,http://localhost:7000/randomRequest,1110,0,1
1676157944333,311,HTTP Request,200,,Thread-Gruppe  1-51,text,true,,479,129,100,100,http://localhost:7000/randomRequest,311,0,0
1676157943837,825,HTTP Request,200,,Thread-Gruppe  1-84,text,true,,492,129,100,100,http://localhost:7000/randomRequest,825,0,1
1676157944155,517,HTTP Request,200,,Thread-Gruppe  1-78,text,true,,552,129,100,100,http://localhost:7000/randomRequest,517,0,0
1676157943643,1033,HTTP Request,200,,Thread-Gruppe  1-70,text,true,,492,129,100,100,http://localhost:7000/randomRequest,1033,0,0
1676157943754,929,HTTP Request,200,,Thread-Gruppe  1-80,text,true,,492,129,100,100,http://localhost:7000/randomRequest,929,0,0
1676157943446,1237,HTTP Request,200,,Thread-Gruppe  1-90,text,true,,492,129,100,100,http://localhost:7000/randomRequest,1237,0,0
1676157943951,740,HTTP Request,200,,Thread-Gruppe  1-69,text,true,,417,129,100,100,http://localhost:7000/randomRequest,740,0,0
1676157943893,829,HTTP Request,200,,Thread-Gruppe  1-58,text,true,,419,129,100,100,http://localhost:7000/randomRequest,829,0,0
1676157944010,721,HTTP Request,200,,Thread-Gruppe  1-4,text,true,,481,129,100,100,http://localhost:7000/randomRequest,721,0,0
1676157943206,1525,HTTP Request,200,,Thread-Gruppe  1-5,text,true,,537,129,100,100,http://localhost:7000/randomRequest,1525,0,0
1676157943543,1204,HTTP Request,200,,Thread-Gruppe  1-10,text,true,,527,129,100,100,http://localhost:7000/randomRequest,1204,0,0
1676157943918,829,HTTP Request,200,,Thread-Gruppe  1-98,text,true,,486,129,100,100,http://localhost:7000/randomRequest,829,0,0
1676157944263,484,HTTP Request,200,,Thread-Gruppe  1-1,text,true,,537,129,100,100,http://localhost:7000/randomRequest,484,0,1
1676157944062,723,HTTP Request,200,,Thread-Gruppe  1-24,text,true,,492,129,100,100,http://localhost:7000/randomRequest,723,0,0
1676157943246,1552,HTTP Request,200,,Thread-Gruppe  1-100,text,true,,540,129,100,100,http://localhost:7000/randomRequest,1552,0,0
1676157944309,517,HTTP Request,200,,Thread-Gruppe  1-14,text,true,,559,129,100,100,http://localhost:7000/randomRequest,517,0,1
1676157944207,619,HTTP Request,200,,Thread-Gruppe  1-74,text,true,,419,129,100,100,http://localhost:7000/randomRequest,619,0,0
1676157944101,725,HTTP Request,200,,Thread-Gruppe  1-28,text,true,,414,129,100,100,http://localhost:7000/randomRequest,725,0,0
1676157943814,1037,HTTP Request,200,,Thread-Gruppe  1-56,text,true,,419,129,100,100,http://localhost:7000/randomRequest,1037,0,0
1676157944230,621,HTTP Request,200,,Thread-Gruppe  1-50,text,true,,419,129,100,100,http://localhost:7000/randomRequest,621,0,0
1676157943848,1003,HTTP Request,200,,Thread-Gruppe  1-29,text,true,,633,129,100,100,http://localhost:7000/randomRequest,1003,0,0
1676157944043,827,HTTP Request,200,,Thread-Gruppe  1-38,text,true,,419,129,100,100,http://localhost:7000/randomRequest,827,0,1
1676157944051,829,HTTP Request,200,,Thread-Gruppe  1-32,text,true,,417,129,100,100,http://localhost:7000/randomRequest,829,0,0
1676157944363,517,HTTP Request,200,,Thread-Gruppe  1-6,text,true,,417,129,100,100,http://localhost:7000/randomRequest,517,0,0
1676157944062,826,HTTP Request,200,,Thread-Gruppe  1-43,text,true,,540,129,100,100,http://localhost:7000/randomRequest,826,0,0
1676157944285,616,HTTP Request,200,,Thread-Gruppe  1-8,text,true,,558,129,100,100,http://localhost:7000/randomRequest,616,0,0
1676157943971,930,HTTP Request,200,,Thread-Gruppe  1-59,text,true,,563,129,100,100,http://localhost:7000/randomRequest,930,0,0
1676157944389,515,HTTP Request,200,,Thread-Gruppe  1-37,text,true,,416,129,100,100,http://localhost:7000/randomRequest,515,0,0
1676157943993,920,HTTP Request,200,,Thread-Gruppe  1-89,text,true,,403,129,100,100,http://localhost:7000/randomRequest,920,0,0
1676157944194,719,HTTP Request,200,,Thread-Gruppe  1-39,text,true,,492,129,100,100,http://localhost:7000/randomRequest,719,0,1
1676157944299,619,HTTP Request,200,,Thread-Gruppe  1-65,text,true,,418,129,100,100,http://localhost:7000/randomRequest,619,0,0
1676157944023,931,HTTP Request,200,,Thread-Gruppe  1-26,text,true,,485,129,100,100,http://localhost:7000/randomRequest,931,0,0
1676157943733,1241,HTTP Request,200,,Thread-Gruppe  1-36,text,true,,492,129,100,100,http://localhost:7000/randomRequest,1241,0,0
1676157944043,931,HTTP Request,200,,Thread-Gruppe  1-64,text,true,,492,129,100,100,http://localhost:7000/randomRequest,931,0,1
1676157944470,519,HTTP Request,200,,Thread-Gruppe  1-44,text,true,,556,129,100,100,http://localhost:7000/randomRequest,519,0,0
1676157944043,947,HTTP Request,200,,Thread-Gruppe  1-87,text,true,,417,129,100,100,http://localhost:7000/randomRequest,947,0,1
1676157944384,620,HTTP Request,200,,Thread-Gruppe  1-23,text,true,,487,129,100,100,http://localhost:7000/randomRequest,620,0,1
1676157944389,621,HTTP Request,200,,Thread-Gruppe  1-45,text,true,,551,129,100,100,http://localhost:7000/randomRequest,621,0,0
1676157944401,618,HTTP Request,200,,Thread-Gruppe  1-31,text,true,,419,129,100,100,http://localhost:7000/randomRequest,618,0,0
1676157944626,417,HTTP Request,200,,Thread-Gruppe  1-85,text,true,,419,129,100,100,http://localhost:7000/randomRequest,417,0,0
1676157944747,311,HTTP Request,200,,Thread-Gruppe  1-98,text,true,,492,129,100,100,http://localhost:7000/randomRequest,311,0,1
1676157944126,932,HTTP Request,200,,Thread-Gruppe  1-41,text,true,,418,129,100,100,http://localhost:7000/randomRequest,932,0,0
1676157944374,696,HTTP Request,200,,Thread-Gruppe  1-40,text,true,,643,129,100,100,http://localhost:7000/randomRequest,696,0,1
1676157944351,725,HTTP Request,200,,Thread-Gruppe  1-71,text,true,,485,129,100,100,http://localhost:7000/randomRequest,725,0,0
1676157944456,620,HTTP Request,200,,Thread-Gruppe  1-60,text,true,,485,129,100,100,http://localhost:7000/randomRequest,620,0,0
1676157944155,931,HTTP Request,200,,Thread-Gruppe  1-53,text,true,,492,129,100,100,http://localhost:7000/randomRequest,931,0,0
1676157944160,929,HTTP Request,200,,Thread-Gruppe  1-96,text,true,,489,129,100,100,http://localhost:7000/randomRequest,929,0,0
1676157944676,413,HTTP Request,200,,Thread-Gruppe  1-70,text,true,,418,129,100,100,http://localhost:7000/randomRequest,413,0,0
1676157944489,620,HTTP Request,200,,Thread-Gruppe  1-93,text,true,,403,129,100,100,http://localhost:7000/randomRequest,620,0,0
1676157944183,930,HTTP Request,200,,Thread-Gruppe  1-97,text,true,,562,129,100,100,http://localhost:7000/randomRequest,930,0,0
1676157944505,614,HTTP Request,200,,Thread-Gruppe  1-49,text,true,,492,129,100,100,http://localhost:7000/randomRequest,614,0,1
1676157944207,928,HTTP Request,200,,Thread-Gruppe  1-67,text,true,,563,129,100,100,http://localhost:7000/randomRequest,928,0,0
1676157944110,1038,HTTP Request,200,,Thread-Gruppe  1-47,text,true,,554,129,100,100,http://localhost:7000/randomRequest,1038,0,0
1676157944010,1138,HTTP Request,200,,Thread-Gruppe  1-76,text,true,,490,129,100,100,http://localhost:7000/randomRequest,1138,0,0
1676157944010,1138,HTTP Request,200,,Thread-Gruppe  1-48,text,true,,418,129,100,100,http://localhost:7000/randomRequest,1138,0,0
1676157944420,728,HTTP Request,200,,Thread-Gruppe  1-68,text,true,,555,129,100,100,http://localhost:7000/randomRequest,728,0,0
1676157944166,993,HTTP Request,200,,Thread-Gruppe  1-86,text,true,,645,129,100,100,http://localhost:7000/randomRequest,993,0,1
1676157944023,1136,HTTP Request,200,,Thread-Gruppe  1-3,text,true,,418,129,100,100,http://localhost:7000/randomRequest,1136,0,0
1676157944351,828,HTTP Request,200,,Thread-Gruppe  1-54,text,true,,419,129,100,100,http://localhost:7000/randomRequest,828,0,0
1676157944505,690,HTTP Request,200,,Thread-Gruppe  1-13,text,true,,481,129,100,100,http://localhost:7000/randomRequest,690,0,1
1676157944683,514,HTTP Request,200,,Thread-Gruppe  1-90,text,true,,419,129,100,100,http://localhost:7000/randomRequest,514,0,0
1676157944517,721,HTTP Request,200,,Thread-Gruppe  1-62,text,true,,563,129,100,100,http://localhost:7000/randomRequest,721,0,1
1676157944539,721,HTTP Request,200,,Thread-Gruppe  1-2,text,true,,2319,129,100,100,http://localhost:7000/randomRequest,721,0,0
1676157944093,1202,HTTP Request,200,,Thread-Gruppe  1-73,text,true,,537,129,100,100,http://localhost:7000/randomRequest,1202,0,0
1676157944476,824,HTTP Request,200,,Thread-Gruppe  1-91,text,true,,549,129,100,100,http://localhost:7000/randomRequest,824,0,0
1676157944604,696,HTTP Request,200,,Thread-Gruppe  1-94,text,true,,527,129,100,100,http://localhost:7000/randomRequest,696,0,0
1676157944901,416,HTTP Request,200,,Thread-Gruppe  1-59,text,true,,553,129,100,100,http://localhost:7000/randomRequest,416,0,1
1676157944918,411,HTTP Request,200,,Thread-Gruppe  1-65,text,true,,418,129,100,100,http://localhost:7000/randomRequest,411,0,0
1676157944420,934,HTTP Request,200,,Thread-Gruppe  1-15,text,true,,555,129,100,100,http://localhost:7000/randomRequest,934,0,0
1676157944435,926,HTTP Request,200,,Thread-Gruppe  1-27,text,true,,527,129,100,100,http://localhost:7000/randomRequest,926,0,0
1676157944954,407,HTTP Request,200,,Thread-Gruppe  1-26,text,true,,561,129,100,100,http://localhost:7000/randomRequest,407,0,0
1676157944644,725,HTTP Request,200,,Thread-Gruppe  1-51,text,true,,419,129,100,100,http://localhost:7000/randomRequest,725,0,0
1676157944251,1136,HTTP Request,200,,Thread-Gruppe  1-77,text,true,,403,129,100,100,http://localhost:7000/randomRequest,1136,0,0
1676157944575,828,HTTP Request,200,,Thread-Gruppe  1-57,text,true,,492,129,100,100,http://localhost:7000/randomRequest,828,0,0
1676157943989,1414,HTTP Request,200,,Thread-Gruppe  1-7,text,true,,526,129,100,100,http://localhost:7000/randomRequest,1414,0,0
1676157944476,927,HTTP Request,200,,Thread-Gruppe  1-22,text,true,,419,129,100,100,http://localhost:7000/randomRequest,927,0,0
1676157944505,906,HTTP Request,200,,Thread-Gruppe  1-46,text,true,,537,129,100,100,http://localhost:7000/randomRequest,906,0,1
1676157944901,519,HTTP Request,200,,Thread-Gruppe  1-8,text,true,,492,129,100,100,http://localhost:7000/randomRequest,519,0,1
1676157944913,507,HTTP Request,200,,Thread-Gruppe  1-39,text,true,,548,129,100,100,http://localhost:7000/randomRequest,507,0,0
1676157944826,616,HTTP Request,200,,Thread-Gruppe  1-28,text,true,,545,129,100,100,http://localhost:7000/randomRequest,616,0,0
1676157944731,727,HTTP Request,200,,Thread-Gruppe  1-5,text,true,,490,129,100,100,http://localhost:7000/randomRequest,727,0,0
1676157944731,727,HTTP Request,200,,Thread-Gruppe  1-4,text,true,,419,129,100,100,http://localhost:7000/randomRequest,727,0,0
1676157944851,610,HTTP Request,200,,Thread-Gruppe  1-56,text,true,,488,129,100,100,http://localhost:7000/randomRequest,610,0,0
1676157943854,1607,HTTP Request,200,,Thread-Gruppe  1-82,text,true,,527,129,100,100,http://localhost:7000/randomRequest,1607,0,0
1676157944974,518,HTTP Request,200,,Thread-Gruppe  1-36,text,true,,490,129,100,100,http://localhost:7000/randomRequest,518,0,0
1676157945076,416,HTTP Request,200,,Thread-Gruppe  1-71,text,true,,418,129,100,100,http://localhost:7000/randomRequest,416,0,1
1676157944889,635,HTTP Request,200,,Thread-Gruppe  1-43,text,true,,489,129,100,100,http://localhost:7000/randomRequest,635,0,0
1676157944785,739,HTTP Request,200,,Thread-Gruppe  1-24,text,true,,492,129,100,100,http://localhost:7000/randomRequest,739,0,1
1676157943781,1743,HTTP Request,200,,Thread-Gruppe  1-95,text,true,,527,129,100,100,http://localhost:7000/randomRequest,1743,0,1
1676157944683,841,HTTP Request,200,,Thread-Gruppe  1-80,text,true,,558,129,100,100,http://localhost:7000/randomRequest,841,0,0
1676157944662,862,HTTP Request,200,,Thread-Gruppe  1-84,text,true,,678,129,100,100,http://localhost:7000/randomRequest,862,0,0
1676157944691,834,HTTP Request,200,,Thread-Gruppe  1-69,text,true,,419,129,100,100,http://localhost:7000/randomRequest,834,0,0
1676157945148,411,HTTP Request,200,,Thread-Gruppe  1-68,text,true,,419,129,100,100,http://localhost:7000/randomRequest,411,0,0
1676157945019,540,HTTP Request,200,,Thread-Gruppe  1-31,text,true,,559,129,100,100,http://localhost:7000/randomRequest,540,0,1
1676157943918,1646,HTTP Request,200,,Thread-Gruppe  1-34,text,true,,485,129,100,100,http://localhost:7000/randomRequest,1646,0,0
1676157944747,817,HTTP Request,200,,Thread-Gruppe  1-10,text,true,,402,129,100,100,http://localhost:7000/randomRequest,817,0,1
1676157944552,1052,HTTP Request,200,,Thread-Gruppe  1-9,text,true,,567,129,100,100,http://localhost:7000/randomRequest,1052,0,0
1676157944913,712,HTTP Request,200,,Thread-Gruppe  1-89,text,true,,419,129,100,100,http://localhost:7000/randomRequest,712,0,0
1676157945442,207,HTTP Request,200,,Thread-Gruppe  1-28,text,true,,419,129,100,100,http://localhost:7000/randomRequest,207,0,0
1676157944826,824,HTTP Request,200,,Thread-Gruppe  1-74,text,true,,492,129,100,100,http://localhost:7000/randomRequest,824,0,0
1676157944435,1225,HTTP Request,200,,Thread-Gruppe  1-88,text,true,,537,129,100,100,http://localhost:7000/randomRequest,1225,0,0
1676157944044,1620,HTTP Request,200,,Thread-Gruppe  1-12,text,true,,537,129,100,100,http://localhost:7000/randomRequest,1620,0,0
1676157944643,1026,HTTP Request,200,,Thread-Gruppe  1-21,text,true,,523,129,100,100,http://localhost:7000/randomRequest,1026,0,0
1676157945178,521,HTTP Request,200,,Thread-Gruppe  1-54,text,true,,492,129,100,100,http://localhost:7000/randomRequest,521,0,1
1676157944870,830,HTTP Request,200,,Thread-Gruppe  1-38,text,true,,417,129,100,100,http://localhost:7000/randomRequest,830,0,0
1676157944673,1027,HTTP Request,200,,Thread-Gruppe  1-78,text,true,,419,129,100,100,http://localhost:7000/randomRequest,1027,0,0
1676157944880,829,HTTP Request,200,,Thread-Gruppe  1-32,text,true,,558,129,100,100,http://localhost:7000/randomRequest,829,0,0
1676157945294,416,HTTP Request,200,,Thread-Gruppe  1-73,text,true,,419,129,100,100,http://localhost:7000/randomRequest,416,0,0
1676157944905,821,HTTP Request,200,,Thread-Gruppe  1-37,text,true,,403,129,100,100,http://localhost:7000/randomRequest,821,0,0
1676157945010,719,HTTP Request,200,,Thread-Gruppe  1-45,text,true,,485,129,100,100,http://localhost:7000/randomRequest,719,0,0
1676157944798,931,HTTP Request,200,,Thread-Gruppe  1-100,text,true,,419,129,100,100,http://localhost:7000/randomRequest,931,0,1
1676157944826,925,HTTP Request,200,,Thread-Gruppe  1-14,text,true,,560,129,100,100,http://localhost:7000/randomRequest,925,0,0
1676157944722,1029,HTTP Request,200,,Thread-Gruppe  1-58,text,true,,547,129,100,100,http://localhost:7000/randomRequest,1029,0,0
1676157944747,1022,HTTP Request,200,,Thread-Gruppe  1-1,text,true,,553,129,100,100,http://localhost:7000/randomRequest,1022,0,1
1676157945159,611,HTTP Request,200,,Thread-Gruppe  1-3,text,true,,555,129,100,100,http://localhost:7000/randomRequest,611,0,1
1676157945076,727,HTTP Request,200,,Thread-Gruppe  1-60,text,true,,492,129,100,100,http://localhost:7000/randomRequest,727,0,1
1676157944974,829,HTTP Request,200,,Thread-Gruppe  1-64,text,true,,492,129,100,100,http://localhost:7000/randomRequest,829,0,0
1676157944309,1511,HTTP Request,200,,Thread-Gruppe  1-81,text,true,,540,129,100,100,http://localhost:7000/randomRequest,1511,0,1
1676157944214,1616,HTTP Request,200,,Thread-Gruppe  1-72,text,true,,633,129,100,100,http://localhost:7000/randomRequest,1616,0,0
1676157945119,720,HTTP Request,200,,Thread-Gruppe  1-49,text,true,,492,129,100,100,http://localhost:7000/randomRequest,720,0,1
1676157945135,723,HTTP Request,200,,Thread-Gruppe  1-67,text,true,,488,129,100,100,http://localhost:7000/randomRequest,723,0,0
1676157945148,710,HTTP Request,200,,Thread-Gruppe  1-47,text,true,,527,129,100,100,http://localhost:7000/randomRequest,710,0,0
1676157943940,1921,HTTP Request,200,,Thread-Gruppe  1-30,text,true,,541,129,100,100,http://localhost:7000/randomRequest,1921,0,0
1676157944851,1018,HTTP Request,200,,Thread-Gruppe  1-29,text,true,,492,129,100,100,http://localhost:7000/randomRequest,1018,0,0
1676157945043,826,HTTP Request,200,,Thread-Gruppe  1-85,text,true,,492,129,100,100,http://localhost:7000/randomRequest,826,0,0
1676157944626,1243,HTTP Request,200,,Thread-Gruppe  1-92,text,true,,483,129,100,100,http://localhost:7000/randomRequest,1243,0,0
1676157944851,1018,HTTP Request,200,,Thread-Gruppe  1-50,text,true,,492,129,100,100,http://localhost:7000/randomRequest,1018,0,0
1676157945457,411,HTTP Request,200,,Thread-Gruppe  1-4,text,true,,418,129,100,100,http://localhost:7000/randomRequest,411,0,0
1676157945159,712,HTTP Request,200,,Thread-Gruppe  1-86,text,true,,562,129,100,100,http://localhost:7000/randomRequest,712,0,1
1676157945058,825,HTTP Request,200,,Thread-Gruppe  1-41,text,true,,492,129,100,100,http://localhost:7000/randomRequest,825,0,1
1676157945386,517,HTTP Request,200,,Thread-Gruppe  1-77,text,true,,403,129,100,100,http://localhost:7000/randomRequest,517,0,0
1676157945491,412,HTTP Request,200,,Thread-Gruppe  1-36,text,true,,419,129,100,100,http://localhost:7000/randomRequest,412,0,1
1676157945113,796,HTTP Request,200,,Thread-Gruppe  1-97,text,true,,643,129,100,100,http://localhost:7000/randomRequest,796,0,0
1676157944991,918,HTTP Request,200,,Thread-Gruppe  1-87,text,true,,419,129,100,100,http://localhost:7000/randomRequest,918,0,0
1676157945523,406,HTTP Request,200,,Thread-Gruppe  1-80,text,true,,419,129,100,100,http://localhost:7000/randomRequest,406,0,1
1676157944989,1032,HTTP Request,200,,Thread-Gruppe  1-44,text,true,,554,129,100,100,http://localhost:7000/randomRequest,1032,0,0
1676157945524,508,HTTP Request,200,,Thread-Gruppe  1-69,text,true,,485,129,100,100,http://localhost:7000/randomRequest,508,0,0
1676157945419,613,HTTP Request,200,,Thread-Gruppe  1-39,text,true,,488,129,100,100,http://localhost:7000/randomRequest,613,0,1
1676157945523,509,HTTP Request,200,,Thread-Gruppe  1-43,text,true,,490,129,100,100,http://localhost:7000/randomRequest,509,0,1
1676157945317,715,HTTP Request,200,,Thread-Gruppe  1-59,text,true,,418,129,100,100,http://localhost:7000/randomRequest,715,0,0
1676157945089,944,HTTP Request,200,,Thread-Gruppe  1-70,text,true,,577,129,100,100,http://localhost:7000/randomRequest,944,0,0
1676157945419,613,HTTP Request,200,,Thread-Gruppe  1-8,text,true,,419,129,100,100,http://localhost:7000/randomRequest,613,0,1
1676157944505,1540,HTTP Request,200,,Thread-Gruppe  1-55,text,true,,488,129,100,100,http://localhost:7000/randomRequest,1540,0,1
1676157945523,537,HTTP Request,200,,Thread-Gruppe  1-95,text,true,,585,129,100,100,http://localhost:7000/randomRequest,537,0,1
1676157944557,1510,HTTP Request,200,,Thread-Gruppe  1-33,text,true,,541,129,100,100,http://localhost:7000/randomRequest,1510,0,1
1676157945603,508,HTTP Request,200,,Thread-Gruppe  1-9,text,true,,419,129,100,100,http://localhost:7000/randomRequest,508,0,0
1676157945299,812,HTTP Request,200,,Thread-Gruppe  1-91,text,true,,492,129,100,100,http://localhost:7000/randomRequest,812,0,0
1676157945004,1132,HTTP Request,200,,Thread-Gruppe  1-23,text,true,,403,129,100,100,http://localhost:7000/randomRequest,1132,0,1
1676157945196,939,HTTP Request,200,,Thread-Gruppe  1-90,text,true,,562,129,100,100,http://localhost:7000/randomRequest,939,0,0
1676157945649,511,HTTP Request,200,,Thread-Gruppe  1-28,text,true,,492,129,100,100,http://localhost:7000/randomRequest,511,0,0
1676157945750,410,HTTP Request,200,,Thread-Gruppe  1-14,text,true,,558,129,100,100,http://localhost:7000/randomRequest,410,0,0
1676157945460,722,HTTP Request,200,,Thread-Gruppe  1-56,text,true,,419,129,100,100,http://localhost:7000/randomRequest,721,0,0
1676157945058,1136,HTTP Request,200,,Thread-Gruppe  1-98,text,true,,488,129,100,100,http://localhost:7000/randomRequest,1136,0,1
1676157945402,791,HTTP Request,200,,Thread-Gruppe  1-57,text,true,,643,129,100,100,http://localhost:7000/randomRequest,791,0,1
1676157945368,836,HTTP Request,200,,Thread-Gruppe  1-51,text,true,,492,129,100,100,http://localhost:7000/randomRequest,836,0,0
1676157945410,818,HTTP Request,200,,Thread-Gruppe  1-46,text,true,,567,129,100,100,http://localhost:7000/randomRequest,818,0,0
1676157945523,716,HTTP Request,200,,Thread-Gruppe  1-84,text,true,,418,129,100,100,http://localhost:7000/randomRequest,716,0,1
1676157945523,716,HTTP Request,200,,Thread-Gruppe  1-24,text,true,,481,129,100,100,http://localhost:7000/randomRequest,716,0,1
1676157945109,1131,HTTP Request,200,,Thread-Gruppe  1-93,text,true,,488,129,100,100,http://localhost:7000/randomRequest,1131,0,1
1676157945329,932,HTTP Request,200,,Thread-Gruppe  1-65,text,true,,485,129,100,100,http://localhost:7000/randomRequest,932,0,0
1676157945563,698,HTTP Request,200,,Thread-Gruppe  1-34,text,true,,523,129,100,100,http://localhost:7000/randomRequest,698,0,1
1676157945148,1118,HTTP Request,200,,Thread-Gruppe  1-48,text,true,,527,129,100,100,http://localhost:7000/randomRequest,1118,0,0
1676157945563,716,HTTP Request,200,,Thread-Gruppe  1-10,text,true,,492,129,100,100,http://localhost:7000/randomRequest,716,0,1
1676157945353,926,HTTP Request,200,,Thread-Gruppe  1-15,text,true,,530,129,100,100,http://localhost:7000/randomRequest,926,0,0
1676157945663,616,HTTP Request,200,,Thread-Gruppe  1-12,text,true,,485,129,100,100,http://localhost:7000/randomRequest,616,0,1
1676157945259,1024,HTTP Request,200,,Thread-Gruppe  1-2,text,true,,485,129,100,100,http://localhost:7000/randomRequest,1024,0,1
1676157945460,823,HTTP Request,200,,Thread-Gruppe  1-82,text,true,,417,129,100,100,http://localhost:7000/randomRequest,823,0,0
1676157945649,643,HTTP Request,200,,Thread-Gruppe  1-74,text,true,,680,129,100,100,http://localhost:7000/randomRequest,643,0,0
1676157945668,624,HTTP Request,200,,Thread-Gruppe  1-21,text,true,,2509,129,100,100,http://localhost:7000/randomRequest,624,0,1
1676157945457,851,HTTP Request,200,,Thread-Gruppe  1-5,text,true,,417,129,100,100,http://localhost:7000/randomRequest,851,0,0
1676157944880,1429,HTTP Request,200,,Thread-Gruppe  1-6,text,true,,643,129,100,100,http://localhost:7000/randomRequest,1429,0,0
1676157945086,1234,HTTP Request,200,,Thread-Gruppe  1-53,text,true,,492,129,100,100,http://localhost:7000/randomRequest,1234,0,1
1676157945708,611,HTTP Request,200,,Thread-Gruppe  1-32,text,true,,488,129,100,100,http://localhost:7000/randomRequest,611,0,0
1676157945194,1138,HTTP Request,200,,Thread-Gruppe  1-13,text,true,,485,129,100,100,http://localhost:7000/randomRequest,1138,0,0
1676157945402,930,HTTP Request,200,,Thread-Gruppe  1-22,text,true,,529,129,100,100,http://localhost:7000/randomRequest,930,0,1
1676157945699,643,HTTP Request,200,,Thread-Gruppe  1-54,text,true,,674,129,100,100,http://localhost:7000/randomRequest,643,0,0
1676157945725,617,HTTP Request,200,,Thread-Gruppe  1-37,text,true,,418,129,100,100,http://localhost:7000/randomRequest,617,0,0
1676157945728,622,HTTP Request,200,,Thread-Gruppe  1-45,text,true,,419,129,100,100,http://localhost:7000/randomRequest,622,0,0
1676157945299,1051,HTTP Request,200,,Thread-Gruppe  1-94,text,true,,417,129,100,100,http://localhost:7000/randomRequest,1051,0,0
1676157945148,1214,HTTP Request,200,,Thread-Gruppe  1-76,text,true,,537,129,100,100,http://localhost:7000/randomRequest,1214,0,0
1676157945857,512,HTTP Request,200,,Thread-Gruppe  1-47,text,true,,419,129,100,100,http://localhost:7000/randomRequest,512,0,0
1676157945559,822,HTTP Request,200,,Thread-Gruppe  1-68,text,true,,488,129,100,100,http://localhost:7000/randomRequest,822,0,0
1676157945360,1028,HTTP Request,200,,Thread-Gruppe  1-26,text,true,,418,129,100,100,http://localhost:7000/randomRequest,1028,0,0
1676157945699,720,HTTP Request,200,,Thread-Gruppe  1-78,text,true,,490,129,100,100,http://localhost:7000/randomRequest,720,0,0
1676157945802,617,HTTP Request,200,,Thread-Gruppe  1-60,text,true,,418,129,100,100,http://localhost:7000/randomRequest,617,0,0
1676157945802,617,HTTP Request,200,,Thread-Gruppe  1-64,text,true,,562,129,100,100,http://localhost:7000/randomRequest,617,0,0
1676157945710,719,HTTP Request,200,,Thread-Gruppe  1-73,text,true,,403,129,100,100,http://localhost:7000/randomRequest,719,0,1
1676157945070,1366,HTTP Request,200,,Thread-Gruppe  1-40,text,true,,571,129,100,100,http://localhost:7000/randomRequest,1366,0,1
1676157946032,415,HTTP Request,200,,Thread-Gruppe  1-70,text,true,,563,129,100,100,http://localhost:7000/randomRequest,415,0,1
1676157945868,585,HTTP Request,200,,Thread-Gruppe  1-50,text,true,,489,129,100,100,http://localhost:7000/randomRequest,585,0,1
1676157946044,409,HTTP Request,200,,Thread-Gruppe  1-55,text,true,,419,129,100,100,http://localhost:7000/randomRequest,409,0,0
1676157946066,403,HTTP Request,200,,Thread-Gruppe  1-33,text,true,,418,129,100,100,http://localhost:7000/randomRequest,403,0,1
1676157945860,614,HTTP Request,200,,Thread-Gruppe  1-30,text,true,,554,129,100,100,http://localhost:7000/randomRequest,614,0,0
1676157945559,926,HTTP Request,200,,Thread-Gruppe  1-31,text,true,,492,129,100,100,http://localhost:7000/randomRequest,926,0,0
1676157945868,624,HTTP Request,200,,Thread-Gruppe  1-4,text,true,,419,129,100,100,http://localhost:7000/randomRequest,624,0,1
1676157945882,622,HTTP Request,200,,Thread-Gruppe  1-41,text,true,,416,129,100,100,http://localhost:7000/randomRequest,622,0,0
1676157945908,612,HTTP Request,200,,Thread-Gruppe  1-87,text,true,,419,129,100,100,http://localhost:7000/randomRequest,611,0,0
1676157945624,918,HTTP Request,200,,Thread-Gruppe  1-89,text,true,,490,129,100,100,http://localhost:7000/randomRequest,918,0,1
1676157945908,634,HTTP Request,200,,Thread-Gruppe  1-97,text,true,,663,129,100,100,http://localhost:7000/randomRequest,634,0,0
1676157946032,518,HTTP Request,200,,Thread-Gruppe  1-8,text,true,,492,129,100,100,http://localhost:7000/randomRequest,518,0,1
1676157945728,825,HTTP Request,200,,Thread-Gruppe  1-100,text,true,,543,129,100,100,http://localhost:7000/randomRequest,825,0,0
1676157945238,1330,HTTP Request,200,,Thread-Gruppe  1-62,text,true,,403,129,100,100,http://localhost:7000/randomRequest,1330,0,1
1676157945868,724,HTTP Request,200,,Thread-Gruppe  1-85,text,true,,560,129,100,100,http://localhost:7000/randomRequest,724,0,1
1676157945402,1207,HTTP Request,200,,Thread-Gruppe  1-7,text,true,,643,129,100,100,http://localhost:7000/randomRequest,1207,0,1
1676157945360,1249,HTTP Request,200,,Thread-Gruppe  1-27,text,true,,577,129,100,100,http://localhost:7000/randomRequest,1249,0,0
1676157945089,1552,HTTP Request,200,,Thread-Gruppe  1-96,text,true,,492,129,100,100,http://localhost:7000/randomRequest,1552,0,0
1676157945819,823,HTTP Request,200,,Thread-Gruppe  1-81,text,true,,559,129,100,100,http://localhost:7000/randomRequest,823,0,0
1676157945929,721,HTTP Request,200,,Thread-Gruppe  1-80,text,true,,565,129,100,100,http://localhost:7000/randomRequest,721,0,0
1676157945857,813,HTTP Request,200,,Thread-Gruppe  1-67,text,true,,419,129,100,100,http://localhost:7000/randomRequest,813,0,0
1676157946261,409,HTTP Request,200,,Thread-Gruppe  1-65,text,true,,419,129,100,100,http://localhost:7000/randomRequest,409,0,0
1676157945768,925,HTTP Request,200,,Thread-Gruppe  1-1,text,true,,489,129,100,100,http://localhost:7000/randomRequest,925,0,0
1676157945903,790,HTTP Request,200,,Thread-Gruppe  1-36,text,true,,540,129,100,100,http://localhost:7000/randomRequest,790,0,0
1676157945769,931,HTTP Request,200,,Thread-Gruppe  1-3,text,true,,485,129,100,100,http://localhost:7000/randomRequest,931,0,1
1676157946135,615,HTTP Request,200,,Thread-Gruppe  1-23,text,true,,492,129,100,100,http://localhost:7000/randomRequest,615,0,1
1676157945838,915,HTTP Request,200,,Thread-Gruppe  1-49,text,true,,562,129,100,100,http://localhost:7000/randomRequest,915,0,1
1676157945659,1132,HTTP Request,200,,Thread-Gruppe  1-88,text,true,,403,129,100,100,http://localhost:7000/randomRequest,1132,0,1
1676157946361,433,HTTP Request,200,,Thread-Gruppe  1-76,text,true,,417,129,100,100,http://localhost:7000/randomRequest,433,0,0
1676157946111,689,HTTP Request,200,,Thread-Gruppe  1-9,text,true,,487,129,100,100,http://localhost:7000/randomRequest,689,0,1
1676157946182,618,HTTP Request,200,,Thread-Gruppe  1-56,text,true,,419,129,100,100,http://localhost:7000/randomRequest,618,0,0
1676157946194,614,HTTP Request,200,,Thread-Gruppe  1-57,text,true,,485,129,100,100,http://localhost:7000/randomRequest,614,0,0
1676157945750,1092,HTTP Request,200,,Thread-Gruppe  1-58,text,true,,633,129,100,100,http://localhost:7000/randomRequest,1092,0,0
1676157946342,507,HTTP Request,200,,Thread-Gruppe  1-37,text,true,,481,129,100,100,http://localhost:7000/randomRequest,507,0,0
1676157946032,819,HTTP Request,200,,Thread-Gruppe  1-69,text,true,,562,129,100,100,http://localhost:7000/randomRequest,819,0,1
1676157946239,614,HTTP Request,200,,Thread-Gruppe  1-84,text,true,,416,129,100,100,http://localhost:7000/randomRequest,614,0,1
1676157946032,821,HTTP Request,200,,Thread-Gruppe  1-39,text,true,,416,129,100,100,http://localhost:7000/randomRequest,821,0,1
1676157946161,709,HTTP Request,200,,Thread-Gruppe  1-28,text,true,,566,129,100,100,http://localhost:7000/randomRequest,709,0,0
1676157946060,810,HTTP Request,200,,Thread-Gruppe  1-95,text,true,,559,129,100,100,http://localhost:7000/randomRequest,810,0,0
1676157946381,511,HTTP Request,200,,Thread-Gruppe  1-68,text,true,,419,129,100,100,http://localhost:7000/randomRequest,511,0,0
1676157945870,1024,HTTP Request,200,,Thread-Gruppe  1-86,text,true,,492,129,100,100,http://localhost:7000/randomRequest,1024,0,0
1676157945868,1026,HTTP Request,200,,Thread-Gruppe  1-29,text,true,,492,129,100,100,http://localhost:7000/randomRequest,1026,0,1
1676157945868,1026,HTTP Request,200,,Thread-Gruppe  1-92,text,true,,546,129,100,100,http://localhost:7000/randomRequest,1026,0,1
1676157946135,781,HTTP Request,200,,Thread-Gruppe  1-90,text,true,,491,129,100,100,http://localhost:7000/randomRequest,781,0,1
1676157946388,528,HTTP Request,200,,Thread-Gruppe  1-26,text,true,,417,129,100,100,http://localhost:7000/randomRequest,528,0,0
1676157946505,411,HTTP Request,200,,Thread-Gruppe  1-41,text,true,,556,129,100,100,http://localhost:7000/randomRequest,411,0,0
1676157945903,1025,HTTP Request,200,,Thread-Gruppe  1-77,text,true,,492,129,100,100,http://localhost:7000/randomRequest,1025,0,0
1676157946447,510,HTTP Request,200,,Thread-Gruppe  1-70,text,true,,565,129,100,100,http://localhost:7000/randomRequest,510,0,0
1676157946429,529,HTTP Request,200,,Thread-Gruppe  1-73,text,true,,417,129,100,100,http://localhost:7000/randomRequest,529,0,0
1676157946469,513,HTTP Request,200,,Thread-Gruppe  1-33,text,true,,419,129,100,100,http://localhost:7000/randomRequest,513,0,0
1676157946265,717,HTTP Request,200,,Thread-Gruppe  1-48,text,true,,419,129,100,100,http://localhost:7000/randomRequest,717,0,0
1676157916946,30051,HTTP Request,500,,Thread-Gruppe  1-79,text,false,,258,129,100,100,http://localhost:7000/randomRequest,30051,0,5
1676157946283,712,HTTP Request,200,,Thread-Gruppe  1-82,text,true,,489,129,100,100,http://localhost:7000/randomRequest,712,0,1
1676157946593,402,HTTP Request,200,,Thread-Gruppe  1-85,text,true,,482,129,100,100,http://localhost:7000/randomRequest,402,0,0
1676157946111,918,HTTP Request,200,,Thread-Gruppe  1-91,text,true,,550,129,100,100,http://localhost:7000/randomRequest,918,0,1
1676157946420,618,HTTP Request,200,,Thread-Gruppe  1-78,text,true,,401,129,100,100,http://localhost:7000/randomRequest,618,0,0
1676157946020,1040,HTTP Request,200,,Thread-Gruppe  1-44,text,true,,474,129,100,100,http://localhost:7000/randomRequest,1040,0,0
1676157946453,607,HTTP Request,200,,Thread-Gruppe  1-50,text,true,,490,129,100,100,http://localhost:7000/randomRequest,607,0,0
1676157946239,821,HTTP Request,200,,Thread-Gruppe  1-24,text,true,,488,129,100,100,http://localhost:7000/randomRequest,821,0,1
1676157946239,821,HTTP Request,200,,Thread-Gruppe  1-93,text,true,,486,129,100,100,http://localhost:7000/randomRequest,821,0,1
1676157946485,608,HTTP Request,200,,Thread-Gruppe  1-31,text,true,,492,129,100,100,http://localhost:7000/randomRequest,608,0,1
1676157946474,619,HTTP Request,200,,Thread-Gruppe  1-30,text,true,,551,129,100,100,http://localhost:7000/randomRequest,619,0,1
1676157946283,817,HTTP Request,200,,Thread-Gruppe  1-2,text,true,,492,129,100,100,http://localhost:7000/randomRequest,817,0,0
1676157945829,1294,HTTP Request,200,,Thread-Gruppe  1-72,text,true,,525,129,100,100,http://localhost:7000/randomRequest,1294,0,0
1676157946319,822,HTTP Request,200,,Thread-Gruppe  1-32,text,true,,418,129,100,100,http://localhost:7000/randomRequest,822,0,1
1676157946228,918,HTTP Request,200,,Thread-Gruppe  1-46,text,true,,486,129,100,100,http://localhost:7000/randomRequest,918,0,1
1676157946350,810,HTTP Request,200,,Thread-Gruppe  1-45,text,true,,492,129,100,100,http://localhost:7000/randomRequest,810,0,0
1676157946261,914,HTTP Request,200,,Thread-Gruppe  1-34,text,true,,419,129,100,100,http://localhost:7000/randomRequest,914,0,0
1676157946292,895,HTTP Request,200,,Thread-Gruppe  1-74,text,true,,537,129,100,100,http://localhost:7000/randomRequest,895,0,0
1676157946279,915,HTTP Request,200,,Thread-Gruppe  1-15,text,true,,419,129,100,100,http://localhost:7000/randomRequest,915,0,0
1676157946693,510,HTTP Request,200,,Thread-Gruppe  1-36,text,true,,538,129,100,100,http://localhost:7000/randomRequest,510,0,0
1676157945491,1718,HTTP Request,200,,Thread-Gruppe  1-71,text,true,,541,129,100,100,http://localhost:7000/randomRequest,1718,0,1
1676157946292,919,HTTP Request,200,,Thread-Gruppe  1-21,text,true,,419,129,100,100,http://localhost:7000/randomRequest,919,0,0
1676157946194,1021,HTTP Request,200,,Thread-Gruppe  1-98,text,true,,556,129,100,100,http://localhost:7000/randomRequest,1021,0,0
1676157946308,917,HTTP Request,200,,Thread-Gruppe  1-6,text,true,,418,129,100,100,http://localhost:7000/randomRequest,917,0,1
1676157945699,1526,HTTP Request,200,,Thread-Gruppe  1-38,text,true,,537,129,100,100,http://localhost:7000/randomRequest,1526,0,0
1676157946640,610,HTTP Request,200,,Thread-Gruppe  1-96,text,true,,570,129,100,100,http://localhost:7000/randomRequest,610,0,0
1676157946542,720,HTTP Request,200,,Thread-Gruppe  1-97,text,true,,403,129,100,100,http://localhost:7000/randomRequest,720,0,1
1676157946650,615,HTTP Request,200,,Thread-Gruppe  1-80,text,true,,488,129,100,100,http://localhost:7000/randomRequest,615,0,0
1676157946670,617,HTTP Request,200,,Thread-Gruppe  1-65,text,true,,492,129,100,100,http://localhost:7000/randomRequest,617,0,0
1676157946032,1288,HTTP Request,200,,Thread-Gruppe  1-43,text,true,,527,129,100,100,http://localhost:7000/randomRequest,1288,0,1
1676157946791,536,HTTP Request,200,,Thread-Gruppe  1-88,text,true,,574,129,100,100,http://localhost:7000/randomRequest,536,0,1
1676157946204,1123,HTTP Request,200,,Thread-Gruppe  1-51,text,true,,403,129,100,100,http://localhost:7000/randomRequest,1123,0,0
1676157946420,917,HTTP Request,200,,Thread-Gruppe  1-60,text,true,,419,129,100,100,http://localhost:7000/randomRequest,917,0,0
1676157946032,1305,HTTP Request,200,,Thread-Gruppe  1-59,text,true,,527,129,100,100,http://localhost:7000/randomRequest,1305,0,1
1676157946842,508,HTTP Request,200,,Thread-Gruppe  1-58,text,true,,492,129,100,100,http://localhost:7000/randomRequest,508,0,0
1676157946342,1036,HTTP Request,200,,Thread-Gruppe  1-54,text,true,,633,129,100,100,http://localhost:7000/randomRequest,1036,0,0
1676157946995,414,HTTP Request,200,,Thread-Gruppe  1-79,text,true,,492,129,100,100,http://localhost:7000/randomRequest,414,0,0
1676157946308,1124,HTTP Request,200,,Thread-Gruppe  1-5,text,true,,544,129,100,100,http://localhost:7000/randomRequest,1124,0,1
1676157946435,997,HTTP Request,200,,Thread-Gruppe  1-40,text,true,,633,129,100,100,http://localhost:7000/randomRequest,997,0,1
1676157946319,1123,HTTP Request,200,,Thread-Gruppe  1-53,text,true,,490,129,100,100,http://localhost:7000/randomRequest,1123,0,1
1676157947141,312,HTTP Request,200,,Thread-Gruppe  1-32,text,true,,550,129,100,100,http://localhost:7000/randomRequest,312,0,1
1676157946853,619,HTTP Request,200,,Thread-Gruppe  1-84,text,true,,481,129,100,100,http://localhost:7000/randomRequest,619,0,0
1676157947060,412,HTTP Request,200,,Thread-Gruppe  1-44,text,true,,488,129,100,100,http://localhost:7000/randomRequest,412,0,1
1676157946350,1122,HTTP Request,200,,Thread-Gruppe  1-94,text,true,,490,129,100,100,http://localhost:7000/randomRequest,1122,0,0
1676157947060,412,HTTP Request,200,,Thread-Gruppe  1-50,text,true,,403,129,100,100,http://localhost:7000/randomRequest,412,0,1
1676157946161,1321,HTTP Request,200,,Thread-Gruppe  1-14,text,true,,492,129,100,100,http://localhost:7000/randomRequest,1321,0,0
1676157946568,920,HTTP Request,200,,Thread-Gruppe  1-62,text,true,,418,129,100,100,http://localhost:7000/randomRequest,920,0,1
1676157946369,1126,HTTP Request,200,,Thread-Gruppe  1-47,text,true,,418,129,100,100,http://localhost:7000/randomRequest,1126,0,0
1676157946279,1225,HTTP Request,200,,Thread-Gruppe  1-12,text,true,,490,129,100,100,http://localhost:7000/randomRequest,1225,0,0
1676157946492,1020,HTTP Request,200,,Thread-Gruppe  1-4,text,true,,492,129,100,100,http://localhost:7000/randomRequest,1020,0,1
1676157946693,819,HTTP Request,200,,Thread-Gruppe  1-1,text,true,,561,129,100,100,http://localhost:7000/randomRequest,819,0,0
1676157946894,618,HTTP Request,200,,Thread-Gruppe  1-86,text,true,,419,129,100,100,http://localhost:7000/randomRequest,618,0,1
1676157947211,312,HTTP Request,200,,Thread-Gruppe  1-21,text,true,,492,129,100,100,http://localhost:7000/randomRequest,312,0,0
1676157946609,944,HTTP Request,200,,Thread-Gruppe  1-7,text,true,,403,129,100,100,http://localhost:7000/randomRequest,944,0,0
1676157946917,636,HTTP Request,200,,Thread-Gruppe  1-26,text,true,,419,129,100,100,http://localhost:7000/randomRequest,636,0,0
1676157946332,1221,HTTP Request,200,,Thread-Gruppe  1-13,text,true,,481,129,100,100,http://localhost:7000/randomRequest,1221,0,0
1676157946849,713,HTTP Request,200,,Thread-Gruppe  1-37,text,true,,549,129,100,100,http://localhost:7000/randomRequest,713,0,0
1676157946643,919,HTTP Request,200,,Thread-Gruppe  1-81,text,true,,552,129,100,100,http://localhost:7000/randomRequest,919,0,0
1676157946851,741,HTTP Request,200,,Thread-Gruppe  1-69,text,true,,571,129,100,100,http://localhost:7000/randomRequest,741,0,0
1676157946670,925,HTTP Request,200,,Thread-Gruppe  1-67,text,true,,488,129,100,100,http://localhost:7000/randomRequest,925,0,0
1676157946982,622,HTTP Request,200,,Thread-Gruppe  1-48,text,true,,403,129,100,100,http://localhost:7000/randomRequest,622,0,1
1676157946609,995,HTTP Request,200,,Thread-Gruppe  1-27,text,true,,541,129,100,100,http://localhost:7000/randomRequest,995,0,0
1676157946794,810,HTTP Request,200,,Thread-Gruppe  1-76,text,true,,495,129,100,100,http://localhost:7000/randomRequest,810,0,0
1676157946520,1123,HTTP Request,200,,Thread-Gruppe  1-87,text,true,,490,129,100,100,http://localhost:7000/randomRequest,1123,0,0
1676157946957,719,HTTP Request,200,,Thread-Gruppe  1-70,text,true,,415,129,100,100,http://localhost:7000/randomRequest,719,0,1
1676157947060,616,HTTP Request,200,,Thread-Gruppe  1-93,text,true,,419,129,100,100,http://localhost:7000/randomRequest,616,0,1
1676157946550,1126,HTTP Request,200,,Thread-Gruppe  1-8,text,true,,490,129,100,100,http://localhost:7000/randomRequest,1126,0,0
1676157946553,1123,HTTP Request,200,,Thread-Gruppe  1-100,text,true,,419,129,100,100,http://localhost:7000/randomRequest,1123,0,0
1676157947093,615,HTTP Request,200,,Thread-Gruppe  1-31,text,true,,551,129,100,100,http://localhost:7000/randomRequest,615,0,1
1676157946982,726,HTTP Request,200,,Thread-Gruppe  1-33,text,true,,419,129,100,100,http://localhost:7000/randomRequest,726,0,1
1676157946995,721,HTTP Request,200,,Thread-Gruppe  1-82,text,true,,419,129,100,100,http://localhost:7000/randomRequest,721,0,0
1676157946800,918,HTTP Request,200,,Thread-Gruppe  1-56,text,true,,485,129,100,100,http://localhost:7000/randomRequest,918,0,1
1676157946917,826,HTTP Request,200,,Thread-Gruppe  1-90,text,true,,492,129,100,100,http://localhost:7000/randomRequest,826,0,0
1676157947327,416,HTTP Request,200,,Thread-Gruppe  1-51,text,true,,552,129,100,100,http://localhost:7000/randomRequest,416,0,1
1676157947161,583,HTTP Request,200,,Thread-Gruppe  1-45,text,true,,633,129,100,100,http://localhost:7000/randomRequest,583,0,0
1676157947146,608,HTTP Request,200,,Thread-Gruppe  1-46,text,true,,563,129,100,100,http://localhost:7000/randomRequest,608,0,1
1676157946542,1225,HTTP Request,200,,Thread-Gruppe  1-89,text,true,,492,129,100,100,http://localhost:7000/randomRequest,1225,0,1
1676157946751,1025,HTTP Request,200,,Thread-Gruppe  1-23,text,true,,539,129,100,100,http://localhost:7000/randomRequest,1025,0,0
1676157947060,716,HTTP Request,200,,Thread-Gruppe  1-24,text,true,,571,129,100,100,http://localhost:7000/randomRequest,716,0,1
1676157947482,314,HTTP Request,200,,Thread-Gruppe  1-14,text,true,,569,129,100,100,http://localhost:7000/randomRequest,314,0,0
1676157947288,512,HTTP Request,200,,Thread-Gruppe  1-65,text,true,,557,129,100,100,http://localhost:7000/randomRequest,512,0,0
1676157947320,480,HTTP Request,200,,Thread-Gruppe  1-43,text,true,,643,129,100,100,http://localhost:7000/randomRequest,480,0,0
1676157946800,1028,HTTP Request,200,,Thread-Gruppe  1-9,text,true,,485,129,100,100,http://localhost:7000/randomRequest,1028,0,1
1676157947123,719,HTTP Request,200,,Thread-Gruppe  1-72,text,true,,485,129,100,100,http://localhost:7000/randomRequest,719,0,0
1676157947226,616,HTTP Request,200,,Thread-Gruppe  1-6,text,true,,556,129,100,100,http://localhost:7000/randomRequest,616,0,0
1676157917709,30137,HTTP Request,500,,Thread-Gruppe  1-66,text,false,,258,129,100,100,http://localhost:7000/randomRequest,30137,0,1
1676157946917,937,HTTP Request,200,,Thread-Gruppe  1-41,text,true,,568,129,100,100,http://localhost:7000/randomRequest,937,0,0
1676157946808,1046,HTTP Request,200,,Thread-Gruppe  1-57,text,true,,679,129,100,100,http://localhost:7000/randomRequest,1046,0,0
1676157947350,509,HTTP Request,200,,Thread-Gruppe  1-58,text,true,,419,129,100,100,http://localhost:7000/randomRequest,509,0,1
1676157947472,432,HTTP Request,200,,Thread-Gruppe  1-50,text,true,,552,129,100,100,http://localhost:7000/randomRequest,432,0,0
1676157947100,824,HTTP Request,200,,Thread-Gruppe  1-2,text,true,,488,129,100,100,http://localhost:7000/randomRequest,824,0,0
1676157946332,1613,HTTP Request,200,,Thread-Gruppe  1-22,text,true,,541,129,100,100,http://localhost:7000/randomRequest,1613,0,0
1676157946453,1492,HTTP Request,200,,Thread-Gruppe  1-55,text,true,,647,129,100,100,http://localhost:7000/randomRequest,1492,0,0
1676157947562,409,HTTP Request,200,,Thread-Gruppe  1-81,text,true,,555,129,100,100,http://localhost:7000/randomRequest,409,0,0
1676157946700,1288,HTTP Request,200,,Thread-Gruppe  1-3,text,true,,633,129,100,100,http://localhost:7000/randomRequest,1288,0,0
1676157946853,1151,HTTP Request,200,,Thread-Gruppe  1-39,text,true,,664,129,100,100,http://localhost:7000/randomRequest,1151,0,1
1676157946892,1132,HTTP Request,200,,Thread-Gruppe  1-68,text,true,,418,129,100,100,http://localhost:7000/randomRequest,1132,0,0
1676157947203,823,HTTP Request,200,,Thread-Gruppe  1-36,text,true,,560,129,100,100,http://localhost:7000/randomRequest,823,0,1
1676157947512,514,HTTP Request,200,,Thread-Gruppe  1-86,text,true,,492,129,100,100,http://localhost:7000/randomRequest,514,0,0
1676157946753,1297,HTTP Request,200,,Thread-Gruppe  1-49,text,true,,481,129,100,100,http://localhost:7000/randomRequest,1297,0,1
1676157947442,612,HTTP Request,200,,Thread-Gruppe  1-53,text,true,,418,129,100,100,http://localhost:7000/randomRequest,612,0,0
1676157947338,716,HTTP Request,200,,Thread-Gruppe  1-59,text,true,,418,129,100,100,http://localhost:7000/randomRequest,716,0,0
1676157947029,1025,HTTP Request,200,,Thread-Gruppe  1-91,text,true,,551,129,100,100,http://localhost:7000/randomRequest,1025,0,0
1676157946870,1242,HTTP Request,200,,Thread-Gruppe  1-95,text,true,,492,129,100,100,http://localhost:7000/randomRequest,1242,0,0
1676157947495,617,HTTP Request,200,,Thread-Gruppe  1-47,text,true,,416,129,100,100,http://localhost:7000/randomRequest,617,0,0
1676157946996,1131,HTTP Request,200,,Thread-Gruppe  1-85,text,true,,492,129,100,100,http://localhost:7000/randomRequest,1131,0,0
1676157947262,893,HTTP Request,200,,Thread-Gruppe  1-97,text,true,,491,129,100,100,http://localhost:7000/randomRequest,893,0,1
1676157947743,415,HTTP Request,200,,Thread-Gruppe  1-51,text,true,,416,129,100,100,http://localhost:7000/randomRequest,415,0,1
1676157947338,820,HTTP Request,200,,Thread-Gruppe  1-60,text,true,,419,129,100,100,http://localhost:7000/randomRequest,820,0,0
1676157947643,515,HTTP Request,200,,Thread-Gruppe  1-87,text,true,,402,129,100,100,http://localhost:7000/randomRequest,515,0,1
1676157947038,1128,HTTP Request,200,,Thread-Gruppe  1-78,text,true,,492,129,100,100,http://localhost:7000/randomRequest,1128,0,0
1676157947553,615,HTTP Request,200,,Thread-Gruppe  1-7,text,true,,554,129,100,100,http://localhost:7000/randomRequest,615,0,0
1676157947432,736,HTTP Request,200,,Thread-Gruppe  1-5,text,true,,415,129,100,100,http://localhost:7000/randomRequest,736,0,1
1676157947796,414,HTTP Request,200,,Thread-Gruppe  1-14,text,true,,549,129,100,100,http://localhost:7000/randomRequest,414,0,1
1676157947379,831,HTTP Request,200,,Thread-Gruppe  1-54,text,true,,419,129,100,100,http://localhost:7000/randomRequest,831,0,0
1676157947604,618,HTTP Request,200,,Thread-Gruppe  1-27,text,true,,557,129,100,100,http://localhost:7000/randomRequest,618,0,1
1676157946894,1336,HTTP Request,200,,Thread-Gruppe  1-92,text,true,,551,129,100,100,http://localhost:7000/randomRequest,1336,0,1
1676157947327,932,HTTP Request,200,,Thread-Gruppe  1-88,text,true,,481,129,100,100,http://localhost:7000/randomRequest,932,0,1
1676157946928,1332,HTTP Request,200,,Thread-Gruppe  1-77,text,true,,550,129,100,100,http://localhost:7000/randomRequest,1332,0,1
1676157947743,517,HTTP Request,200,,Thread-Gruppe  1-90,text,true,,492,129,100,100,http://localhost:7000/randomRequest,517,0,1
1676157947859,413,HTTP Request,200,,Thread-Gruppe  1-58,text,true,,419,129,100,100,http://localhost:7000/randomRequest,413,0,0
1676157947562,715,HTTP Request,200,,Thread-Gruppe  1-37,text,true,,547,129,100,100,http://localhost:7000/randomRequest,715,0,0
1676157947777,517,HTTP Request,200,,Thread-Gruppe  1-24,text,true,,568,129,100,100,http://localhost:7000/randomRequest,517,0,0
1676157947592,722,HTTP Request,200,,Thread-Gruppe  1-69,text,true,,419,129,100,100,http://localhost:7000/randomRequest,722,0,0
1676157947195,1131,HTTP Request,200,,Thread-Gruppe  1-15,text,true,,526,129,100,100,http://localhost:7000/randomRequest,1131,0,0
1676157947504,830,HTTP Request,200,,Thread-Gruppe  1-12,text,true,,541,129,100,100,http://localhost:7000/randomRequest,830,0,0
1676157947215,1130,HTTP Request,200,,Thread-Gruppe  1-98,text,true,,418,129,100,100,http://localhost:7000/randomRequest,1130,0,0
1676157947945,428,HTTP Request,200,,Thread-Gruppe  1-55,text,true,,417,129,100,100,http://localhost:7000/randomRequest,428,0,0
1676157947854,519,HTTP Request,200,,Thread-Gruppe  1-41,text,true,,492,129,100,100,http://localhost:7000/randomRequest,519,0,1
1676157946958,1415,HTTP Request,200,,Thread-Gruppe  1-73,text,true,,539,129,100,100,http://localhost:7000/randomRequest,1415,0,0
1676157947553,820,HTTP Request,200,,Thread-Gruppe  1-13,text,true,,478,129,100,100,http://localhost:7000/randomRequest,820,0,0
1676157947453,920,HTTP Request,200,,Thread-Gruppe  1-32,text,true,,488,129,100,100,http://localhost:7000/randomRequest,920,0,1
1676157947209,1165,HTTP Request,200,,Thread-Gruppe  1-71,text,true,,690,129,100,100,http://localhost:7000/randomRequest,1165,0,0
1676157947433,941,HTTP Request,200,,Thread-Gruppe  1-40,text,true,,489,129,100,100,http://localhost:7000/randomRequest,941,0,0
1676157947988,412,HTTP Request,200,,Thread-Gruppe  1-3,text,true,,552,129,100,100,http://localhost:7000/randomRequest,412,0,1
1676157947188,1233,HTTP Request,200,,Thread-Gruppe  1-74,text,true,,403,129,100,100,http://localhost:7000/randomRequest,1233,0,0
1676157947604,824,HTTP Request,200,,Thread-Gruppe  1-48,text,true,,554,129,100,100,http://localhost:7000/randomRequest,824,0,1
1676157946894,1545,HTTP Request,200,,Thread-Gruppe  1-29,text,true,,403,129,100,100,http://localhost:7000/randomRequest,1545,0,1
1676157947604,846,HTTP Request,200,,Thread-Gruppe  1-76,text,true,,674,129,100,100,http://localhost:7000/randomRequest,846,0,1
1676157947945,534,HTTP Request,200,,Thread-Gruppe  1-22,text,true,,549,129,100,100,http://localhost:7000/randomRequest,534,0,0
1676157947844,635,HTTP Request,200,,Thread-Gruppe  1-66,text,true,,541,129,100,100,http://localhost:7000/randomRequest,635,0,0
1676157947175,1313,HTTP Request,200,,Thread-Gruppe  1-34,text,true,,488,129,100,100,http://localhost:7000/randomRequest,1313,0,1
1676157947676,818,HTTP Request,200,,Thread-Gruppe  1-100,text,true,,492,129,100,100,http://localhost:7000/randomRequest,818,0,0
1676157947676,818,HTTP Request,200,,Thread-Gruppe  1-8,text,true,,490,129,100,100,http://localhost:7000/randomRequest,818,0,0
1676157947676,842,HTTP Request,200,,Thread-Gruppe  1-70,text,true,,417,129,100,100,http://localhost:7000/randomRequest,842,0,0
1676157947488,1030,HTTP Request,200,,Thread-Gruppe  1-62,text,true,,697,129,100,100,http://localhost:7000/randomRequest,1030,0,0
1676157947800,725,HTTP Request,200,,Thread-Gruppe  1-43,text,true,,418,129,100,100,http://localhost:7000/randomRequest,725,0,1
1676157947523,1020,HTTP Request,200,,Thread-Gruppe  1-21,text,true,,639,129,100,100,http://localhost:7000/randomRequest,1020,0,0
1676157947718,825,HTTP Request,200,,Thread-Gruppe  1-56,text,true,,483,129,100,100,http://localhost:7000/randomRequest,825,0,1
1676157948054,528,HTTP Request,200,,Thread-Gruppe  1-91,text,true,,492,129,100,100,http://localhost:7000/randomRequest,528,0,0
1676157947226,1356,HTTP Request,200,,Thread-Gruppe  1-38,text,true,,492,129,100,100,http://localhost:7000/randomRequest,1356,0,0
1676157947265,1324,HTTP Request,200,,Thread-Gruppe  1-80,text,true,,492,129,100,100,http://localhost:7000/randomRequest,1324,0,1
1676157947472,1122,HTTP Request,200,,Thread-Gruppe  1-84,text,true,,643,129,100,100,http://localhost:7000/randomRequest,1122,0,0
1676157947716,903,HTTP Request,200,,Thread-Gruppe  1-82,text,true,,540,129,100,100,http://localhost:7000/randomRequest,903,0,1
1676157947904,724,HTTP Request,200,,Thread-Gruppe  1-50,text,true,,419,129,100,100,http://localhost:7000/randomRequest,724,0,0
1676157947708,927,HTTP Request,200,,Thread-Gruppe  1-31,text,true,,492,129,100,100,http://localhost:7000/randomRequest,927,0,0
1676157947924,720,HTTP Request,200,,Thread-Gruppe  1-2,text,true,,492,129,100,100,http://localhost:7000/randomRequest,720,0,0
1676157947409,1235,HTTP Request,200,,Thread-Gruppe  1-79,text,true,,418,129,100,100,http://localhost:7000/randomRequest,1235,0,0
1676157947512,1132,HTTP Request,200,,Thread-Gruppe  1-4,text,true,,403,129,100,100,http://localhost:7000/randomRequest,1132,0,0
1676157948127,517,HTTP Request,200,,Thread-Gruppe  1-85,text,true,,419,129,100,100,http://localhost:7000/randomRequest,517,0,0
1676157947828,830,HTTP Request,200,,Thread-Gruppe  1-9,text,true,,418,129,100,100,http://localhost:7000/randomRequest,830,0,0
1676157947842,842,HTTP Request,200,,Thread-Gruppe  1-6,text,true,,478,129,100,100,http://localhost:7000/randomRequest,842,0,0
1676157948168,516,HTTP Request,200,,Thread-Gruppe  1-5,text,true,,485,129,100,100,http://localhost:7000/randomRequest,516,0,0
1676157947250,1434,HTTP Request,200,,Thread-Gruppe  1-96,text,true,,492,129,100,100,http://localhost:7000/randomRequest,1434,0,0
1676157948158,526,HTTP Request,200,,Thread-Gruppe  1-60,text,true,,418,129,100,100,http://localhost:7000/randomRequest,526,0,1
1676157948050,634,HTTP Request,200,,Thread-Gruppe  1-49,text,true,,418,129,100,100,http://localhost:7000/randomRequest,634,0,0
1676157947971,718,HTTP Request,200,,Thread-Gruppe  1-81,text,true,,403,129,100,100,http://localhost:7000/randomRequest,718,0,0
1676157947472,1222,HTTP Request,200,,Thread-Gruppe  1-44,text,true,,492,129,100,100,http://localhost:7000/randomRequest,1222,0,0
1676157948314,418,HTTP Request,200,,Thread-Gruppe  1-69,text,true,,419,129,100,100,http://localhost:7000/randomRequest,418,0,1
1676157948112,620,HTTP Request,200,,Thread-Gruppe  1-95,text,true,,419,129,100,100,http://localhost:7000/randomRequest,620,0,0
1676157948230,518,HTTP Request,200,,Thread-Gruppe  1-92,text,true,,419,129,100,100,http://localhost:7000/randomRequest,518,0,0
1676157948025,723,HTTP Request,200,,Thread-Gruppe  1-68,text,true,,419,129,100,100,http://localhost:7000/randomRequest,723,0,0
1676157947708,1052,HTTP Request,200,,Thread-Gruppe  1-33,text,true,,417,129,100,100,http://localhost:7000/randomRequest,1052,0,0
1676157948155,634,HTTP Request,200,,Thread-Gruppe  1-97,text,true,,488,129,100,100,http://localhost:7000/randomRequest,634,0,0
1676157948259,530,HTTP Request,200,,Thread-Gruppe  1-88,text,true,,492,129,100,100,http://localhost:7000/randomRequest,530,0,0
1676157948166,623,HTTP Request,200,,Thread-Gruppe  1-78,text,true,,555,129,100,100,http://localhost:7000/randomRequest,623,0,1
1676157948158,631,HTTP Request,200,,Thread-Gruppe  1-51,text,true,,481,129,100,100,http://localhost:7000/randomRequest,631,0,1
1676157948026,763,HTTP Request,200,,Thread-Gruppe  1-36,text,true,,671,129,100,100,http://localhost:7000/randomRequest,763,0,0
1676157948158,631,HTTP Request,200,,Thread-Gruppe  1-87,text,true,,416,129,100,100,http://localhost:7000/randomRequest,631,0,1
1676157947472,1330,HTTP Request,200,,Thread-Gruppe  1-94,text,true,,492,129,100,100,http://localhost:7000/randomRequest,1330,0,0
1676157948222,634,HTTP Request,200,,Thread-Gruppe  1-27,text,true,,474,129,100,100,http://localhost:7000/randomRequest,634,0,1
1676157948345,520,HTTP Request,200,,Thread-Gruppe  1-98,text,true,,485,129,100,100,http://localhost:7000/randomRequest,520,0,1
1676157948054,836,HTTP Request,200,,Thread-Gruppe  1-59,text,true,,492,129,100,100,http://localhost:7000/randomRequest,836,0,0
1676157948054,836,HTTP Request,200,,Thread-Gruppe  1-53,text,true,,403,129,100,100,http://localhost:7000/randomRequest,836,0,0
1676157948479,411,HTTP Request,200,,Thread-Gruppe  1-22,text,true,,419,129,100,100,http://localhost:7000/randomRequest,411,0,0
1676157946279,2611,HTTP Request,200,,Thread-Gruppe  1-10,text,true,,671,129,100,100,http://localhost:7000/randomRequest,2611,0,0
1676157948494,417,HTTP Request,200,,Thread-Gruppe  1-8,text,true,,419,129,100,100,http://localhost:7000/randomRequest,417,0,1
1676157948400,516,HTTP Request,200,,Thread-Gruppe  1-3,text,true,,549,129,100,100,http://localhost:7000/randomRequest,516,0,0
1676157948519,413,HTTP Request,200,,Thread-Gruppe  1-70,text,true,,419,129,100,100,http://localhost:7000/randomRequest,413,0,0
1676157948421,516,HTTP Request,200,,Thread-Gruppe  1-74,text,true,,419,129,100,100,http://localhost:7000/randomRequest,516,0,1
1676157948327,619,HTTP Request,200,,Thread-Gruppe  1-15,text,true,,554,129,100,100,http://localhost:7000/randomRequest,619,0,0
1676157947842,1104,HTTP Request,200,,Thread-Gruppe  1-72,text,true,,541,129,100,100,http://localhost:7000/randomRequest,1104,0,0
1676157948525,428,HTTP Request,200,,Thread-Gruppe  1-43,text,true,,417,129,100,100,http://localhost:7000/randomRequest,428,0,0
1676157948272,719,HTTP Request,200,,Thread-Gruppe  1-58,text,true,,403,129,100,100,http://localhost:7000/randomRequest,719,0,0
1676157948374,617,HTTP Request,200,,Thread-Gruppe  1-40,text,true,,492,129,100,100,http://localhost:7000/randomRequest,617,0,0
1676157948374,617,HTTP Request,200,,Thread-Gruppe  1-71,text,true,,419,129,100,100,http://localhost:7000/randomRequest,617,0,0
1676157947754,1237,HTTP Request,200,,Thread-Gruppe  1-46,text,true,,486,129,100,100,http://localhost:7000/randomRequest,1237,0,0
1676157948260,731,HTTP Request,200,,Thread-Gruppe  1-90,text,true,,554,129,100,100,http://localhost:7000/randomRequest,731,0,0
1676157948277,717,HTTP Request,200,,Thread-Gruppe  1-37,text,true,,419,129,100,100,http://localhost:7000/randomRequest,717,0,0
1676157948294,709,HTTP Request,200,,Thread-Gruppe  1-24,text,true,,647,129,100,100,http://localhost:7000/randomRequest,709,0,0
1676157948004,1029,HTTP Request,200,,Thread-Gruppe  1-39,text,true,,488,129,100,100,http://localhost:7000/randomRequest,1029,0,1
1676157948210,823,HTTP Request,200,,Thread-Gruppe  1-54,text,true,,489,129,100,100,http://localhost:7000/randomRequest,823,0,1
1676157948635,415,HTTP Request,200,,Thread-Gruppe  1-31,text,true,,416,129,100,100,http://localhost:7000/randomRequest,415,0,1
1676157947854,1196,HTTP Request,200,,Thread-Gruppe  1-57,text,true,,647,129,100,100,http://localhost:7000/randomRequest,1196,0,1
1676157948260,790,HTTP Request,200,,Thread-Gruppe  1-77,text,true,,631,129,100,100,http://localhost:7000/randomRequest,790,0,0
1676157947512,1544,HTTP Request,200,,Thread-Gruppe  1-1,text,true,,492,129,100,100,http://localhost:7000/randomRequest,1544,0,0
1676157948168,892,HTTP Request,200,,Thread-Gruppe  1-7,text,true,,647,129,100,100,http://localhost:7000/randomRequest,892,0,0
1676157948374,720,HTTP Request,200,,Thread-Gruppe  1-41,text,true,,492,129,100,100,http://localhost:7000/randomRequest,720,0,0
1676157948582,512,HTTP Request,200,,Thread-Gruppe  1-38,text,true,,419,129,100,100,http://localhost:7000/randomRequest,512,0,1
1676157948374,720,HTTP Request,200,,Thread-Gruppe  1-13,text,true,,548,129,100,100,http://localhost:7000/randomRequest,720,0,0
1676157947676,1418,HTTP Request,200,,Thread-Gruppe  1-93,text,true,,527,129,100,100,http://localhost:7000/randomRequest,1418,0,0
1676157947767,1327,HTTP Request,200,,Thread-Gruppe  1-89,text,true,,643,129,100,100,http://localhost:7000/randomRequest,1327,0,0
1676157948628,516,HTTP Request,200,,Thread-Gruppe  1-50,text,true,,562,129,100,100,http://localhost:7000/randomRequest,516,0,0
1676157948112,1057,HTTP Request,200,,Thread-Gruppe  1-47,text,true,,681,129,100,100,http://localhost:7000/randomRequest,1057,0,0
1676157946420,2779,HTTP Request,200,,Thread-Gruppe  1-64,text,true,,485,129,100,100,http://localhost:7000/randomRequest,2779,0,0
1676157947777,1422,HTTP Request,200,,Thread-Gruppe  1-23,text,true,,525,129,100,100,http://localhost:7000/randomRequest,1422,0,0
1676157948479,720,HTTP Request,200,,Thread-Gruppe  1-66,text,true,,481,129,100,100,http://localhost:7000/randomRequest,720,0,0
1676157948026,1196,HTTP Request,200,,Thread-Gruppe  1-86,text,true,,633,129,100,100,http://localhost:7000/randomRequest,1196,0,0
1676157948428,829,HTTP Request,200,,Thread-Gruppe  1-48,text,true,,492,129,100,100,http://localhost:7000/randomRequest,829,0,0
1676157948644,614,HTTP Request,200,,Thread-Gruppe  1-4,text,true,,558,129,100,100,http://localhost:7000/randomRequest,614,0,0
1676157947744,1516,HTTP Request,200,,Thread-Gruppe  1-45,text,true,,537,129,100,100,http://localhost:7000/randomRequest,1516,0,0
1676157948543,717,HTTP Request,200,,Thread-Gruppe  1-21,text,true,,551,129,100,100,http://localhost:7000/randomRequest,717,0,0
1676157948543,717,HTTP Request,200,,Thread-Gruppe  1-56,text,true,,492,129,100,100,http://localhost:7000/randomRequest,717,0,0
1676157948684,615,HTTP Request,200,,Thread-Gruppe  1-60,text,true,,492,129,100,100,http://localhost:7000/randomRequest,615,0,1
1676157948789,510,HTTP Request,200,,Thread-Gruppe  1-36,text,true,,415,129,100,100,http://localhost:7000/randomRequest,510,0,1
1676157948890,410,HTTP Request,200,,Thread-Gruppe  1-59,text,true,,419,129,100,100,http://localhost:7000/randomRequest,410,0,0
1676157948991,309,HTTP Request,200,,Thread-Gruppe  1-58,text,true,,419,129,100,100,http://localhost:7000/randomRequest,309,0,0
1676157947800,1510,HTTP Request,200,,Thread-Gruppe  1-65,text,true,,527,129,100,100,http://localhost:7000/randomRequest,1510,0,1
1676157948488,827,HTTP Request,200,,Thread-Gruppe  1-34,text,true,,492,129,100,100,http://localhost:7000/randomRequest,827,0,0
1676157948684,631,HTTP Request,200,,Thread-Gruppe  1-5,text,true,,417,129,100,100,http://localhost:7000/randomRequest,631,0,1
1676157948334,1006,HTTP Request,200,,Thread-Gruppe  1-12,text,true,,527,129,100,100,http://localhost:7000/randomRequest,1006,0,0
1676157948619,726,HTTP Request,200,,Thread-Gruppe  1-82,text,true,,416,129,100,100,http://localhost:7000/randomRequest,725,0,0
1676157948748,613,HTTP Request,200,,Thread-Gruppe  1-92,text,true,,419,129,100,100,http://localhost:7000/randomRequest,613,0,0
1676157948450,923,HTTP Request,200,,Thread-Gruppe  1-76,text,true,,485,129,100,100,http://localhost:7000/randomRequest,923,0,0
1676157948991,411,HTTP Request,200,,Thread-Gruppe  1-90,text,true,,418,129,100,100,http://localhost:7000/randomRequest,411,0,0
1676157948991,411,HTTP Request,200,,Thread-Gruppe  1-40,text,true,,419,129,100,100,http://localhost:7000/randomRequest,411,0,0
1676157948789,613,HTTP Request,200,,Thread-Gruppe  1-87,text,true,,419,129,100,100,http://localhost:7000/randomRequest,613,0,1
1676157948519,925,HTTP Request,200,,Thread-Gruppe  1-62,text,true,,481,129,100,100,http://localhost:7000/randomRequest,925,0,0
1676157948644,804,HTTP Request,200,,Thread-Gruppe  1-2,text,true,,491,129,100,100,http://localhost:7000/randomRequest,804,0,0
1676157948946,515,HTTP Request,200,,Thread-Gruppe  1-15,text,true,,418,129,100,100,http://localhost:7000/randomRequest,515,0,0
1676157948374,1087,HTTP Request,200,,Thread-Gruppe  1-55,text,true,,541,129,100,100,http://localhost:7000/randomRequest,1087,0,0
1676157948374,1092,HTTP Request,200,,Thread-Gruppe  1-32,text,true,,633,129,100,100,http://localhost:7000/randomRequest,1092,0,0
1676157948644,832,HTTP Request,200,,Thread-Gruppe  1-79,text,true,,417,129,100,100,http://localhost:7000/randomRequest,832,0,0
1676157948789,713,HTTP Request,200,,Thread-Gruppe  1-78,text,true,,488,129,100,100,http://localhost:7000/randomRequest,713,0,1
1676157948890,612,HTTP Request,200,,Thread-Gruppe  1-22,text,true,,567,129,100,100,http://localhost:7000/randomRequest,612,0,0
1676157948374,1129,HTTP Request,200,,Thread-Gruppe  1-73,text,true,,481,129,100,100,http://localhost:7000/randomRequest,1129,0,0
1676157948684,819,HTTP Request,200,,Thread-Gruppe  1-96,text,true,,492,129,100,100,http://localhost:7000/randomRequest,819,0,1
1676157948582,921,HTTP Request,200,,Thread-Gruppe  1-91,text,true,,403,129,100,100,http://localhost:7000/randomRequest,921,0,1
1676157948991,515,HTTP Request,200,,Thread-Gruppe  1-71,text,true,,553,129,100,100,http://localhost:7000/randomRequest,515,0,0
1676157949094,412,HTTP Request,200,,Thread-Gruppe  1-89,text,true,,418,129,100,100,http://localhost:7000/randomRequest,412,0,0
1676157948689,839,HTTP Request,200,,Thread-Gruppe  1-81,text,true,,681,129,100,100,http://localhost:7000/randomRequest,839,0,0
1676157948210,1321,HTTP Request,200,,Thread-Gruppe  1-14,text,true,,633,129,100,100,http://localhost:7000/randomRequest,1321,0,1
1676157949003,531,HTTP Request,200,,Thread-Gruppe  1-24,text,true,,474,129,100,100,http://localhost:7000/randomRequest,531,0,0
1676157948911,644,HTTP Request,200,,Thread-Gruppe  1-8,text,true,,674,129,100,100,http://localhost:7000/randomRequest,644,0,0
1676157948732,823,HTTP Request,200,,Thread-Gruppe  1-69,text,true,,403,129,100,100,http://localhost:7000/randomRequest,823,0,0
1676157948749,816,HTTP Request,200,,Thread-Gruppe  1-68,text,true,,553,129,100,100,http://localhost:7000/randomRequest,816,0,0
1676157948789,781,HTTP Request,200,,Thread-Gruppe  1-51,text,true,,643,129,100,100,http://localhost:7000/randomRequest,781,0,1
1676157948760,828,HTTP Request,200,,Thread-Gruppe  1-33,text,true,,562,129,100,100,http://localhost:7000/randomRequest,828,0,1
1676157948865,723,HTTP Request,200,,Thread-Gruppe  1-98,text,true,,548,129,100,100,http://localhost:7000/randomRequest,723,0,1
1676157948789,817,HTTP Request,200,,Thread-Gruppe  1-97,text,true,,418,129,100,100,http://localhost:7000/randomRequest,817,0,1
1676157948694,921,HTTP Request,200,,Thread-Gruppe  1-44,text,true,,492,129,100,100,http://localhost:7000/randomRequest,921,0,0
1676157948802,821,HTTP Request,200,,Thread-Gruppe  1-94,text,true,,492,129,100,100,http://localhost:7000/randomRequest,821,0,0
1676157949033,621,HTTP Request,200,,Thread-Gruppe  1-39,text,true,,419,129,100,100,http://localhost:7000/randomRequest,621,0,0
1676157947553,2113,HTTP Request,200,,Thread-Gruppe  1-26,text,true,,536,129,100,100,http://localhost:7000/randomRequest,2113,0,0
1676157948946,720,HTTP Request,200,,Thread-Gruppe  1-72,text,true,,419,129,100,100,http://localhost:7000/randomRequest,720,0,0
1676157948658,1008,HTTP Request,200,,Thread-Gruppe  1-9,text,true,,537,129,100,100,http://localhost:7000/randomRequest,1008,0,0
1676157948732,940,HTTP Request,200,,Thread-Gruppe  1-95,text,true,,566,129,100,100,http://localhost:7000/randomRequest,940,0,0
1676157948856,817,HTTP Request,200,,Thread-Gruppe  1-27,text,true,,3354,129,100,100,http://localhost:7000/randomRequest,817,0,1
1676157948890,818,HTTP Request,200,,Thread-Gruppe  1-53,text,true,,486,129,100,100,http://localhost:7000/randomRequest,818,0,0
1676157949094,614,HTTP Request,200,,Thread-Gruppe  1-93,text,true,,556,129,100,100,http://localhost:7000/randomRequest,614,0,0
1676157949094,616,HTTP Request,200,,Thread-Gruppe  1-38,text,true,,492,129,100,100,http://localhost:7000/randomRequest,616,0,0
1676157948589,1130,HTTP Request,200,,Thread-Gruppe  1-80,text,true,,488,129,100,100,http://localhost:7000/randomRequest,1130,0,0
1676157948916,822,HTTP Request,200,,Thread-Gruppe  1-3,text,true,,492,129,100,100,http://localhost:7000/randomRequest,822,0,1
1676157948439,1301,HTTP Request,200,,Thread-Gruppe  1-29,text,true,,647,129,100,100,http://localhost:7000/randomRequest,1301,0,0
1676157948932,826,HTTP Request,200,,Thread-Gruppe  1-70,text,true,,485,129,100,100,http://localhost:7000/randomRequest,826,0,0
1676157949056,712,HTTP Request,200,,Thread-Gruppe  1-1,text,true,,492,129,100,100,http://localhost:7000/randomRequest,712,0,0
1676157949260,512,HTTP Request,200,,Thread-Gruppe  1-21,text,true,,417,129,100,100,http://localhost:7000/randomRequest,512,0,0
1676157949260,512,HTTP Request,200,,Thread-Gruppe  1-56,text,true,,417,129,100,100,http://localhost:7000/randomRequest,512,0,0
1676157948595,1185,HTTP Request,200,,Thread-Gruppe  1-84,text,true,,647,129,100,100,http://localhost:7000/randomRequest,1185,0,0
1676157949199,613,HTTP Request,200,,Thread-Gruppe  1-23,text,true,,540,129,100,100,http://localhost:7000/randomRequest,613,0,1
1676157949299,513,HTTP Request,200,,Thread-Gruppe  1-60,text,true,,418,129,100,100,http://localhost:7000/randomRequest,513,0,1
1676157948938,892,HTTP Request,200,,Thread-Gruppe  1-74,text,true,,647,129,100,100,http://localhost:7000/randomRequest,892,0,0
1676157949260,581,HTTP Request,200,,Thread-Gruppe  1-45,text,true,,495,129,100,100,http://localhost:7000/randomRequest,581,0,0
1676157948644,1212,HTTP Request,200,,Thread-Gruppe  1-85,text,true,,537,129,100,100,http://localhost:7000/randomRequest,1212,0,0
1676157949444,414,HTTP Request,200,,Thread-Gruppe  1-62,text,true,,492,129,100,100,http://localhost:7000/randomRequest,414,0,1
1676157949050,822,HTTP Request,200,,Thread-Gruppe  1-77,text,true,,492,129,100,100,http://localhost:7000/randomRequest,822,0,0
1676157949258,618,HTTP Request,200,,Thread-Gruppe  1-4,text,true,,548,129,100,100,http://localhost:7000/randomRequest,618,0,1
1676157949169,713,HTTP Request,200,,Thread-Gruppe  1-47,text,true,,403,129,100,100,http://localhost:7000/randomRequest,713,0,0
1676157947595,2328,HTTP Request,200,,Thread-Gruppe  1-67,text,true,,537,129,100,100,http://localhost:7000/randomRequest,2328,0,0
1676157949315,617,HTTP Request,200,,Thread-Gruppe  1-34,text,true,,490,129,100,100,http://localhost:7000/randomRequest,617,0,1
1676157949060,900,HTTP Request,200,,Thread-Gruppe  1-7,text,true,,481,129,100,100,http://localhost:7000/randomRequest,900,0,1
1676157949448,514,HTTP Request,200,,Thread-Gruppe  1-2,text,true,,419,129,100,100,http://localhost:7000/randomRequest,514,0,0
1676157948991,1028,HTTP Request,200,,Thread-Gruppe  1-46,text,true,,562,129,100,100,http://localhost:7000/randomRequest,1028,0,0
1676157949503,516,HTTP Request,200,,Thread-Gruppe  1-73,text,true,,551,129,100,100,http://localhost:7000/randomRequest,516,0,1
1676157949300,723,HTTP Request,200,,Thread-Gruppe  1-59,text,true,,419,129,100,100,http://localhost:7000/randomRequest,723,0,0
1676157949710,330,HTTP Request,200,,Thread-Gruppe  1-38,text,true,,550,129,100,100,http://localhost:7000/randomRequest,330,0,0
1676157949555,511,HTTP Request,200,,Thread-Gruppe  1-69,text,true,,566,129,100,100,http://localhost:7000/randomRequest,511,0,1
1676157949555,511,HTTP Request,200,,Thread-Gruppe  1-8,text,true,,418,129,100,100,http://localhost:7000/randomRequest,511,0,1
1676157949461,619,HTTP Request,200,,Thread-Gruppe  1-55,text,true,,419,129,100,100,http://localhost:7000/randomRequest,619,0,1
1676157949257,823,HTTP Request,200,,Thread-Gruppe  1-48,text,true,,563,129,100,100,http://localhost:7000/randomRequest,823,0,0
1676157949361,719,HTTP Request,200,,Thread-Gruppe  1-92,text,true,,490,129,100,100,http://localhost:7000/randomRequest,719,0,1
1676157949144,943,HTTP Request,200,,Thread-Gruppe  1-50,text,true,,669,129,100,100,http://localhost:7000/randomRequest,943,0,0
1676157949199,907,HTTP Request,200,,Thread-Gruppe  1-66,text,true,,643,129,100,100,http://localhost:7000/randomRequest,907,0,1
1676157949402,722,HTTP Request,200,,Thread-Gruppe  1-40,text,true,,556,129,100,100,http://localhost:7000/randomRequest,722,0,1
1676157949299,825,HTTP Request,200,,Thread-Gruppe  1-36,text,true,,492,129,100,100,http://localhost:7000/randomRequest,825,0,1
1676157949199,925,HTTP Request,200,,Thread-Gruppe  1-64,text,true,,489,129,100,100,http://localhost:7000/randomRequest,925,0,1
1676157949094,1043,HTTP Request,200,,Thread-Gruppe  1-13,text,true,,684,129,100,100,http://localhost:7000/randomRequest,1043,0,0
1676157948684,1458,HTTP Request,200,,Thread-Gruppe  1-49,text,true,,680,129,100,100,http://localhost:7000/randomRequest,1458,0,1
1676157949050,1092,HTTP Request,200,,Thread-Gruppe  1-57,text,true,,541,129,100,100,http://localhost:7000/randomRequest,1092,0,0
1676157949223,919,HTTP Request,200,,Thread-Gruppe  1-86,text,true,,569,129,100,100,http://localhost:7000/randomRequest,919,0,0
1676157949570,613,HTTP Request,200,,Thread-Gruppe  1-51,text,true,,564,129,100,100,http://localhost:7000/randomRequest,613,0,0
1676157949050,1133,HTTP Request,200,,Thread-Gruppe  1-31,text,true,,553,129,100,100,http://localhost:7000/randomRequest,1133,0,0
1676157949466,717,HTTP Request,200,,Thread-Gruppe  1-32,text,true,,553,129,100,100,http://localhost:7000/randomRequest,717,0,1
1676157948953,1230,HTTP Request,200,,Thread-Gruppe  1-43,text,true,,490,129,100,100,http://localhost:7000/randomRequest,1230,0,0
1676157948494,1698,HTTP Request,200,,Thread-Gruppe  1-100,text,true,,541,129,100,100,http://localhost:7000/randomRequest,1698,0,1
1676157949373,819,HTTP Request,200,,Thread-Gruppe  1-76,text,true,,492,129,100,100,http://localhost:7000/randomRequest,819,0,0
1676157949780,412,HTTP Request,200,,Thread-Gruppe  1-84,text,true,,549,129,100,100,http://localhost:7000/randomRequest,412,0,0
1676157949476,727,HTTP Request,200,,Thread-Gruppe  1-79,text,true,,490,129,100,100,http://localhost:7000/randomRequest,727,0,0
1676157949769,434,HTTP Request,200,,Thread-Gruppe  1-1,text,true,,417,129,100,100,http://localhost:7000/randomRequest,434,0,0
1676157949300,924,HTTP Request,200,,Thread-Gruppe  1-58,text,true,,538,129,100,100,http://localhost:7000/randomRequest,924,0,0
1676157948890,1334,HTTP Request,200,,Thread-Gruppe  1-10,text,true,,492,129,100,100,http://localhost:7000/randomRequest,1334,0,0
1676157948789,1435,HTTP Request,200,,Thread-Gruppe  1-88,text,true,,381,129,100,100,http://localhost:7000/randomRequest,1435,0,1
1676157949502,722,HTTP Request,200,,Thread-Gruppe  1-22,text,true,,481,129,100,100,http://localhost:7000/randomRequest,722,0,1
1676157949310,930,HTTP Request,200,,Thread-Gruppe  1-65,text,true,,492,129,100,100,http://localhost:7000/randomRequest,930,0,1
1676157949654,616,HTTP Request,200,,Thread-Gruppe  1-39,text,true,,487,129,100,100,http://localhost:7000/randomRequest,616,0,0
1676157949503,825,HTTP Request,200,,Thread-Gruppe  1-96,text,true,,419,129,100,100,http://localhost:7000/randomRequest,825,0,1
1676157949615,713,HTTP Request,200,,Thread-Gruppe  1-44,text,true,,485,129,100,100,http://localhost:7000/randomRequest,713,0,0
1676157949503,825,HTTP Request,200,,Thread-Gruppe  1-91,text,true,,492,129,100,100,http://localhost:7000/randomRequest,825,0,1
1676157949315,1025,HTTP Request,200,,Thread-Gruppe  1-5,text,true,,490,129,100,100,http://localhost:7000/randomRequest,1025,0,1
1676157949402,946,HTTP Request,200,,Thread-Gruppe  1-90,text,true,,417,129,100,100,http://localhost:7000/randomRequest,946,0,1
1676157949740,617,HTTP Request,200,,Thread-Gruppe  1-29,text,true,,492,129,100,100,http://localhost:7000/randomRequest,617,0,0
1676157949345,1025,HTTP Request,200,,Thread-Gruppe  1-82,text,true,,481,129,100,100,http://localhost:7000/randomRequest,1025,0,0
1676157949758,612,HTTP Request,200,,Thread-Gruppe  1-70,text,true,,547,129,100,100,http://localhost:7000/randomRequest,612,0,1
1676157949830,540,HTTP Request,200,,Thread-Gruppe  1-74,text,true,,417,129,100,100,http://localhost:7000/randomRequest,540,0,0
1676157949565,825,HTTP Request,200,,Thread-Gruppe  1-68,text,true,,481,129,100,100,http://localhost:7000/randomRequest,825,0,1
1676157949772,618,HTTP Request,200,,Thread-Gruppe  1-56,text,true,,419,129,100,100,http://localhost:7000/randomRequest,618,0,0
1676157949461,929,HTTP Request,200,,Thread-Gruppe  1-15,text,true,,402,129,100,100,http://localhost:7000/randomRequest,929,0,1
1676157949672,718,HTTP Request,200,,Thread-Gruppe  1-95,text,true,,418,129,100,100,http://localhost:7000/randomRequest,718,0,1
1676157949872,518,HTTP Request,200,,Thread-Gruppe  1-77,text,true,,541,129,100,100,http://localhost:7000/randomRequest,518,0,1
1676157949094,1306,HTTP Request,200,,Thread-Gruppe  1-41,text,true,,633,129,100,100,http://localhost:7000/randomRequest,1306,0,0
1676157949708,708,HTTP Request,200,,Thread-Gruppe  1-93,text,true,,541,129,100,100,http://localhost:7000/randomRequest,708,0,0
1676157949588,840,HTTP Request,200,,Thread-Gruppe  1-98,text,true,,563,129,100,100,http://localhost:7000/randomRequest,840,0,0
1676157949708,720,HTTP Request,200,,Thread-Gruppe  1-53,text,true,,419,129,100,100,http://localhost:7000/randomRequest,720,0,0
1676157949812,616,HTTP Request,200,,Thread-Gruppe  1-60,text,true,,419,129,100,100,http://localhost:7000/randomRequest,616,0,0
1676157949534,894,HTTP Request,200,,Thread-Gruppe  1-24,text,true,,633,129,100,100,http://localhost:7000/randomRequest,894,0,0
1676157949666,784,HTTP Request,200,,Thread-Gruppe  1-9,text,true,,537,129,100,100,http://localhost:7000/randomRequest,784,0,1
1676157949528,925,HTTP Request,200,,Thread-Gruppe  1-81,text,true,,418,129,100,100,http://localhost:7000/randomRequest,925,0,1
1676157949841,617,HTTP Request,200,,Thread-Gruppe  1-45,text,true,,565,129,100,100,http://localhost:7000/randomRequest,617,0,1
1676157949340,1134,HTTP Request,200,,Thread-Gruppe  1-12,text,true,,492,129,100,100,http://localhost:7000/randomRequest,1134,0,0
1676157949856,619,HTTP Request,200,,Thread-Gruppe  1-85,text,true,,419,129,100,100,http://localhost:7000/randomRequest,619,0,0
1676157949962,513,HTTP Request,200,,Thread-Gruppe  1-2,text,true,,492,129,100,100,http://localhost:7000/randomRequest,513,0,0
1676157949960,515,HTTP Request,200,,Thread-Gruppe  1-7,text,true,,419,129,100,100,http://localhost:7000/randomRequest,515,0,0
1676157949812,682,HTTP Request,200,,Thread-Gruppe  1-23,text,true,,643,129,100,100,http://localhost:7000/randomRequest,682,0,0
1676157948994,1535,HTTP Request,200,,Thread-Gruppe  1-37,text,true,,481,129,100,100,http://localhost:7000/randomRequest,1535,0,1
1676157949719,823,HTTP Request,200,,Thread-Gruppe  1-80,text,true,,492,129,100,100,http://localhost:7000/randomRequest,823,0,0
1676157949588,981,HTTP Request,200,,Thread-Gruppe  1-33,text,true,,537,129,100,100,http://localhost:7000/randomRequest,981,0,0
1676157949859,719,HTTP Request,200,,Thread-Gruppe  1-62,text,true,,419,129,100,100,http://localhost:7000/randomRequest,719,0,0
1676157950192,416,HTTP Request,200,,Thread-Gruppe  1-84,text,true,,562,129,100,100,http://localhost:7000/randomRequest,416,0,0
1676157949506,1102,HTTP Request,200,,Thread-Gruppe  1-89,text,true,,479,129,100,100,http://localhost:7000/randomRequest,1102,0,0
1676157950080,528,HTTP Request,200,,Thread-Gruppe  1-92,text,true,,418,129,100,100,http://localhost:7000/randomRequest,528,0,0
1676157949882,726,HTTP Request,200,,Thread-Gruppe  1-47,text,true,,403,129,100,100,http://localhost:7000/randomRequest,726,0,0
1676157949502,1131,HTTP Request,200,,Thread-Gruppe  1-78,text,true,,539,129,100,100,http://localhost:7000/randomRequest,1131,0,1
1676157950124,516,HTTP Request,200,,Thread-Gruppe  1-36,text,true,,419,129,100,100,http://localhost:7000/randomRequest,516,0,0
1676157950023,623,HTTP Request,200,,Thread-Gruppe  1-59,text,true,,492,129,100,100,http://localhost:7000/randomRequest,623,0,0
1676157950066,616,HTTP Request,200,,Thread-Gruppe  1-69,text,true,,562,129,100,100,http://localhost:7000/randomRequest,616,0,1
1676157950080,619,HTTP Request,200,,Thread-Gruppe  1-55,text,true,,419,129,100,100,http://localhost:7000/randomRequest,619,0,0
1676157949673,1026,HTTP Request,200,,Thread-Gruppe  1-27,text,true,,564,129,100,100,http://localhost:7000/randomRequest,1026,0,1
1676157949402,1336,HTTP Request,200,,Thread-Gruppe  1-87,text,true,,492,129,100,100,http://localhost:7000/randomRequest,1336,0,1
1676157950124,619,HTTP Request,200,,Thread-Gruppe  1-64,text,true,,481,129,100,100,http://localhost:7000/randomRequest,619,0,0
1676157950138,612,HTTP Request,200,,Thread-Gruppe  1-13,text,true,,419,129,100,100,http://localhost:7000/randomRequest,612,0,0
1676157949623,1127,HTTP Request,200,,Thread-Gruppe  1-94,text,true,,403,129,100,100,http://localhost:7000/randomRequest,1127,0,0
1676157949923,827,HTTP Request,200,,Thread-Gruppe  1-67,text,true,,490,129,100,100,http://localhost:7000/randomRequest,827,0,0
1676157950142,620,HTTP Request,200,,Thread-Gruppe  1-86,text,true,,561,129,100,100,http://localhost:7000/randomRequest,620,0,1
1676157950142,620,HTTP Request,200,,Thread-Gruppe  1-57,text,true,,558,129,100,100,http://localhost:7000/randomRequest,620,0,1
1676157950066,717,HTTP Request,200,,Thread-Gruppe  1-8,text,true,,490,129,100,100,http://localhost:7000/randomRequest,717,0,1
1676157950370,413,HTTP Request,200,,Thread-Gruppe  1-82,text,true,,562,129,100,100,http://localhost:7000/randomRequest,413,0,0
1676157950183,617,HTTP Request,200,,Thread-Gruppe  1-32,text,true,,492,129,100,100,http://localhost:7000/randomRequest,617,0,1
1676157950270,537,HTTP Request,200,,Thread-Gruppe  1-39,text,true,,417,129,100,100,http://localhost:7000/randomRequest,537,0,1
1676157950390,417,HTTP Request,200,,Thread-Gruppe  1-68,text,true,,554,129,100,100,http://localhost:7000/randomRequest,417,0,1
1676157950203,615,HTTP Request,200,,Thread-Gruppe  1-79,text,true,,492,129,100,100,http://localhost:7000/randomRequest,615,0,0
1676157950080,745,HTTP Request,200,,Thread-Gruppe  1-48,text,true,,580,129,100,100,http://localhost:7000/randomRequest,745,0,0
1676157949606,1235,HTTP Request,200,,Thread-Gruppe  1-97,text,true,,486,129,100,100,http://localhost:7000/randomRequest,1235,0,0
1676157949506,1335,HTTP Request,200,,Thread-Gruppe  1-71,text,true,,481,129,100,100,http://localhost:7000/randomRequest,1335,0,0
1676157950019,827,HTTP Request,200,,Thread-Gruppe  1-73,text,true,,548,129,100,100,http://localhost:7000/randomRequest,827,0,0
1676157950142,724,HTTP Request,200,,Thread-Gruppe  1-49,text,true,,573,129,100,100,http://localhost:7000/randomRequest,724,0,1
1676157950240,626,HTTP Request,200,,Thread-Gruppe  1-65,text,true,,419,129,100,100,http://localhost:7000/randomRequest,626,0,0
1676157949932,942,HTTP Request,200,,Thread-Gruppe  1-34,text,true,,557,129,100,100,http://localhost:7000/randomRequest,942,0,0
1676157950088,799,HTTP Request,200,,Thread-Gruppe  1-50,text,true,,495,129,100,100,http://localhost:7000/randomRequest,799,0,0
1676157950192,721,HTTP Request,200,,Thread-Gruppe  1-100,text,true,,492,129,100,100,http://localhost:7000/randomRequest,721,0,0
1676157950203,716,HTTP Request,200,,Thread-Gruppe  1-1,text,true,,488,129,100,100,http://localhost:7000/randomRequest,716,0,0
1676157950340,614,HTTP Request,200,,Thread-Gruppe  1-5,text,true,,492,129,100,100,http://localhost:7000/randomRequest,614,0,1
1676157950019,950,HTTP Request,200,,Thread-Gruppe  1-46,text,true,,692,129,100,100,http://localhost:7000/randomRequest,950,0,0
1676157950040,929,HTTP Request,200,,Thread-Gruppe  1-38,text,true,,488,129,100,100,http://localhost:7000/randomRequest,929,0,0
1676157950569,405,HTTP Request,200,,Thread-Gruppe  1-33,text,true,,415,129,100,100,http://localhost:7000/randomRequest,405,0,0
1676157950370,621,HTTP Request,200,,Thread-Gruppe  1-70,text,true,,486,129,100,100,http://localhost:7000/randomRequest,621,0,1
1676157950475,516,HTTP Request,200,,Thread-Gruppe  1-85,text,true,,419,129,100,100,http://localhost:7000/randomRequest,516,0,0
1676157949666,1325,HTTP Request,200,,Thread-Gruppe  1-72,text,true,,537,129,100,100,http://localhost:7000/randomRequest,1325,0,1
1676157950183,808,HTTP Request,200,,Thread-Gruppe  1-31,text,true,,527,129,100,100,http://localhost:7000/randomRequest,808,0,1
1676157950390,618,HTTP Request,200,,Thread-Gruppe  1-15,text,true,,419,129,100,100,http://localhost:7000/randomRequest,618,0,1
1676157950390,618,HTTP Request,200,,Thread-Gruppe  1-77,text,true,,492,129,100,100,http://localhost:7000/randomRequest,618,0,1
1676157950608,412,HTTP Request,200,,Thread-Gruppe  1-92,text,true,,554,129,100,100,http://localhost:7000/randomRequest,412,0,0
1676157949772,1260,HTTP Request,200,,Thread-Gruppe  1-21,text,true,,685,129,100,100,http://localhost:7000/randomRequest,1260,0,0
1676157950107,925,HTTP Request,200,,Thread-Gruppe  1-66,text,true,,492,129,100,100,http://localhost:7000/randomRequest,925,0,0
1676157950224,823,HTTP Request,200,,Thread-Gruppe  1-88,text,true,,553,129,100,100,http://localhost:7000/randomRequest,823,0,0
1676157950428,619,HTTP Request,200,,Thread-Gruppe  1-98,text,true,,479,129,100,100,http://localhost:7000/randomRequest,619,0,1
1676157950224,823,HTTP Request,200,,Thread-Gruppe  1-10,text,true,,419,129,100,100,http://localhost:7000/randomRequest,823,0,0
1676157950124,929,HTTP Request,200,,Thread-Gruppe  1-40,text,true,,403,129,100,100,http://localhost:7000/randomRequest,929,0,0
1676157950183,888,HTTP Request,200,,Thread-Gruppe  1-51,text,true,,539,129,100,100,http://localhost:7000/randomRequest,888,0,1
1676157950370,724,HTTP Request,200,,Thread-Gruppe  1-74,text,true,,419,129,100,100,http://localhost:7000/randomRequest,724,0,1
1676157950192,927,HTTP Request,200,,Thread-Gruppe  1-76,text,true,,492,129,100,100,http://localhost:7000/randomRequest,927,0,0
1676157950400,719,HTTP Request,200,,Thread-Gruppe  1-41,text,true,,492,129,100,100,http://localhost:7000/randomRequest,719,0,0
1676157950608,515,HTTP Request,200,,Thread-Gruppe  1-47,text,true,,551,129,100,100,http://localhost:7000/randomRequest,515,0,0
1676157950428,722,HTTP Request,200,,Thread-Gruppe  1-53,text,true,,565,129,100,100,http://localhost:7000/randomRequest,722,0,1
1676157950633,517,HTTP Request,200,,Thread-Gruppe  1-78,text,true,,488,129,100,100,http://localhost:7000/randomRequest,517,0,1
1676157950529,621,HTTP Request,200,,Thread-Gruppe  1-37,text,true,,485,129,100,100,http://localhost:7000/randomRequest,621,0,1
1676157950750,406,HTTP Request,200,,Thread-Gruppe  1-94,text,true,,419,129,100,100,http://localhost:7000/randomRequest,406,0,0
1676157950328,842,HTTP Request,200,,Thread-Gruppe  1-96,text,true,,414,129,100,100,http://localhost:7000/randomRequest,842,0,0
1676157950450,720,HTTP Request,200,,Thread-Gruppe  1-9,text,true,,419,129,100,100,http://localhost:7000/randomRequest,720,0,0
1676157950762,408,HTTP Request,200,,Thread-Gruppe  1-86,text,true,,419,129,100,100,http://localhost:7000/randomRequest,408,0,0
1676157950348,822,HTTP Request,200,,Thread-Gruppe  1-90,text,true,,417,129,100,100,http://localhost:7000/randomRequest,822,0,1
1676157950453,717,HTTP Request,200,,Thread-Gruppe  1-81,text,true,,419,129,100,100,http://localhost:7000/randomRequest,717,0,0
1676157949531,1648,HTTP Request,200,,Thread-Gruppe  1-14,text,true,,539,129,100,100,http://localhost:7000/randomRequest,1648,0,0
1676157950475,719,HTTP Request,200,,Thread-Gruppe  1-7,text,true,,419,129,100,100,http://localhost:7000/randomRequest,719,0,0
1676157950474,720,HTTP Request,200,,Thread-Gruppe  1-12,text,true,,485,129,100,100,http://localhost:7000/randomRequest,720,0,0
1676157950579,619,HTTP Request,200,,Thread-Gruppe  1-62,text,true,,559,129,100,100,http://localhost:7000/randomRequest,619,0,0
1676157950390,823,HTTP Request,200,,Thread-Gruppe  1-56,text,true,,485,129,100,100,http://localhost:7000/randomRequest,823,0,1
1676157950608,617,HTTP Request,200,,Thread-Gruppe  1-89,text,true,,488,129,100,100,http://localhost:7000/randomRequest,617,0,0
1676157950646,612,HTTP Request,200,,Thread-Gruppe  1-59,text,true,,492,129,100,100,http://localhost:7000/randomRequest,612,0,1
1676157950846,412,HTTP Request,200,,Thread-Gruppe  1-73,text,true,,570,129,100,100,http://localhost:7000/randomRequest,412,0,0
1676157950762,512,HTTP Request,200,,Thread-Gruppe  1-57,text,true,,553,129,100,100,http://localhost:7000/randomRequest,512,0,0
1676157950783,517,HTTP Request,200,,Thread-Gruppe  1-82,text,true,,418,129,100,100,http://localhost:7000/randomRequest,517,0,0
1676157950807,517,HTTP Request,200,,Thread-Gruppe  1-68,text,true,,418,129,100,100,http://localhost:7000/randomRequest,517,0,1
1676157950542,820,HTTP Request,200,,Thread-Gruppe  1-80,text,true,,418,129,100,100,http://localhost:7000/randomRequest,820,0,0
1676157950750,641,HTTP Request,200,,Thread-Gruppe  1-67,text,true,,665,129,100,100,http://localhost:7000/randomRequest,641,0,0
1676157950494,926,HTTP Request,200,,Thread-Gruppe  1-23,text,true,,419,129,100,100,http://localhost:7000/randomRequest,926,0,0
1676157949666,1754,HTTP Request,200,,Thread-Gruppe  1-26,text,true,,492,129,100,100,http://localhost:7000/randomRequest,1754,0,1
1676157950699,721,HTTP Request,200,,Thread-Gruppe  1-55,text,true,,492,129,100,100,http://localhost:7000/randomRequest,721,0,0
1676157950328,1104,HTTP Request,200,,Thread-Gruppe  1-91,text,true,,541,129,100,100,http://localhost:7000/randomRequest,1104,0,0
1676157950825,616,HTTP Request,200,,Thread-Gruppe  1-48,text,true,,419,129,100,100,http://localhost:7000/randomRequest,616,0,0
1676157950224,1239,HTTP Request,200,,Thread-Gruppe  1-58,text,true,,485,129,100,100,http://localhost:7000/randomRequest,1239,0,0
1676157950743,723,HTTP Request,200,,Thread-Gruppe  1-64,text,true,,484,129,100,100,http://localhost:7000/randomRequest,723,0,0
1676157950867,609,HTTP Request,200,,Thread-Gruppe  1-65,text,true,,418,129,100,100,http://localhost:7000/randomRequest,609,0,0
1676157949876,1600,HTTP Request,200,,Thread-Gruppe  1-4,text,true,,526,129,100,100,http://localhost:7000/randomRequest,1600,0,1
1676157950458,1018,HTTP Request,200,,Thread-Gruppe  1-45,text,true,,479,129,100,100,http://localhost:7000/randomRequest,1018,0,0
1676157950969,513,HTTP Request,200,,Thread-Gruppe  1-38,text,true,,554,129,100,100,http://localhost:7000/randomRequest,513,0,0
1676157950874,620,HTTP Request,200,,Thread-Gruppe  1-34,text,true,,403,129,100,100,http://localhost:7000/randomRequest,620,0,0
1676157950975,519,HTTP Request,200,,Thread-Gruppe  1-33,text,true,,403,129,100,100,http://localhost:7000/randomRequest,519,0,0
1676157950991,517,HTTP Request,200,,Thread-Gruppe  1-72,text,true,,419,129,100,100,http://localhost:7000/randomRequest,517,0,0
1676157950183,1342,HTTP Request,200,,Thread-Gruppe  1-43,text,true,,492,129,100,100,http://localhost:7000/randomRequest,1342,0,1
1676157951008,517,HTTP Request,200,,Thread-Gruppe  1-15,text,true,,418,129,100,100,http://localhost:7000/randomRequest,517,0,0
1676157950800,725,HTTP Request,200,,Thread-Gruppe  1-32,text,true,,554,129,100,100,http://localhost:7000/randomRequest,725,0,0
1676157951020,514,HTTP Request,200,,Thread-Gruppe  1-92,text,true,,418,129,100,100,http://localhost:7000/randomRequest,514,0,1
1676157950819,722,HTTP Request,200,,Thread-Gruppe  1-79,text,true,,492,129,100,100,http://localhost:7000/randomRequest,722,0,0
1676157950416,1125,HTTP Request,200,,Thread-Gruppe  1-93,text,true,,492,129,100,100,http://localhost:7000/randomRequest,1125,0,1
1676157950328,1239,HTTP Request,200,,Thread-Gruppe  1-44,text,true,,492,129,100,100,http://localhost:7000/randomRequest,1239,0,0
1676157950841,726,HTTP Request,200,,Thread-Gruppe  1-97,text,true,,4571,129,100,100,http://localhost:7000/randomRequest,726,0,0
1676157950954,613,HTTP Request,200,,Thread-Gruppe  1-5,text,true,,492,129,100,100,http://localhost:7000/randomRequest,613,0,0
1676157950969,618,HTTP Request,200,,Thread-Gruppe  1-46,text,true,,485,129,100,100,http://localhost:7000/randomRequest,618,0,0
1676157950991,633,HTTP Request,200,,Thread-Gruppe  1-85,text,true,,485,129,100,100,http://localhost:7000/randomRequest,633,0,0
1676157950807,825,HTTP Request,200,,Thread-Gruppe  1-39,text,true,,492,129,100,100,http://localhost:7000/randomRequest,825,0,1
1676157951124,513,HTTP Request,200,,Thread-Gruppe  1-47,text,true,,419,129,100,100,http://localhost:7000/randomRequest,513,0,0
1676157950699,944,HTTP Request,200,,Thread-Gruppe  1-27,text,true,,577,129,100,100,http://localhost:7000/randomRequest,944,0,0
1676157951032,626,HTTP Request,200,,Thread-Gruppe  1-66,text,true,,544,129,100,100,http://localhost:7000/randomRequest,626,0,0
1676157950429,1239,HTTP Request,200,,Thread-Gruppe  1-24,text,true,,555,129,100,100,http://localhost:7000/randomRequest,1239,0,0
1676157950357,1323,HTTP Request,200,,Thread-Gruppe  1-29,text,true,,489,129,100,100,http://localhost:7000/randomRequest,1323,0,0
1676157950475,1233,HTTP Request,200,,Thread-Gruppe  1-2,text,true,,419,129,100,100,http://localhost:7000/randomRequest,1233,0,0
1676157950991,727,HTTP Request,200,,Thread-Gruppe  1-70,text,true,,490,129,100,100,http://localhost:7000/randomRequest,727,0,0
1676157950738,1031,HTTP Request,200,,Thread-Gruppe  1-87,text,true,,481,129,100,100,http://localhost:7000/randomRequest,1031,0,0
1676157950750,1019,HTTP Request,200,,Thread-Gruppe  1-13,text,true,,419,129,100,100,http://localhost:7000/randomRequest,1019,0,0
1676157951150,619,HTTP Request,200,,Thread-Gruppe  1-53,text,true,,481,129,100,100,http://localhost:7000/randomRequest,619,0,1
1676157950783,986,HTTP Request,200,,Thread-Gruppe  1-8,text,true,,537,129,100,100,http://localhost:7000/randomRequest,986,0,0
1676157921605,30167,HTTP Request,500,,Thread-Gruppe  1-25,text,false,,258,129,100,100,http://localhost:7000/randomRequest,30167,0,0
1676157951170,611,HTTP Request,200,,Thread-Gruppe  1-96,text,true,,492,129,100,100,http://localhost:7000/randomRequest,611,0,0
1676157951199,619,HTTP Request,200,,Thread-Gruppe  1-62,text,true,,485,129,100,100,http://localhost:7000/randomRequest,619,0,0
1676157951119,727,HTTP Request,200,,Thread-Gruppe  1-76,text,true,,419,129,100,100,http://localhost:7000/randomRequest,727,0,1
1676157950224,1643,HTTP Request,200,,Thread-Gruppe  1-22,text,true,,525,129,100,100,http://localhost:7000/randomRequest,1643,0,0
1676157951150,721,HTTP Request,200,,Thread-Gruppe  1-78,text,true,,485,129,100,100,http://localhost:7000/randomRequest,721,0,0
1676157950841,1030,HTTP Request,200,,Thread-Gruppe  1-71,text,true,,485,129,100,100,http://localhost:7000/randomRequest,1030,0,0
1676157951258,613,HTTP Request,200,,Thread-Gruppe  1-59,text,true,,492,129,100,100,http://localhost:7000/randomRequest,613,0,0
1676157951150,721,HTTP Request,200,,Thread-Gruppe  1-37,text,true,,552,129,100,100,http://localhost:7000/randomRequest,721,0,1
1676157951179,717,HTTP Request,200,,Thread-Gruppe  1-14,text,true,,419,129,100,100,http://localhost:7000/randomRequest,717,0,1
1676157950682,1226,HTTP Request,200,,Thread-Gruppe  1-69,text,true,,485,129,100,100,http://localhost:7000/randomRequest,1226,0,0
1676157950991,928,HTTP Request,200,,Thread-Gruppe  1-31,text,true,,418,129,100,100,http://localhost:7000/randomRequest,928,0,0
1676157951194,741,HTTP Request,200,,Thread-Gruppe  1-12,text,true,,593,129,100,100,http://localhost:7000/randomRequest,741,0,0
1676157951008,927,HTTP Request,200,,Thread-Gruppe  1-77,text,true,,416,129,100,100,http://localhost:7000/randomRequest,927,0,0
1676157951225,722,HTTP Request,200,,Thread-Gruppe  1-89,text,true,,492,129,100,100,http://localhost:7000/randomRequest,722,0,1
1676157951258,717,HTTP Request,200,,Thread-Gruppe  1-73,text,true,,492,129,100,100,http://localhost:7000/randomRequest,717,0,0
1676157951156,822,HTTP Request,200,,Thread-Gruppe  1-94,text,true,,417,129,100,100,http://localhost:7000/randomRequest,822,0,0
1676157951170,812,HTTP Request,200,,Thread-Gruppe  1-90,text,true,,485,129,100,100,http://localhost:7000/randomRequest,812,0,0
1676157950867,1115,HTTP Request,200,,Thread-Gruppe  1-49,text,true,,564,129,100,100,http://localhost:7000/randomRequest,1115,0,0
1676157951170,812,HTTP Request,200,,Thread-Gruppe  1-9,text,true,,419,129,100,100,http://localhost:7000/randomRequest,812,0,0
1676157950919,1104,HTTP Request,200,,Thread-Gruppe  1-1,text,true,,541,129,100,100,http://localhost:7000/randomRequest,1104,0,0
1676157951624,414,HTTP Request,200,,Thread-Gruppe  1-85,text,true,,550,129,100,100,http://localhost:7000/randomRequest,414,0,1
1676157951525,516,HTTP Request,200,,Thread-Gruppe  1-43,text,true,,419,129,100,100,http://localhost:7000/randomRequest,516,0,0
1676157950913,1128,HTTP Request,200,,Thread-Gruppe  1-100,text,true,,492,129,100,100,http://localhost:7000/randomRequest,1128,0,0
1676157950608,1442,HTTP Request,200,,Thread-Gruppe  1-84,text,true,,481,129,100,100,http://localhost:7000/randomRequest,1442,0,0
1676157951047,1019,HTTP Request,200,,Thread-Gruppe  1-88,text,true,,479,129,100,100,http://localhost:7000/randomRequest,1019,0,0
1676157951032,1039,HTTP Request,200,,Thread-Gruppe  1-21,text,true,,485,129,100,100,http://localhost:7000/randomRequest,1039,0,0
1676157951463,616,HTTP Request,200,,Thread-Gruppe  1-58,text,true,,555,129,100,100,http://localhost:7000/randomRequest,616,0,0
1676157951047,1032,HTTP Request,200,,Thread-Gruppe  1-10,text,true,,418,129,100,100,http://localhost:7000/randomRequest,1032,0,0
1676157951053,1026,HTTP Request,200,,Thread-Gruppe  1-40,text,true,,566,129,100,100,http://localhost:7000/randomRequest,1026,0,0
1676157922057,30024,HTTP Request,500,,Thread-Gruppe  1-83,text,false,,258,129,100,100,http://localhost:7000/randomRequest,30024,0,0
1676157951467,615,HTTP Request,200,,Thread-Gruppe  1-64,text,true,,419,129,100,100,http://localhost:7000/randomRequest,615,0,0
1676157951476,615,HTTP Request,200,,Thread-Gruppe  1-4,text,true,,555,129,100,100,http://localhost:7000/randomRequest,615,0,0
1676157951170,923,HTTP Request,200,,Thread-Gruppe  1-86,text,true,,401,129,100,100,http://localhost:7000/randomRequest,923,0,0
1676157950888,1237,HTTP Request,200,,Thread-Gruppe  1-50,text,true,,485,129,100,100,http://localhost:7000/randomRequest,1237,0,0
1676157951300,825,HTTP Request,200,,Thread-Gruppe  1-82,text,true,,555,129,100,100,http://localhost:7000/randomRequest,825,0,0
1676157951194,931,HTTP Request,200,,Thread-Gruppe  1-7,text,true,,488,129,100,100,http://localhost:7000/randomRequest,931,0,0
1676157951420,721,HTTP Request,200,,Thread-Gruppe  1-26,text,true,,547,129,100,100,http://localhost:7000/randomRequest,721,0,0
1676157951534,619,HTTP Request,200,,Thread-Gruppe  1-92,text,true,,402,129,100,100,http://localhost:7000/randomRequest,619,0,0
1676157951119,1039,HTTP Request,200,,Thread-Gruppe  1-41,text,true,,492,129,100,100,http://localhost:7000/randomRequest,1039,0,1
1676157951432,726,HTTP Request,200,,Thread-Gruppe  1-91,text,true,,419,129,100,100,http://localhost:7000/randomRequest,726,0,0
1676157951541,621,HTTP Request,200,,Thread-Gruppe  1-79,text,true,,492,129,100,100,http://localhost:7000/randomRequest,621,0,0
1676157951047,1135,HTTP Request,200,,Thread-Gruppe  1-98,text,true,,633,129,100,100,http://localhost:7000/randomRequest,1135,0,0
1676157951274,923,HTTP Request,200,,Thread-Gruppe  1-57,text,true,,419,129,100,100,http://localhost:7000/randomRequest,923,0,1
1676157951071,1135,HTTP Request,200,,Thread-Gruppe  1-51,text,true,,492,129,100,100,http://localhost:7000/randomRequest,1135,0,1
1676157951588,618,HTTP Request,200,,Thread-Gruppe  1-46,text,true,,553,129,100,100,http://localhost:7000/randomRequest,618,0,0
1676157950640,1620,HTTP Request,200,,Thread-Gruppe  1-36,text,true,,541,129,100,100,http://localhost:7000/randomRequest,1620,0,1
1676157951441,829,HTTP Request,200,,Thread-Gruppe  1-48,text,true,,564,129,100,100,http://localhost:7000/randomRequest,829,0,0
1676157951871,415,HTTP Request,200,,Thread-Gruppe  1-37,text,true,,485,129,100,100,http://localhost:7000/randomRequest,415,0,0
1676157951362,930,HTTP Request,200,,Thread-Gruppe  1-80,text,true,,494,129,100,100,http://localhost:7000/randomRequest,930,0,0
1676157951482,826,HTTP Request,200,,Thread-Gruppe  1-38,text,true,,492,129,100,100,http://localhost:7000/randomRequest,826,0,1
1676157951094,1214,HTTP Request,200,,Thread-Gruppe  1-74,text,true,,527,129,100,100,http://localhost:7000/randomRequest,1214,0,0
1676157951494,824,HTTP Request,200,,Thread-Gruppe  1-34,text,true,,553,129,100,100,http://localhost:7000/randomRequest,824,0,1
1676157951494,824,HTTP Request,200,,Thread-Gruppe  1-33,text,true,,485,129,100,100,http://localhost:7000/randomRequest,824,0,1
1676157951909,412,HTTP Request,200,,Thread-Gruppe  1-69,text,true,,561,129,100,100,http://localhost:7000/randomRequest,412,0,0
1676157951420,928,HTTP Request,200,,Thread-Gruppe  1-23,text,true,,492,129,100,100,http://localhost:7000/randomRequest,928,0,0
1676157951525,823,HTTP Request,200,,Thread-Gruppe  1-15,text,true,,557,129,100,100,http://localhost:7000/randomRequest,823,0,0
1676157951525,826,HTTP Request,200,,Thread-Gruppe  1-32,text,true,,401,129,100,100,http://localhost:7000/randomRequest,826,0,0
1676157951718,650,HTTP Request,200,,Thread-Gruppe  1-70,text,true,,417,129,100,100,http://localhost:7000/randomRequest,650,0,0
1676157951867,509,HTTP Request,200,,Thread-Gruppe  1-22,text,true,,552,129,100,100,http://localhost:7000/randomRequest,509,0,0
1676157951975,417,HTTP Request,200,,Thread-Gruppe  1-73,text,true,,563,129,100,100,http://localhost:7000/randomRequest,417,0,0
1676157951567,825,HTTP Request,200,,Thread-Gruppe  1-97,text,true,,419,129,100,100,http://localhost:7000/randomRequest,825,0,0
1676157951871,521,HTTP Request,200,,Thread-Gruppe  1-59,text,true,,403,129,100,100,http://localhost:7000/randomRequest,521,0,0
1676157951769,631,HTTP Request,200,,Thread-Gruppe  1-53,text,true,,675,129,100,100,http://localhost:7000/randomRequest,631,0,0
1676157951476,924,HTTP Request,200,,Thread-Gruppe  1-45,text,true,,492,129,100,100,http://localhost:7000/randomRequest,924,0,0
1676157951213,1195,HTTP Request,200,,Thread-Gruppe  1-56,text,true,,527,129,100,100,http://localhost:7000/randomRequest,1195,0,0
1676157951947,516,HTTP Request,200,,Thread-Gruppe  1-89,text,true,,481,129,100,100,http://localhost:7000/randomRequest,516,0,1
1676157951643,825,HTTP Request,200,,Thread-Gruppe  1-27,text,true,,412,129,100,100,http://localhost:7000/randomRequest,825,0,0
1676157951658,823,HTTP Request,200,,Thread-Gruppe  1-66,text,true,,561,129,100,100,http://localhost:7000/randomRequest,823,0,0
1676157952079,415,HTTP Request,200,,Thread-Gruppe  1-40,text,true,,419,129,100,100,http://localhost:7000/randomRequest,415,0,0
1676157951391,1103,HTTP Request,200,,Thread-Gruppe  1-67,text,true,,643,129,100,100,http://localhost:7000/randomRequest,1103,0,0
1676157951669,825,HTTP Request,200,,Thread-Gruppe  1-24,text,true,,551,129,100,100,http://localhost:7000/randomRequest,825,0,0
1676157951567,927,HTTP Request,200,,Thread-Gruppe  1-44,text,true,,419,129,100,100,http://localhost:7000/randomRequest,927,0,0
1676157951769,725,HTTP Request,200,,Thread-Gruppe  1-8,text,true,,481,129,100,100,http://localhost:7000/randomRequest,725,0,0
1676157951769,725,HTTP Request,200,,Thread-Gruppe  1-87,text,true,,562,129,100,100,http://localhost:7000/randomRequest,725,0,0
1676157951978,519,HTTP Request,200,,Thread-Gruppe  1-94,text,true,,492,129,100,100,http://localhost:7000/randomRequest,519,0,0
1676157951420,1103,HTTP Request,200,,Thread-Gruppe  1-55,text,true,,527,129,100,100,http://localhost:7000/randomRequest,1103,0,0
1676157951632,891,HTTP Request,200,,Thread-Gruppe  1-39,text,true,,537,129,100,100,http://localhost:7000/randomRequest,891,0,0
1676157951897,640,HTTP Request,200,,Thread-Gruppe  1-14,text,true,,417,129,100,100,http://localhost:7000/randomRequest,640,0,0
1676157951935,619,HTTP Request,200,,Thread-Gruppe  1-12,text,true,,418,129,100,100,http://localhost:7000/randomRequest,619,0,0
1676157951819,747,HTTP Request,200,,Thread-Gruppe  1-62,text,true,,667,129,100,100,http://localhost:7000/randomRequest,747,0,0
1676157952050,518,HTTP Request,200,,Thread-Gruppe  1-84,text,true,,552,129,100,100,http://localhost:7000/randomRequest,518,0,0
1676157951847,721,HTTP Request,200,,Thread-Gruppe  1-76,text,true,,492,129,100,100,http://localhost:7000/randomRequest,721,0,0
1676157951681,901,HTTP Request,200,,Thread-Gruppe  1-29,text,true,,644,129,100,100,http://localhost:7000/randomRequest,901,0,0
1676157951935,705,HTTP Request,200,,Thread-Gruppe  1-77,text,true,,647,129,100,100,http://localhost:7000/randomRequest,705,0,0
1676157951508,1133,HTTP Request,200,,Thread-Gruppe  1-72,text,true,,488,129,100,100,http://localhost:7000/randomRequest,1133,0,0
1676157951708,955,HTTP Request,200,,Thread-Gruppe  1-2,text,true,,647,129,100,100,http://localhost:7000/randomRequest,955,0,0
1676157952158,510,HTTP Request,200,,Thread-Gruppe  1-41,text,true,,481,129,100,100,http://localhost:7000/randomRequest,510,0,0
1676157951541,1128,HTTP Request,200,,Thread-Gruppe  1-93,text,true,,492,129,100,100,http://localhost:7000/randomRequest,1128,0,0
1676157951771,932,HTTP Request,200,,Thread-Gruppe  1-25,text,true,,478,129,100,100,http://localhost:7000/randomRequest,932,0,0
1676157951769,934,HTTP Request,200,,Thread-Gruppe  1-13,text,true,,482,129,100,100,http://localhost:7000/randomRequest,934,0,0
1676157951781,927,HTTP Request,200,,Thread-Gruppe  1-96,text,true,,488,129,100,100,http://localhost:7000/randomRequest,927,0,0
1676157951324,1406,HTTP Request,200,,Thread-Gruppe  1-68,text,true,,647,129,100,100,http://localhost:7000/randomRequest,1406,0,0
1676157952125,620,HTTP Request,200,,Thread-Gruppe  1-82,text,true,,557,129,100,100,http://localhost:7000/randomRequest,620,0,0
1676157952038,720,HTTP Request,200,,Thread-Gruppe  1-85,text,true,,492,129,100,100,http://localhost:7000/randomRequest,720,0,0
1676157952141,617,HTTP Request,200,,Thread-Gruppe  1-26,text,true,,419,129,100,100,http://localhost:7000/randomRequest,617,0,1
1676157951170,1599,HTTP Request,200,,Thread-Gruppe  1-81,text,true,,527,129,100,100,http://localhost:7000/randomRequest,1599,0,0
1676157952463,306,HTTP Request,200,,Thread-Gruppe  1-89,text,true,,418,129,100,100,http://localhost:7000/randomRequest,306,0,0
1676157951871,932,HTTP Request,200,,Thread-Gruppe  1-71,text,true,,488,129,100,100,http://localhost:7000/randomRequest,932,0,0
1676157952082,722,HTTP Request,200,,Thread-Gruppe  1-64,text,true,,552,129,100,100,http://localhost:7000/randomRequest,722,0,1
1676157952093,725,HTTP Request,200,,Thread-Gruppe  1-86,text,true,,557,129,100,100,http://localhost:7000/randomRequest,725,0,0
1676157952091,727,HTTP Request,200,,Thread-Gruppe  1-4,text,true,,403,129,100,100,http://localhost:7000/randomRequest,727,0,1
1676157952206,612,HTTP Request,200,,Thread-Gruppe  1-46,text,true,,490,129,100,100,http://localhost:7000/randomRequest,612,0,1
1676157952392,426,HTTP Request,200,,Thread-Gruppe  1-97,text,true,,415,129,100,100,http://localhost:7000/randomRequest,426,0,0
1676157952321,515,HTTP Request,200,,Thread-Gruppe  1-69,text,true,,555,129,100,100,http://localhost:7000/randomRequest,515,0,0
1676157952125,725,HTTP Request,200,,Thread-Gruppe  1-7,text,true,,1667,129,100,100,http://localhost:7000/randomRequest,725,0,0
1676157952351,516,HTTP Request,200,,Thread-Gruppe  1-32,text,true,,418,129,100,100,http://localhost:7000/randomRequest,516,0,1
1676157951638,1235,HTTP Request,200,,Thread-Gruppe  1-47,text,true,,541,129,100,100,http://localhost:7000/randomRequest,1235,0,0
1676157952066,820,HTTP Request,200,,Thread-Gruppe  1-88,text,true,,558,129,100,100,http://localhost:7000/randomRequest,820,0,1
1676157952368,518,HTTP Request,200,,Thread-Gruppe  1-70,text,true,,419,129,100,100,http://localhost:7000/randomRequest,518,0,1
1676157951982,904,HTTP Request,200,,Thread-Gruppe  1-49,text,true,,647,129,100,100,http://localhost:7000/randomRequest,904,0,0
1676157952071,820,HTTP Request,200,,Thread-Gruppe  1-21,text,true,,403,129,100,100,http://localhost:7000/randomRequest,820,0,0
1676157952080,823,HTTP Request,200,,Thread-Gruppe  1-83,text,true,,485,129,100,100,http://localhost:7000/randomRequest,823,0,0
1676157952079,824,HTTP Request,200,,Thread-Gruppe  1-58,text,true,,492,129,100,100,http://localhost:7000/randomRequest,824,0,0
1676157951871,1032,HTTP Request,200,,Thread-Gruppe  1-78,text,true,,492,129,100,100,http://localhost:7000/randomRequest,1032,0,0
1676157952292,612,HTTP Request,200,,Thread-Gruppe  1-80,text,true,,551,129,100,100,http://localhost:7000/randomRequest,612,0,1
1676157951982,922,HTTP Request,200,,Thread-Gruppe  1-90,text,true,,485,129,100,100,http://localhost:7000/randomRequest,922,0,0
1676157952400,509,HTTP Request,200,,Thread-Gruppe  1-53,text,true,,419,129,100,100,http://localhost:7000/randomRequest,509,0,0
1676157952308,611,HTTP Request,200,,Thread-Gruppe  1-38,text,true,,419,129,100,100,http://localhost:7000/randomRequest,611,0,1
1676157952392,527,HTTP Request,200,,Thread-Gruppe  1-73,text,true,,417,129,100,100,http://localhost:7000/randomRequest,527,0,0
1676157952197,722,HTTP Request,200,,Thread-Gruppe  1-57,text,true,,566,129,100,100,http://localhost:7000/randomRequest,722,0,0
1676157952023,931,HTTP Request,200,,Thread-Gruppe  1-1,text,true,,492,129,100,100,http://localhost:7000/randomRequest,931,0,0
1676157951919,1035,HTTP Request,200,,Thread-Gruppe  1-31,text,true,,488,129,100,100,http://localhost:7000/randomRequest,1035,0,0
1676157952376,624,HTTP Request,200,,Thread-Gruppe  1-22,text,true,,415,129,100,100,http://localhost:7000/randomRequest,624,0,1
1676157952286,718,HTTP Request,200,,Thread-Gruppe  1-37,text,true,,573,129,100,100,http://localhost:7000/randomRequest,718,0,1
1676157952400,609,HTTP Request,200,,Thread-Gruppe  1-45,text,true,,562,129,100,100,http://localhost:7000/randomRequest,609,0,0
1676157952206,816,HTTP Request,200,,Thread-Gruppe  1-51,text,true,,565,129,100,100,http://localhost:7000/randomRequest,816,0,1
1676157952318,719,HTTP Request,200,,Thread-Gruppe  1-33,text,true,,419,129,100,100,http://localhost:7000/randomRequest,719,0,0
1676157952523,518,HTTP Request,200,,Thread-Gruppe  1-39,text,true,,558,129,100,100,http://localhost:7000/randomRequest,518,0,1
1676157952523,518,HTTP Request,200,,Thread-Gruppe  1-55,text,true,,417,129,100,100,http://localhost:7000/randomRequest,518,0,1
1676157952162,892,HTTP Request,200,,Thread-Gruppe  1-79,text,true,,481,129,100,100,http://localhost:7000/randomRequest,892,0,0
1676157952348,727,HTTP Request,200,,Thread-Gruppe  1-23,text,true,,419,129,100,100,http://localhost:7000/randomRequest,727,0,0
1676157952669,406,HTTP Request,200,,Thread-Gruppe  1-41,text,true,,419,129,100,100,http://localhost:7000/randomRequest,406,0,0
1676157952481,622,HTTP Request,200,,Thread-Gruppe  1-66,text,true,,485,129,100,100,http://localhost:7000/randomRequest,622,0,0
1676157952582,521,HTTP Request,200,,Thread-Gruppe  1-29,text,true,,418,129,100,100,http://localhost:7000/randomRequest,521,0,0
1676157952495,613,HTTP Request,200,,Thread-Gruppe  1-40,text,true,,492,129,100,100,http://localhost:7000/randomRequest,613,0,0
1676157952308,811,HTTP Request,200,,Thread-Gruppe  1-74,text,true,,490,129,100,100,http://localhost:7000/randomRequest,811,0,1
1676157952408,712,HTTP Request,200,,Thread-Gruppe  1-56,text,true,,418,129,100,100,http://localhost:7000/randomRequest,712,0,1
1676157952392,728,HTTP Request,200,,Thread-Gruppe  1-59,text,true,,417,129,100,100,http://localhost:7000/randomRequest,728,0,0
1676157952730,412,HTTP Request,200,,Thread-Gruppe  1-68,text,true,,417,129,100,100,http://localhost:7000/randomRequest,412,0,0
1676157952537,619,HTTP Request,200,,Thread-Gruppe  1-14,text,true,,485,129,100,100,http://localhost:7000/randomRequest,619,0,1
1676157952125,1031,HTTP Request,200,,Thread-Gruppe  1-50,text,true,,520,129,100,100,http://localhost:7000/randomRequest,1031,0,0
1676157952640,529,HTTP Request,200,,Thread-Gruppe  1-77,text,true,,551,129,100,100,http://localhost:7000/randomRequest,529,0,0
1676157951476,1700,HTTP Request,200,,Thread-Gruppe  1-65,text,true,,527,129,100,100,http://localhost:7000/randomRequest,1700,0,0
1676157952568,609,HTTP Request,200,,Thread-Gruppe  1-76,text,true,,419,129,100,100,http://localhost:7000/randomRequest,609,0,1
1676157951567,1611,HTTP Request,200,,Thread-Gruppe  1-5,text,true,,527,129,100,100,http://localhost:7000/randomRequest,1611,0,0
1676157952566,613,HTTP Request,200,,Thread-Gruppe  1-62,text,true,,492,129,100,100,http://localhost:7000/randomRequest,613,0,1
1676157952703,505,HTTP Request,200,,Thread-Gruppe  1-13,text,true,,418,129,100,100,http://localhost:7000/randomRequest,505,0,0
1676157952495,713,HTTP Request,200,,Thread-Gruppe  1-24,text,true,,489,129,100,100,http://localhost:7000/randomRequest,713,0,0
1676157952182,1026,HTTP Request,200,,Thread-Gruppe  1-98,text,true,,492,129,100,100,http://localhost:7000/randomRequest,1026,0,0
1676157952495,713,HTTP Request,200,,Thread-Gruppe  1-8,text,true,,492,129,100,100,http://localhost:7000/randomRequest,713,0,0
1676157952041,1197,HTTP Request,200,,Thread-Gruppe  1-43,text,true,,633,129,100,100,http://localhost:7000/randomRequest,1197,0,1
1676157952041,1197,HTTP Request,200,,Thread-Gruppe  1-100,text,true,,537,129,100,100,http://localhost:7000/randomRequest,1197,0,1
1676157952079,1202,HTTP Request,200,,Thread-Gruppe  1-10,text,true,,537,129,100,100,http://localhost:7000/randomRequest,1202,0,0
1676157952886,410,HTTP Request,200,,Thread-Gruppe  1-49,text,true,,555,129,100,100,http://localhost:7000/randomRequest,410,0,0
1676157952703,608,HTTP Request,200,,Thread-Gruppe  1-25,text,true,,541,129,100,100,http://localhost:7000/randomRequest,608,0,0
1676157952497,814,HTTP Request,200,,Thread-Gruppe  1-94,text,true,,558,129,100,100,http://localhost:7000/randomRequest,814,0,0
1676157952819,506,HTTP Request,200,,Thread-Gruppe  1-86,text,true,,558,129,100,100,http://localhost:7000/randomRequest,506,0,0
1676157952819,510,HTTP Request,200,,Thread-Gruppe  1-4,text,true,,553,129,100,100,http://localhost:7000/randomRequest,510,0,0
1676157952819,510,HTTP Request,200,,Thread-Gruppe  1-46,text,true,,548,129,100,100,http://localhost:7000/randomRequest,510,0,0
1676157952153,1197,HTTP Request,200,,Thread-Gruppe  1-92,text,true,,647,129,100,100,http://localhost:7000/randomRequest,1197,0,0
1676157952468,896,HTTP Request,200,,Thread-Gruppe  1-27,text,true,,641,129,100,100,http://localhost:7000/randomRequest,896,0,0
1676157951982,1403,HTTP Request,200,,Thread-Gruppe  1-9,text,true,,537,129,100,100,http://localhost:7000/randomRequest,1403,0,0
1676157952568,817,HTTP Request,200,,Thread-Gruppe  1-84,text,true,,485,129,100,100,http://localhost:7000/randomRequest,817,0,1
1676157952886,514,HTTP Request,200,,Thread-Gruppe  1-88,text,true,,551,129,100,100,http://localhost:7000/randomRequest,514,0,0
1676157952769,641,HTTP Request,200,,Thread-Gruppe  1-81,text,true,,675,129,100,100,http://localhost:7000/randomRequest,641,0,0
1676157952495,920,HTTP Request,200,,Thread-Gruppe  1-44,text,true,,492,129,100,100,http://localhost:7000/randomRequest,920,0,0
1676157952919,509,HTTP Request,200,,Thread-Gruppe  1-73,text,true,,558,129,100,100,http://localhost:7000/randomRequest,509,0,0
1676157952318,1132,HTTP Request,200,,Thread-Gruppe  1-34,text,true,,402,129,100,100,http://localhost:7000/randomRequest,1132,0,0
1676157952759,694,HTTP Request,200,,Thread-Gruppe  1-85,text,true,,480,129,100,100,http://localhost:7000/randomRequest,694,0,0
1676157953038,415,HTTP Request,200,,Thread-Gruppe  1-33,text,true,,550,129,100,100,http://localhost:7000/randomRequest,415,0,0
1676157952158,1331,HTTP Request,200,,Thread-Gruppe  1-91,text,true,,490,129,100,100,http://localhost:7000/randomRequest,1331,0,0
1676157952867,622,HTTP Request,200,,Thread-Gruppe  1-32,text,true,,419,129,100,100,http://localhost:7000/randomRequest,622,0,0
1676157952270,1233,HTTP Request,200,,Thread-Gruppe  1-48,text,true,,485,129,100,100,http://localhost:7000/randomRequest,1233,0,0
1676157952804,712,HTTP Request,200,,Thread-Gruppe  1-64,text,true,,418,129,100,100,http://localhost:7000/randomRequest,712,0,0
1676157952708,816,HTTP Request,200,,Thread-Gruppe  1-96,text,true,,490,129,100,100,http://localhost:7000/randomRequest,816,0,0
1676157952819,712,HTTP Request,200,,Thread-Gruppe  1-97,text,true,,548,129,100,100,http://localhost:7000/randomRequest,712,0,0
1676157952919,613,HTTP Request,200,,Thread-Gruppe  1-38,text,true,,492,129,100,100,http://localhost:7000/randomRequest,613,0,0
1676157952759,791,HTTP Request,200,,Thread-Gruppe  1-26,text,true,,643,129,100,100,http://localhost:7000/randomRequest,791,0,0
1676157952745,823,HTTP Request,200,,Thread-Gruppe  1-82,text,true,,558,129,100,100,http://localhost:7000/randomRequest,823,0,0
1676157952261,1307,HTTP Request,200,,Thread-Gruppe  1-36,text,true,,527,129,100,100,http://localhost:7000/randomRequest,1307,0,0
1676157952663,924,HTTP Request,200,,Thread-Gruppe  1-2,text,true,,492,129,100,100,http://localhost:7000/randomRequest,924,0,1
1676157953177,413,HTTP Request,200,,Thread-Gruppe  1-76,text,true,,554,129,100,100,http://localhost:7000/randomRequest,413,0,0
1676157952669,923,HTTP Request,200,,Thread-Gruppe  1-93,text,true,,419,129,100,100,http://localhost:7000/randomRequest,923,0,0
1676157952769,823,HTTP Request,200,,Thread-Gruppe  1-89,text,true,,485,129,100,100,http://localhost:7000/randomRequest,823,0,0
1676157952495,1097,HTTP Request,200,,Thread-Gruppe  1-67,text,true,,537,129,100,100,http://localhost:7000/randomRequest,1097,0,0
1676157952803,809,HTTP Request,200,,Thread-Gruppe  1-71,text,true,,640,129,100,100,http://localhost:7000/randomRequest,809,0,0
1676157953103,517,HTTP Request,200,,Thread-Gruppe  1-66,text,true,,481,129,100,100,http://localhost:7000/randomRequest,517,0,0
1676157952903,717,HTTP Request,200,,Thread-Gruppe  1-78,text,true,,540,129,100,100,http://localhost:7000/randomRequest,717,0,1
1676157952836,791,HTTP Request,200,,Thread-Gruppe  1-69,text,true,,640,129,100,100,http://localhost:7000/randomRequest,791,0,1
1676157952348,1285,HTTP Request,200,,Thread-Gruppe  1-15,text,true,,540,129,100,100,http://localhost:7000/randomRequest,1285,0,0
1676157953022,635,HTTP Request,200,,Thread-Gruppe  1-51,text,true,,492,129,100,100,http://localhost:7000/randomRequest,635,0,0
1676157953041,617,HTTP Request,200,,Thread-Gruppe  1-39,text,true,,492,129,100,100,http://localhost:7000/randomRequest,617,0,0
1676157953142,516,HTTP Request,200,,Thread-Gruppe  1-68,text,true,,485,129,100,100,http://localhost:7000/randomRequest,516,0,0
1676157952850,818,HTTP Request,200,,Thread-Gruppe  1-7,text,true,,418,129,100,100,http://localhost:7000/randomRequest,818,0,0
1676157952641,1027,HTTP Request,200,,Thread-Gruppe  1-72,text,true,,481,129,100,100,http://localhost:7000/randomRequest,1027,0,0
1676157952954,714,HTTP Request,200,,Thread-Gruppe  1-1,text,true,,419,129,100,100,http://localhost:7000/randomRequest,714,0,0
1676157953170,514,HTTP Request,200,,Thread-Gruppe  1-77,text,true,,542,129,100,100,http://localhost:7000/randomRequest,514,0,0
1676157952495,1198,HTTP Request,200,,Thread-Gruppe  1-87,text,true,,647,129,100,100,http://localhost:7000/randomRequest,1198,0,0
1676157952886,822,HTTP Request,200,,Thread-Gruppe  1-70,text,true,,487,129,100,100,http://localhost:7000/randomRequest,822,0,0
1676157953103,622,HTTP Request,200,,Thread-Gruppe  1-29,text,true,,419,129,100,100,http://localhost:7000/randomRequest,622,0,0
1676157953108,617,HTTP Request,200,,Thread-Gruppe  1-40,text,true,,486,129,100,100,http://localhost:7000/randomRequest,617,0,0
1676157953004,721,HTTP Request,200,,Thread-Gruppe  1-37,text,true,,419,129,100,100,http://localhost:7000/randomRequest,721,0,0
1676157952909,819,HTTP Request,200,,Thread-Gruppe  1-53,text,true,,403,129,100,100,http://localhost:7000/randomRequest,819,0,0
1676157953157,615,HTTP Request,200,,Thread-Gruppe  1-50,text,true,,418,129,100,100,http://localhost:7000/randomRequest,615,0,0
1676157953489,304,HTTP Request,200,,Thread-Gruppe  1-32,text,true,,490,129,100,100,http://localhost:7000/randomRequest,304,0,0
1676157953178,615,HTTP Request,200,,Thread-Gruppe  1-5,text,true,,492,129,100,100,http://localhost:7000/randomRequest,615,0,0
1676157953489,304,HTTP Request,200,,Thread-Gruppe  1-91,text,true,,549,129,100,100,http://localhost:7000/randomRequest,304,0,0
1676157953282,530,HTTP Request,200,,Thread-Gruppe  1-10,text,true,,417,129,100,100,http://localhost:7000/randomRequest,530,0,0
1676157953208,621,HTTP Request,200,,Thread-Gruppe  1-24,text,true,,562,129,100,100,http://localhost:7000/randomRequest,621,0,1
1676157952903,926,HTTP Request,200,,Thread-Gruppe  1-58,text,true,,419,129,100,100,http://localhost:7000/randomRequest,926,0,1
1676157952904,925,HTTP Request,200,,Thread-Gruppe  1-80,text,true,,419,129,100,100,http://localhost:7000/randomRequest,925,0,0
1676157952919,922,HTTP Request,200,,Thread-Gruppe  1-57,text,true,,490,129,100,100,http://localhost:7000/randomRequest,922,0,0
1676157952554,1301,HTTP Request,200,,Thread-Gruppe  1-12,text,true,,540,129,100,100,http://localhost:7000/randomRequest,1301,0,0
1676157953386,517,HTTP Request,200,,Thread-Gruppe  1-84,text,true,,492,129,100,100,http://localhost:7000/randomRequest,517,0,0
1676157953209,723,HTTP Request,200,,Thread-Gruppe  1-8,text,true,,485,129,100,100,http://localhost:7000/randomRequest,723,0,0
1676157953208,724,HTTP Request,200,,Thread-Gruppe  1-98,text,true,,492,129,100,100,http://localhost:7000/randomRequest,724,0,1
1676157952903,1029,HTTP Request,200,,Thread-Gruppe  1-83,text,true,,419,129,100,100,http://localhost:7000/randomRequest,1029,0,1
1676157953009,928,HTTP Request,200,,Thread-Gruppe  1-45,text,true,,419,129,100,100,http://localhost:7000/randomRequest,928,0,1
1676157953120,823,HTTP Request,200,,Thread-Gruppe  1-56,text,true,,476,129,100,100,http://localhost:7000/randomRequest,823,0,0
1676157953329,619,HTTP Request,200,,Thread-Gruppe  1-4,text,true,,551,129,100,100,http://localhost:7000/randomRequest,619,0,0
1676157953238,719,HTTP Request,200,,Thread-Gruppe  1-100,text,true,,492,129,100,100,http://localhost:7000/randomRequest,719,0,0
1676157953350,611,HTTP Request,200,,Thread-Gruppe  1-92,text,true,,418,129,100,100,http://localhost:7000/randomRequest,611,0,0
1676157953054,927,HTTP Request,200,,Thread-Gruppe  1-79,text,true,,419,129,100,100,http://localhost:7000/randomRequest,927,0,1
1676157953075,921,HTTP Request,200,,Thread-Gruppe  1-23,text,true,,557,129,100,100,http://localhost:7000/randomRequest,921,0,0
1676157953592,409,HTTP Request,200,,Thread-Gruppe  1-93,text,true,,416,129,100,100,http://localhost:7000/randomRequest,409,0,1
1676157953075,926,HTTP Request,200,,Thread-Gruppe  1-41,text,true,,487,129,100,100,http://localhost:7000/randomRequest,926,0,0
1676157953311,693,HTTP Request,200,,Thread-Gruppe  1-94,text,true,,537,129,100,100,http://localhost:7000/randomRequest,693,0,0
1676157953386,618,HTTP Request,200,,Thread-Gruppe  1-9,text,true,,492,129,100,100,http://localhost:7000/randomRequest,618,0,0
1676157953400,617,HTTP Request,200,,Thread-Gruppe  1-88,text,true,,413,129,100,100,http://localhost:7000/randomRequest,617,0,0
1676157953296,721,HTTP Request,200,,Thread-Gruppe  1-49,text,true,,492,129,100,100,http://localhost:7000/randomRequest,721,0,0
1676157952904,1137,HTTP Request,200,,Thread-Gruppe  1-90,text,true,,488,129,100,100,http://localhost:7000/randomRequest,1137,0,0
1676157953120,927,HTTP Request,200,,Thread-Gruppe  1-59,text,true,,492,129,100,100,http://localhost:7000/randomRequest,927,0,0
1676157953157,904,HTTP Request,200,,Thread-Gruppe  1-14,text,true,,495,129,100,100,http://localhost:7000/randomRequest,904,0,0
1676157952954,1127,HTTP Request,200,,Thread-Gruppe  1-31,text,true,,485,129,100,100,http://localhost:7000/randomRequest,1127,0,0
1676157952891,1232,HTTP Request,200,,Thread-Gruppe  1-21,text,true,,5014,129,100,100,http://localhost:7000/randomRequest,1232,0,0
1676157953415,725,HTTP Request,200,,Thread-Gruppe  1-44,text,true,,492,129,100,100,http://localhost:7000/randomRequest,725,0,1
1676157953208,932,HTTP Request,200,,Thread-Gruppe  1-13,text,true,,489,129,100,100,http://localhost:7000/randomRequest,932,0,1
1676157953325,825,HTTP Request,200,,Thread-Gruppe  1-86,text,true,,551,129,100,100,http://localhost:7000/randomRequest,825,0,0
1676157953364,786,HTTP Request,200,,Thread-Gruppe  1-27,text,true,,537,129,100,100,http://localhost:7000/randomRequest,786,0,0
1676157953329,835,HTTP Request,200,,Thread-Gruppe  1-46,text,true,,488,129,100,100,http://localhost:7000/randomRequest,835,0,0
1676157953179,996,HTTP Request,200,,Thread-Gruppe  1-62,text,true,,633,129,100,100,http://localhost:7000/randomRequest,996,0,0
1676157953657,518,HTTP Request,200,,Thread-Gruppe  1-51,text,true,,555,129,100,100,http://localhost:7000/randomRequest,518,0,0
1676157953450,725,HTTP Request,200,,Thread-Gruppe  1-34,text,true,,492,129,100,100,http://localhost:7000/randomRequest,725,0,0
1676157952873,1302,HTTP Request,200,,Thread-Gruppe  1-47,text,true,,633,129,100,100,http://localhost:7000/randomRequest,1302,0,0
1676157953453,722,HTTP Request,200,,Thread-Gruppe  1-33,text,true,,492,129,100,100,http://localhost:7000/randomRequest,722,0,0
1676157953568,614,HTTP Request,200,,Thread-Gruppe  1-82,text,true,,403,129,100,100,http://localhost:7000/randomRequest,614,0,1
1676157953668,519,HTTP Request,200,,Thread-Gruppe  1-7,text,true,,419,129,100,100,http://localhost:7000/randomRequest,519,0,1
1676157953590,613,HTTP Request,200,,Thread-Gruppe  1-76,text,true,,488,129,100,100,http://localhost:7000/randomRequest,613,0,0
1676157953311,899,HTTP Request,200,,Thread-Gruppe  1-25,text,true,,481,129,100,100,http://localhost:7000/randomRequest,899,0,0
1676157953612,613,HTTP Request,200,,Thread-Gruppe  1-71,text,true,,481,129,100,100,http://localhost:7000/randomRequest,613,0,0
1676157953410,815,HTTP Request,200,,Thread-Gruppe  1-81,text,true,,488,129,100,100,http://localhost:7000/randomRequest,815,0,1
1676157953503,722,HTTP Request,200,,Thread-Gruppe  1-48,text,true,,419,129,100,100,http://localhost:7000/randomRequest,722,0,1
1676157953119,1134,HTTP Request,200,,Thread-Gruppe  1-74,text,true,,419,129,100,100,http://localhost:7000/randomRequest,1134,0,1
1676157953238,1029,HTTP Request,200,,Thread-Gruppe  1-43,text,true,,492,129,100,100,http://localhost:7000/randomRequest,1029,0,0
1676157953658,619,HTTP Request,200,,Thread-Gruppe  1-68,text,true,,546,129,100,100,http://localhost:7000/randomRequest,619,0,0
1676157953658,619,HTTP Request,200,,Thread-Gruppe  1-39,text,true,,418,129,100,100,http://localhost:7000/randomRequest,619,0,0
1676157953568,724,HTTP Request,200,,Thread-Gruppe  1-36,text,true,,559,129,100,100,http://localhost:7000/randomRequest,724,0,1
1676157953684,619,HTTP Request,200,,Thread-Gruppe  1-77,text,true,,488,129,100,100,http://localhost:7000/randomRequest,619,0,0
1676157953592,718,HTTP Request,200,,Thread-Gruppe  1-89,text,true,,536,129,100,100,http://localhost:7000/randomRequest,718,0,1
1676157953728,622,HTTP Request,200,,Thread-Gruppe  1-53,text,true,,488,129,100,100,http://localhost:7000/randomRequest,622,0,1
1676157953829,521,HTTP Request,200,,Thread-Gruppe  1-80,text,true,,488,129,100,100,http://localhost:7000/randomRequest,521,0,0
1676157953725,625,HTTP Request,200,,Thread-Gruppe  1-40,text,true,,416,129,100,100,http://localhost:7000/randomRequest,625,0,0
1676157953725,625,HTTP Request,200,,Thread-Gruppe  1-29,text,true,,558,129,100,100,http://localhost:7000/randomRequest,625,0,0
1676157953176,1215,HTTP Request,200,,Thread-Gruppe  1-65,text,true,,541,129,100,100,http://localhost:7000/randomRequest,1215,0,1
1676157953668,724,HTTP Request,200,,Thread-Gruppe  1-1,text,true,,403,129,100,100,http://localhost:7000/randomRequest,724,0,1
1676157953793,617,HTTP Request,200,,Thread-Gruppe  1-32,text,true,,492,129,100,100,http://localhost:7000/randomRequest,617,0,0
1676157953693,717,HTTP Request,200,,Thread-Gruppe  1-87,text,true,,419,129,100,100,http://localhost:7000/randomRequest,717,0,0
1676157953812,617,HTTP Request,200,,Thread-Gruppe  1-10,text,true,,419,129,100,100,http://localhost:7000/randomRequest,617,0,0
1676157953708,721,HTTP Request,200,,Thread-Gruppe  1-70,text,true,,403,129,100,100,http://localhost:7000/randomRequest,721,0,0
1676157953932,516,HTTP Request,200,,Thread-Gruppe  1-98,text,true,,419,129,100,100,http://localhost:7000/randomRequest,516,0,0
1676157953620,828,HTTP Request,200,,Thread-Gruppe  1-66,text,true,,419,129,100,100,http://localhost:7000/randomRequest,828,0,0
1676157953725,725,HTTP Request,200,,Thread-Gruppe  1-37,text,true,,419,129,100,100,http://localhost:7000/randomRequest,725,0,0
1676157953829,622,HTTP Request,200,,Thread-Gruppe  1-24,text,true,,401,129,100,100,http://localhost:7000/randomRequest,622,0,0
1676157953937,516,HTTP Request,200,,Thread-Gruppe  1-45,text,true,,492,129,100,100,http://localhost:7000/randomRequest,516,0,1
1676157953943,510,HTTP Request,200,,Thread-Gruppe  1-56,text,true,,492,129,100,100,http://localhost:7000/randomRequest,510,0,0
1676157953949,520,HTTP Request,200,,Thread-Gruppe  1-4,text,true,,419,129,100,100,http://localhost:7000/randomRequest,520,0,0
1676157954061,408,HTTP Request,200,,Thread-Gruppe  1-14,text,true,,417,129,100,100,http://localhost:7000/randomRequest,408,0,1
1676157953532,937,HTTP Request,200,,Thread-Gruppe  1-38,text,true,,492,129,100,100,http://localhost:7000/randomRequest,937,0,0
1676157953668,827,HTTP Request,200,,Thread-Gruppe  1-72,text,true,,551,129,100,100,http://localhost:7000/randomRequest,827,0,1
1676157953588,915,HTTP Request,200,,Thread-Gruppe  1-2,text,true,,492,129,100,100,http://localhost:7000/randomRequest,915,0,0
1676157953041,1462,HTTP Request,200,,Thread-Gruppe  1-55,text,true,,560,129,100,100,http://localhost:7000/randomRequest,1462,0,0
1676157953793,737,HTTP Request,200,,Thread-Gruppe  1-91,text,true,,542,129,100,100,http://localhost:7000/randomRequest,736,0,0
1676157953627,906,HTTP Request,200,,Thread-Gruppe  1-69,text,true,,643,129,100,100,http://localhost:7000/randomRequest,906,0,0
1676157953516,1034,HTTP Request,200,,Thread-Gruppe  1-64,text,true,,557,129,100,100,http://localhost:7000/randomRequest,1034,0,0
1676157954140,410,HTTP Request,200,,Thread-Gruppe  1-13,text,true,,419,129,100,100,http://localhost:7000/randomRequest,410,0,1
1676157953524,1028,HTTP Request,200,,Thread-Gruppe  1-96,text,true,,492,129,100,100,http://localhost:7000/randomRequest,1028,0,0
1676157953841,712,HTTP Request,200,,Thread-Gruppe  1-57,text,true,,492,129,100,100,http://localhost:7000/randomRequest,712,0,1
1676157953428,1142,HTTP Request,200,,Thread-Gruppe  1-73,text,true,,481,129,100,100,http://localhost:7000/randomRequest,1142,0,0
1676157953855,727,HTTP Request,200,,Thread-Gruppe  1-12,text,true,,492,129,100,100,http://localhost:7000/randomRequest,727,0,0
1676157953829,774,HTTP Request,200,,Thread-Gruppe  1-58,text,true,,647,129,100,100,http://localhost:7000/randomRequest,774,0,0
1676157953620,1017,HTTP Request,200,,Thread-Gruppe  1-78,text,true,,527,129,100,100,http://localhost:7000/randomRequest,1017,0,0
1676157954017,620,HTTP Request,200,,Thread-Gruppe  1-49,text,true,,488,129,100,100,http://localhost:7000/randomRequest,620,0,0
1676157953634,1021,HTTP Request,200,,Thread-Gruppe  1-15,text,true,,647,129,100,100,http://localhost:7000/randomRequest,1021,0,0
1676157954047,627,HTTP Request,200,,Thread-Gruppe  1-59,text,true,,492,129,100,100,http://localhost:7000/randomRequest,627,0,0
1676157953453,1235,HTTP Request,200,,Thread-Gruppe  1-85,text,true,,492,129,100,100,http://localhost:7000/randomRequest,1235,0,0
1676157954277,413,HTTP Request,200,,Thread-Gruppe  1-39,text,true,,418,129,100,100,http://localhost:7000/randomRequest,413,0,1
1676157954175,515,HTTP Request,200,,Thread-Gruppe  1-51,text,true,,492,129,100,100,http://localhost:7000/randomRequest,515,0,0
1676157954175,515,HTTP Request,200,,Thread-Gruppe  1-62,text,true,,403,129,100,100,http://localhost:7000/randomRequest,515,0,0
1676157954175,515,HTTP Request,200,,Thread-Gruppe  1-33,text,true,,492,129,100,100,http://localhost:7000/randomRequest,515,0,0
1676157954081,613,HTTP Request,200,,Thread-Gruppe  1-31,text,true,,418,129,100,100,http://localhost:7000/randomRequest,613,0,1
1676157954175,519,HTTP Request,200,,Thread-Gruppe  1-47,text,true,,419,129,100,100,http://localhost:7000/randomRequest,519,0,0
1676157953981,722,HTTP Request,200,,Thread-Gruppe  1-79,text,true,,485,129,100,100,http://localhost:7000/randomRequest,722,0,0
1676157953550,1158,HTTP Request,200,,Thread-Gruppe  1-26,text,true,,681,129,100,100,http://localhost:7000/randomRequest,1158,0,1
1676157954001,715,HTTP Request,200,,Thread-Gruppe  1-93,text,true,,545,129,100,100,http://localhost:7000/randomRequest,715,0,1
1676157954001,715,HTTP Request,200,,Thread-Gruppe  1-41,text,true,,419,129,100,100,http://localhost:7000/randomRequest,715,0,1
1676157953903,813,HTTP Request,200,,Thread-Gruppe  1-84,text,true,,492,129,100,100,http://localhost:7000/randomRequest,813,0,0
1676157954310,428,HTTP Request,200,,Thread-Gruppe  1-89,text,true,,417,129,100,100,http://localhost:7000/randomRequest,428,0,0
1676157954225,516,HTTP Request,200,,Thread-Gruppe  1-81,text,true,,419,129,100,100,http://localhost:7000/randomRequest,516,0,0
1676157954225,516,HTTP Request,200,,Thread-Gruppe  1-48,text,true,,557,129,100,100,http://localhost:7000/randomRequest,516,0,0
1676157954041,720,HTTP Request,200,,Thread-Gruppe  1-90,text,true,,488,129,100,100,http://localhost:7000/randomRequest,720,0,1
1676157953793,1024,HTTP Request,200,,Thread-Gruppe  1-5,text,true,,530,129,100,100,http://localhost:7000/randomRequest,1024,0,0
1676157953592,1225,HTTP Request,200,,Thread-Gruppe  1-67,text,true,,403,129,100,100,http://localhost:7000/randomRequest,1225,0,1
1676157954225,616,HTTP Request,200,,Thread-Gruppe  1-71,text,true,,419,129,100,100,http://localhost:7000/randomRequest,616,0,0
1676157953531,1310,HTTP Request,200,,Thread-Gruppe  1-97,text,true,,534,129,100,100,http://localhost:7000/randomRequest,1310,0,1
1676157954140,719,HTTP Request,200,,Thread-Gruppe  1-44,text,true,,551,129,100,100,http://localhost:7000/randomRequest,719,0,1
1676157953772,1094,HTTP Request,200,,Thread-Gruppe  1-50,text,true,,640,129,100,100,http://localhost:7000/randomRequest,1094,0,0
1676157954150,719,HTTP Request,200,,Thread-Gruppe  1-27,text,true,,561,129,100,100,http://localhost:7000/randomRequest,719,0,0
1676157954267,618,HTTP Request,200,,Thread-Gruppe  1-43,text,true,,416,129,100,100,http://localhost:7000/randomRequest,618,0,1
1676157954469,416,HTTP Request,200,,Thread-Gruppe  1-14,text,true,,419,129,100,100,http://localhost:7000/randomRequest,416,0,1
1676157954350,545,HTTP Request,200,,Thread-Gruppe  1-53,text,true,,417,129,100,100,http://localhost:7000/randomRequest,545,0,0
1676157954277,618,HTTP Request,200,,Thread-Gruppe  1-68,text,true,,488,129,100,100,http://localhost:7000/randomRequest,618,0,1
1676157954187,716,HTTP Request,200,,Thread-Gruppe  1-7,text,true,,549,129,100,100,http://localhost:7000/randomRequest,716,0,1
1676157953000,1911,HTTP Request,200,,Thread-Gruppe  1-22,text,true,,541,129,100,100,http://localhost:7000/randomRequest,1911,0,0
1676157954303,616,HTTP Request,200,,Thread-Gruppe  1-77,text,true,,419,129,100,100,http://localhost:7000/randomRequest,616,0,0
1676157954004,916,HTTP Request,200,,Thread-Gruppe  1-94,text,true,,419,129,100,100,http://localhost:7000/randomRequest,916,0,0
1676157954550,411,HTTP Request,200,,Thread-Gruppe  1-13,text,true,,418,129,100,100,http://localhost:7000/randomRequest,411,0,0
1676157953932,1029,HTTP Request,200,,Thread-Gruppe  1-8,text,true,,492,129,100,100,http://localhost:7000/randomRequest,1029,0,0
1676157953961,1039,HTTP Request,200,,Thread-Gruppe  1-92,text,true,,492,129,100,100,http://localhost:7000/randomRequest,1039,0,0
1676157954175,825,HTTP Request,200,,Thread-Gruppe  1-34,text,true,,486,129,100,100,http://localhost:7000/randomRequest,825,0,0
1676157954391,617,HTTP Request,200,,Thread-Gruppe  1-65,text,true,,419,129,100,100,http://localhost:7000/randomRequest,617,0,1
1676157954503,513,HTTP Request,200,,Thread-Gruppe  1-55,text,true,,418,129,100,100,http://localhost:7000/randomRequest,513,0,1
1676157954004,1012,HTTP Request,200,,Thread-Gruppe  1-9,text,true,,525,129,100,100,http://localhost:7000/randomRequest,1012,0,0
1676157953932,1090,HTTP Request,200,,Thread-Gruppe  1-83,text,true,,537,129,100,100,http://localhost:7000/randomRequest,1090,0,0
1676157954451,616,HTTP Request,200,,Thread-Gruppe  1-24,text,true,,488,129,100,100,http://localhost:7000/randomRequest,616,0,0
1676157954451,616,HTTP Request,200,,Thread-Gruppe  1-37,text,true,,553,129,100,100,http://localhost:7000/randomRequest,616,0,0
1676157954350,717,HTTP Request,200,,Thread-Gruppe  1-29,text,true,,562,129,100,100,http://localhost:7000/randomRequest,717,0,0
1676157954550,517,HTTP Request,200,,Thread-Gruppe  1-64,text,true,,549,129,100,100,http://localhost:7000/randomRequest,517,0,0
1676157954453,618,HTTP Request,200,,Thread-Gruppe  1-56,text,true,,419,129,100,100,http://localhost:7000/randomRequest,618,0,0
1676157954183,888,HTTP Request,200,,Thread-Gruppe  1-82,text,true,,540,129,100,100,http://localhost:7000/randomRequest,888,0,0
1676157954570,504,HTTP Request,200,,Thread-Gruppe  1-73,text,true,,485,129,100,100,http://localhost:7000/randomRequest,504,0,0
1676157954164,928,HTTP Request,200,,Thread-Gruppe  1-46,text,true,,486,129,100,100,http://localhost:7000/randomRequest,928,0,1
1676157954690,413,HTTP Request,200,,Thread-Gruppe  1-51,text,true,,567,129,100,100,http://localhost:7000/randomRequest,413,0,0
1676157954410,715,HTTP Request,200,,Thread-Gruppe  1-87,text,true,,551,129,100,100,http://localhost:7000/randomRequest,715,0,1
1676157954210,915,HTTP Request,200,,Thread-Gruppe  1-25,text,true,,482,129,100,100,http://localhost:7000/randomRequest,915,0,0
1676157954017,1133,HTTP Request,200,,Thread-Gruppe  1-88,text,true,,537,129,100,100,http://localhost:7000/randomRequest,1133,0,0
1676157954638,512,HTTP Request,200,,Thread-Gruppe  1-49,text,true,,555,129,100,100,http://localhost:7000/randomRequest,512,0,0
1676157954741,411,HTTP Request,200,,Thread-Gruppe  1-48,text,true,,540,129,100,100,http://localhost:7000/randomRequest,411,0,1
1676157954469,693,HTTP Request,200,,Thread-Gruppe  1-38,text,true,,643,129,100,100,http://localhost:7000/randomRequest,693,0,1
1676157953958,1209,HTTP Request,200,,Thread-Gruppe  1-100,text,true,,527,129,100,100,http://localhost:7000/randomRequest,1209,0,0
1676157954448,719,HTTP Request,200,,Thread-Gruppe  1-98,text,true,,564,129,100,100,http://localhost:7000/randomRequest,719,0,0
1676157954674,521,HTTP Request,200,,Thread-Gruppe  1-59,text,true,,557,129,100,100,http://localhost:7000/randomRequest,521,0,0
1676157954410,793,HTTP Request,200,,Thread-Gruppe  1-32,text,true,,645,129,100,100,http://localhost:7000/randomRequest,793,0,1
1676157954293,918,HTTP Request,200,,Thread-Gruppe  1-36,text,true,,481,129,100,100,http://localhost:7000/randomRequest,918,0,0
1676157954694,517,HTTP Request,200,,Thread-Gruppe  1-31,text,true,,481,129,100,100,http://localhost:7000/randomRequest,517,0,0
1676157954583,628,HTTP Request,200,,Thread-Gruppe  1-12,text,true,,417,129,100,100,http://localhost:7000/randomRequest,628,0,0
1676157954503,717,HTTP Request,200,,Thread-Gruppe  1-2,text,true,,557,129,100,100,http://localhost:7000/randomRequest,717,0,1
1676157954350,878,HTTP Request,200,,Thread-Gruppe  1-40,text,true,,644,129,100,100,http://localhost:7000/randomRequest,878,0,0
1676157954253,1000,HTTP Request,200,,Thread-Gruppe  1-74,text,true,,633,129,100,100,http://localhost:7000/randomRequest,1000,0,0
1676157954690,618,HTTP Request,200,,Thread-Gruppe  1-62,text,true,,492,129,100,100,http://localhost:7000/randomRequest,618,0,0
1676157954817,533,HTTP Request,200,,Thread-Gruppe  1-67,text,true,,557,129,100,100,http://localhost:7000/randomRequest,533,0,0
1676157954429,924,HTTP Request,200,,Thread-Gruppe  1-70,text,true,,403,129,100,100,http://localhost:7000/randomRequest,924,0,1
1676157954453,926,HTTP Request,200,,Thread-Gruppe  1-45,text,true,,492,129,100,100,http://localhost:7000/randomRequest,926,0,0
1676157954350,1029,HTTP Request,200,,Thread-Gruppe  1-80,text,true,,485,129,100,100,http://localhost:7000/randomRequest,1029,0,0
1676157954393,991,HTTP Request,200,,Thread-Gruppe  1-1,text,true,,647,129,100,100,http://localhost:7000/randomRequest,991,0,0
1676157954203,1202,HTTP Request,200,,Thread-Gruppe  1-76,text,true,,643,129,100,100,http://localhost:7000/randomRequest,1202,0,0
1676157954688,720,HTTP Request,200,,Thread-Gruppe  1-85,text,true,,492,129,100,100,http://localhost:7000/randomRequest,720,0,0
1676157953996,1420,HTTP Request,200,,Thread-Gruppe  1-23,text,true,,540,129,100,100,http://localhost:7000/randomRequest,1420,0,1
1676157954495,921,HTTP Request,200,,Thread-Gruppe  1-72,text,true,,488,129,100,100,http://localhost:7000/randomRequest,921,0,0
1676157955017,403,HTTP Request,200,,Thread-Gruppe  1-9,text,true,,417,129,100,100,http://localhost:7000/randomRequest,403,0,0
1676157954708,712,HTTP Request,200,,Thread-Gruppe  1-26,text,true,,560,129,100,100,http://localhost:7000/randomRequest,712,0,0
1676157954429,1005,HTTP Request,200,,Thread-Gruppe  1-10,text,true,,539,129,100,100,http://localhost:7000/randomRequest,1005,0,1
1676157954150,1297,HTTP Request,200,,Thread-Gruppe  1-86,text,true,,630,129,100,100,http://localhost:7000/randomRequest,1297,0,0
1676157954530,925,HTTP Request,200,,Thread-Gruppe  1-91,text,true,,418,129,100,100,http://localhost:7000/randomRequest,925,0,0
1676157954469,1006,HTTP Request,200,,Thread-Gruppe  1-4,text,true,,643,129,100,100,http://localhost:7000/randomRequest,1006,0,1
1676157954962,514,HTTP Request,200,,Thread-Gruppe  1-8,text,true,,562,129,100,100,http://localhost:7000/randomRequest,514,0,0
1676157955067,409,HTTP Request,200,,Thread-Gruppe  1-37,text,true,,555,129,100,100,http://localhost:7000/randomRequest,409,0,0
1676157954448,1028,HTTP Request,200,,Thread-Gruppe  1-66,text,true,,541,129,100,100,http://localhost:7000/randomRequest,1028,0,0
1676157954869,634,HTTP Request,200,,Thread-Gruppe  1-27,text,true,,417,129,100,100,http://localhost:7000/randomRequest,634,0,0
1676157954885,618,HTTP Request,200,,Thread-Gruppe  1-14,text,true,,492,129,100,100,http://localhost:7000/randomRequest,618,0,0
1676157954895,616,HTTP Request,200,,Thread-Gruppe  1-53,text,true,,570,129,100,100,http://localhost:7000/randomRequest,616,0,1
1676157954690,826,HTTP Request,200,,Thread-Gruppe  1-39,text,true,,563,129,100,100,http://localhost:7000/randomRequest,826,0,0
1676157954911,614,HTTP Request,200,,Thread-Gruppe  1-22,text,true,,419,129,100,100,http://localhost:7000/randomRequest,614,0,1
1676157954603,922,HTTP Request,200,,Thread-Gruppe  1-58,text,true,,417,129,100,100,http://localhost:7000/randomRequest,922,0,1
1676157954716,822,HTTP Request,200,,Thread-Gruppe  1-84,text,true,,419,129,100,100,http://localhost:7000/randomRequest,822,0,1
1676157954817,721,HTTP Request,200,,Thread-Gruppe  1-5,text,true,,550,129,100,100,http://localhost:7000/randomRequest,721,0,0
1676157954841,721,HTTP Request,200,,Thread-Gruppe  1-71,text,true,,403,129,100,100,http://localhost:7000/randomRequest,721,0,1
1676157955150,412,HTTP Request,200,,Thread-Gruppe  1-49,text,true,,555,129,100,100,http://localhost:7000/randomRequest,412,0,1
1676157955150,412,HTTP Request,200,,Thread-Gruppe  1-88,text,true,,418,129,100,100,http://localhost:7000/randomRequest,412,0,1
1676157955071,520,HTTP Request,200,,Thread-Gruppe  1-82,text,true,,488,129,100,100,http://localhost:7000/randomRequest,520,0,0
1676157954895,721,HTTP Request,200,,Thread-Gruppe  1-68,text,true,,545,129,100,100,http://localhost:7000/randomRequest,721,0,1
1676157954716,925,HTTP Request,200,,Thread-Gruppe  1-93,text,true,,492,129,100,100,http://localhost:7000/randomRequest,925,0,1
1676157954920,721,HTTP Request,200,,Thread-Gruppe  1-94,text,true,,419,129,100,100,http://localhost:7000/randomRequest,721,0,0
1676157955126,520,HTTP Request,200,,Thread-Gruppe  1-25,text,true,,559,129,100,100,http://localhost:7000/randomRequest,520,0,0
1676157955022,624,HTTP Request,200,,Thread-Gruppe  1-83,text,true,,4623,129,100,100,http://localhost:7000/randomRequest,624,0,1
1676157954761,897,HTTP Request,200,,Thread-Gruppe  1-90,text,true,,537,129,100,100,http://localhost:7000/randomRequest,897,0,0
1676157954741,927,HTTP Request,200,,Thread-Gruppe  1-81,text,true,,541,129,100,100,http://localhost:7000/randomRequest,927,0,1
1676157954866,825,HTTP Request,200,,Thread-Gruppe  1-50,text,true,,490,129,100,100,http://localhost:7000/randomRequest,825,0,1
1676157954859,832,HTTP Request,200,,Thread-Gruppe  1-44,text,true,,492,129,100,100,http://localhost:7000/randomRequest,832,0,0
1676157954655,1036,HTTP Request,200,,Thread-Gruppe  1-15,text,true,,492,129,100,100,http://localhost:7000/randomRequest,1036,0,0
1676157954703,1001,HTTP Request,200,,Thread-Gruppe  1-79,text,true,,495,129,100,100,http://localhost:7000/randomRequest,1001,0,0
1676157955008,709,HTTP Request,200,,Thread-Gruppe  1-65,text,true,,419,129,100,100,http://localhost:7000/randomRequest,709,0,0
1676157954903,815,HTTP Request,200,,Thread-Gruppe  1-7,text,true,,570,129,100,100,http://localhost:7000/randomRequest,815,0,0
1676157955212,507,HTTP Request,200,,Thread-Gruppe  1-31,text,true,,488,129,100,100,http://localhost:7000/randomRequest,507,0,0
1676157954123,1602,HTTP Request,200,,Thread-Gruppe  1-21,text,true,,539,129,100,100,http://localhost:7000/randomRequest,1602,0,0
1676157955017,709,HTTP Request,200,,Thread-Gruppe  1-55,text,true,,418,129,100,100,http://localhost:7000/randomRequest,709,0,0
1676157954638,1108,HTTP Request,200,,Thread-Gruppe  1-78,text,true,,633,129,100,100,http://localhost:7000/randomRequest,1108,0,0
1676157955103,648,HTTP Request,200,,Thread-Gruppe  1-51,text,true,,412,129,100,100,http://localhost:7000/randomRequest,648,0,0
1676157954738,1024,HTTP Request,200,,Thread-Gruppe  1-89,text,true,,527,129,100,100,http://localhost:7000/randomRequest,1024,0,0
1676157955354,413,HTTP Request,200,,Thread-Gruppe  1-70,text,true,,547,129,100,100,http://localhost:7000/randomRequest,413,0,0
1676157954841,928,HTTP Request,200,,Thread-Gruppe  1-97,text,true,,493,129,100,100,http://localhost:7000/randomRequest,928,0,1
1676157955167,613,HTTP Request,200,,Thread-Gruppe  1-98,text,true,,419,129,100,100,http://localhost:7000/randomRequest,613,0,1
1676157955071,725,HTTP Request,200,,Thread-Gruppe  1-56,text,true,,552,129,100,100,http://localhost:7000/randomRequest,725,0,0
1676157955000,819,HTTP Request,200,,Thread-Gruppe  1-34,text,true,,551,129,100,100,http://localhost:7000/randomRequest,819,0,0
1676157955212,608,HTTP Request,200,,Thread-Gruppe  1-36,text,true,,419,129,100,100,http://localhost:7000/randomRequest,608,0,0
1676157955212,608,HTTP Request,200,,Thread-Gruppe  1-12,text,true,,490,129,100,100,http://localhost:7000/randomRequest,608,0,0
1676157954533,1297,HTTP Request,200,,Thread-Gruppe  1-69,text,true,,541,129,100,100,http://localhost:7000/randomRequest,1297,0,0
1676157955221,610,HTTP Request,200,,Thread-Gruppe  1-2,text,true,,403,129,100,100,http://localhost:7000/randomRequest,610,0,0
1676157954553,1300,HTTP Request,200,,Thread-Gruppe  1-57,text,true,,536,129,100,100,http://localhost:7000/randomRequest,1300,0,1
1676157955067,817,HTTP Request,200,,Thread-Gruppe  1-64,text,true,,485,129,100,100,http://localhost:7000/randomRequest,817,0,0
1676157954552,1332,HTTP Request,200,,Thread-Gruppe  1-96,text,true,,488,129,100,100,http://localhost:7000/randomRequest,1332,0,0
1676157955477,415,HTTP Request,200,,Thread-Gruppe  1-8,text,true,,416,129,100,100,http://localhost:7000/randomRequest,415,0,0
1676157954690,1201,HTTP Request,200,,Thread-Gruppe  1-33,text,true,,537,129,100,100,http://localhost:7000/randomRequest,1201,0,0
1676157955067,824,HTTP Request,200,,Thread-Gruppe  1-24,text,true,,492,129,100,100,http://localhost:7000/randomRequest,824,0,0
1676157955477,415,HTTP Request,200,,Thread-Gruppe  1-66,text,true,,553,129,100,100,http://localhost:7000/randomRequest,415,0,0
1676157955380,517,HTTP Request,200,,Thread-Gruppe  1-45,text,true,,490,129,100,100,http://localhost:7000/randomRequest,517,0,0
1676157955075,825,HTTP Request,200,,Thread-Gruppe  1-73,text,true,,419,129,100,100,http://localhost:7000/randomRequest,825,0,0
1676157955385,518,HTTP Request,200,,Thread-Gruppe  1-1,text,true,,492,129,100,100,http://localhost:7000/randomRequest,518,0,1
1676157955092,825,HTTP Request,200,,Thread-Gruppe  1-46,text,true,,418,129,100,100,http://localhost:7000/randomRequest,825,0,0
1676157955406,519,HTTP Request,200,,Thread-Gruppe  1-76,text,true,,419,129,100,100,http://localhost:7000/randomRequest,519,0,1
1676157955196,733,HTTP Request,200,,Thread-Gruppe  1-59,text,true,,580,129,100,100,http://localhost:7000/randomRequest,733,0,0
1676157955539,415,HTTP Request,200,,Thread-Gruppe  1-84,text,true,,419,129,100,100,http://localhost:7000/randomRequest,415,0,0
1676157955229,728,HTTP Request,200,,Thread-Gruppe  1-40,text,true,,555,129,100,100,http://localhost:7000/randomRequest,728,0,0
1676157955563,408,HTTP Request,200,,Thread-Gruppe  1-71,text,true,,581,129,100,100,http://localhost:7000/randomRequest,408,0,0
1676157955162,823,HTTP Request,200,,Thread-Gruppe  1-38,text,true,,492,129,100,100,http://localhost:7000/randomRequest,823,0,0
1676157955067,922,HTTP Request,200,,Thread-Gruppe  1-29,text,true,,492,129,100,100,http://localhost:7000/randomRequest,922,0,0
1676157954962,1027,HTTP Request,200,,Thread-Gruppe  1-13,text,true,,488,129,100,100,http://localhost:7000/randomRequest,1027,0,0
1676157955380,621,HTTP Request,200,,Thread-Gruppe  1-80,text,true,,546,129,100,100,http://localhost:7000/randomRequest,621,0,0
1676157955477,527,HTTP Request,200,,Thread-Gruppe  1-37,text,true,,417,129,100,100,http://localhost:7000/randomRequest,527,0,0
1676157955000,1003,HTTP Request,200,,Thread-Gruppe  1-92,text,true,,527,129,100,100,http://localhost:7000/randomRequest,1003,0,0
1676157954885,1118,HTTP Request,200,,Thread-Gruppe  1-43,text,true,,526,129,100,100,http://localhost:7000/randomRequest,1118,0,0
1676157955204,821,HTTP Request,200,,Thread-Gruppe  1-32,text,true,,490,129,100,100,http://localhost:7000/randomRequest,821,0,0
1676157955409,616,HTTP Request,200,,Thread-Gruppe  1-85,text,true,,492,129,100,100,http://localhost:7000/randomRequest,616,0,0
1676157955526,514,HTTP Request,200,,Thread-Gruppe  1-22,text,true,,417,129,100,100,http://localhost:7000/randomRequest,514,0,0
1676157955422,618,HTTP Request,200,,Thread-Gruppe  1-9,text,true,,419,129,100,100,http://localhost:7000/randomRequest,618,0,0
1676157955126,934,HTTP Request,200,,Thread-Gruppe  1-87,text,true,,403,129,100,100,http://localhost:7000/randomRequest,934,0,0
1676157955448,623,HTTP Request,200,,Thread-Gruppe  1-86,text,true,,563,129,100,100,http://localhost:7000/randomRequest,623,0,0
1676157955457,619,HTTP Request,200,,Thread-Gruppe  1-91,text,true,,417,129,100,100,http://localhost:7000/randomRequest,619,0,0
1676157955563,513,HTTP Request,200,,Thread-Gruppe  1-88,text,true,,560,129,100,100,http://localhost:7000/randomRequest,513,0,0
1676157954716,1398,HTTP Request,200,,Thread-Gruppe  1-41,text,true,,537,129,100,100,http://localhost:7000/randomRequest,1398,0,1
1676157955309,817,HTTP Request,200,,Thread-Gruppe  1-62,text,true,,492,129,100,100,http://localhost:7000/randomRequest,817,0,0
1676157955418,708,HTTP Request,200,,Thread-Gruppe  1-23,text,true,,492,129,100,100,http://localhost:7000/randomRequest,708,0,0
1676157955526,618,HTTP Request,200,,Thread-Gruppe  1-58,text,true,,558,129,100,100,http://localhost:7000/randomRequest,618,0,0
1676157955152,1006,HTTP Request,200,,Thread-Gruppe  1-48,text,true,,491,129,100,100,http://localhost:7000/randomRequest,1006,0,0
1676157955351,825,HTTP Request,200,,Thread-Gruppe  1-67,text,true,,403,129,100,100,http://localhost:7000/randomRequest,825,0,0
1676157926083,30097,HTTP Request,500,,Thread-Gruppe  1-35,text,false,,258,129,100,100,http://localhost:7000/randomRequest,30097,0,0
1676157955476,726,HTTP Request,200,,Thread-Gruppe  1-4,text,true,,489,129,100,100,http://localhost:7000/randomRequest,726,0,0
1676157955692,515,HTTP Request,200,,Thread-Gruppe  1-15,text,true,,403,129,100,100,http://localhost:7000/randomRequest,515,0,1
1676157955692,515,HTTP Request,200,,Thread-Gruppe  1-50,text,true,,418,129,100,100,http://localhost:7000/randomRequest,515,0,1
1676157955705,512,HTTP Request,200,,Thread-Gruppe  1-79,text,true,,566,129,100,100,http://localhost:7000/randomRequest,512,0,0
1676157955504,725,HTTP Request,200,,Thread-Gruppe  1-27,text,true,,403,129,100,100,http://localhost:7000/randomRequest,725,0,1
1676157955518,711,HTTP Request,200,,Thread-Gruppe  1-39,text,true,,488,129,100,100,http://localhost:7000/randomRequest,711,0,0
1676157955504,725,HTTP Request,200,,Thread-Gruppe  1-14,text,true,,417,129,100,100,http://localhost:7000/randomRequest,725,0,1
1676157955617,612,HTTP Request,200,,Thread-Gruppe  1-68,text,true,,419,129,100,100,http://localhost:7000/randomRequest,612,0,1
1676157955512,717,HTTP Request,200,,Thread-Gruppe  1-53,text,true,,490,129,100,100,http://localhost:7000/randomRequest,717,0,0
1676157955642,617,HTTP Request,200,,Thread-Gruppe  1-94,text,true,,417,129,100,100,http://localhost:7000/randomRequest,617,0,1
1676157955647,620,HTTP Request,200,,Thread-Gruppe  1-83,text,true,,416,129,100,100,http://localhost:7000/randomRequest,620,0,1
1676157955563,718,HTTP Request,200,,Thread-Gruppe  1-49,text,true,,419,129,100,100,http://localhost:7000/randomRequest,718,0,0
1676157955763,518,HTTP Request,200,,Thread-Gruppe  1-89,text,true,,485,129,100,100,http://localhost:7000/randomRequest,518,0,0
1676157955539,742,HTTP Request,200,,Thread-Gruppe  1-5,text,true,,417,129,100,100,http://localhost:7000/randomRequest,742,0,0
1676157955669,616,HTTP Request,200,,Thread-Gruppe  1-81,text,true,,416,129,100,100,http://localhost:7000/randomRequest,616,0,1
1676157955692,639,HTTP Request,200,,Thread-Gruppe  1-44,text,true,,541,129,100,100,http://localhost:7000/randomRequest,639,0,1
1676157955726,625,HTTP Request,200,,Thread-Gruppe  1-21,text,true,,492,129,100,100,http://localhost:7000/randomRequest,625,0,0
1676157955435,925,HTTP Request,200,,Thread-Gruppe  1-10,text,true,,492,129,100,100,http://localhost:7000/randomRequest,925,0,0
1676157955254,1127,HTTP Request,200,,Thread-Gruppe  1-74,text,true,,401,129,100,100,http://localhost:7000/randomRequest,1127,0,0
1676157955885,519,HTTP Request,200,,Thread-Gruppe  1-64,text,true,,403,129,100,100,http://localhost:7000/randomRequest,519,0,0
1676157955592,823,HTTP Request,200,,Thread-Gruppe  1-82,text,true,,488,129,100,100,http://localhost:7000/randomRequest,823,0,1
1676157955901,514,HTTP Request,200,,Thread-Gruppe  1-73,text,true,,481,129,100,100,http://localhost:7000/randomRequest,514,0,0
1676157955957,513,HTTP Request,200,,Thread-Gruppe  1-40,text,true,,551,129,100,100,http://localhost:7000/randomRequest,513,0,0
1676157955659,826,HTTP Request,200,,Thread-Gruppe  1-90,text,true,,545,129,100,100,http://localhost:7000/randomRequest,826,0,1
1676157955971,521,HTTP Request,200,,Thread-Gruppe  1-71,text,true,,555,129,100,100,http://localhost:7000/randomRequest,521,0,1
1676157955770,722,HTTP Request,200,,Thread-Gruppe  1-97,text,true,,561,129,100,100,http://localhost:7000/randomRequest,722,0,0
1676157955781,724,HTTP Request,200,,Thread-Gruppe  1-98,text,true,,418,129,100,100,http://localhost:7000/randomRequest,724,0,0
1676157955797,722,HTTP Request,200,,Thread-Gruppe  1-56,text,true,,419,129,100,100,http://localhost:7000/randomRequest,722,0,0
1676157955719,819,HTTP Request,200,,Thread-Gruppe  1-7,text,true,,403,129,100,100,http://localhost:7000/randomRequest,819,0,0
1676157956160,407,HTTP Request,200,,Thread-Gruppe  1-48,text,true,,557,129,100,100,http://localhost:7000/randomRequest,407,0,0
1676157955954,613,HTTP Request,200,,Thread-Gruppe  1-84,text,true,,418,129,100,100,http://localhost:7000/randomRequest,613,0,0
1676157955854,715,HTTP Request,200,,Thread-Gruppe  1-57,text,true,,544,129,100,100,http://localhost:7000/randomRequest,715,0,1
1676157955647,922,HTTP Request,200,,Thread-Gruppe  1-25,text,true,,481,129,100,100,http://localhost:7000/randomRequest,922,0,1
1676157956076,520,HTTP Request,200,,Thread-Gruppe  1-88,text,true,,556,129,100,100,http://localhost:7000/randomRequest,520,0,0
1676157955990,619,HTTP Request,200,,Thread-Gruppe  1-29,text,true,,419,129,100,100,http://localhost:7000/randomRequest,619,0,0
1676157955892,722,HTTP Request,200,,Thread-Gruppe  1-8,text,true,,557,129,100,100,http://localhost:7000/randomRequest,722,0,1
1676157955892,722,HTTP Request,200,,Thread-Gruppe  1-33,text,true,,419,129,100,100,http://localhost:7000/randomRequest,722,0,1
1676157955422,1205,HTTP Request,200,,Thread-Gruppe  1-26,text,true,,527,129,100,100,http://localhost:7000/randomRequest,1205,0,0
1676157955718,924,HTTP Request,200,,Thread-Gruppe  1-65,text,true,,488,129,100,100,http://localhost:7000/randomRequest,924,0,0
1676157955820,827,HTTP Request,200,,Thread-Gruppe  1-36,text,true,,418,129,100,100,http://localhost:7000/randomRequest,827,0,0
1676157955929,723,HTTP Request,200,,Thread-Gruppe  1-59,text,true,,492,129,100,100,http://localhost:7000/randomRequest,723,0,1
1676157955831,823,HTTP Request,200,,Thread-Gruppe  1-69,text,true,,857,129,100,100,http://localhost:7000/randomRequest,823,0,0
1676157956040,615,HTTP Request,200,,Thread-Gruppe  1-22,text,true,,419,129,100,100,http://localhost:7000/randomRequest,615,0,0
1676157955747,922,HTTP Request,200,,Thread-Gruppe  1-78,text,true,,481,129,100,100,http://localhost:7000/randomRequest,922,0,0
1676157955642,1030,HTTP Request,200,,Thread-Gruppe  1-93,text,true,,485,129,100,100,http://localhost:7000/randomRequest,1030,0,1
1676157956176,535,HTTP Request,200,,Thread-Gruppe  1-67,text,true,,555,129,100,100,http://localhost:7000/randomRequest,535,0,0
1676157956072,639,HTTP Request,200,,Thread-Gruppe  1-86,text,true,,488,129,100,100,http://localhost:7000/randomRequest,639,0,0
1676157955167,1543,HTTP Request,200,,Thread-Gruppe  1-100,text,true,,633,129,100,100,http://localhost:7000/randomRequest,1543,0,1
1676157955752,959,HTTP Request,200,,Thread-Gruppe  1-51,text,true,,548,129,100,100,http://localhost:7000/randomRequest,959,0,0
1676157955986,728,HTTP Request,200,,Thread-Gruppe  1-38,text,true,,403,129,100,100,http://localhost:7000/randomRequest,728,0,1
1676157955820,894,HTTP Request,200,,Thread-Gruppe  1-34,text,true,,643,129,100,100,http://localhost:7000/randomRequest,894,0,0
1676157955892,825,HTTP Request,200,,Thread-Gruppe  1-24,text,true,,483,129,100,100,http://localhost:7000/randomRequest,825,0,1
1676157956004,717,HTTP Request,200,,Thread-Gruppe  1-92,text,true,,418,129,100,100,http://localhost:7000/randomRequest,717,0,0
1676157955903,818,HTTP Request,200,,Thread-Gruppe  1-1,text,true,,492,129,100,100,http://localhost:7000/randomRequest,818,0,1
1676157956004,717,HTTP Request,200,,Thread-Gruppe  1-43,text,true,,492,129,100,100,http://localhost:7000/randomRequest,717,0,0
1676157956115,612,HTTP Request,200,,Thread-Gruppe  1-41,text,true,,485,129,100,100,http://localhost:7000/randomRequest,612,0,0
1676157956126,613,HTTP Request,200,,Thread-Gruppe  1-23,text,true,,416,129,100,100,http://localhost:7000/randomRequest,613,0,0
1676157955919,823,HTTP Request,200,,Thread-Gruppe  1-46,text,true,,490,129,100,100,http://localhost:7000/randomRequest,823,0,0
1676157956144,613,HTTP Request,200,,Thread-Gruppe  1-58,text,true,,492,129,100,100,http://localhost:7000/randomRequest,613,0,1
1676157956352,411,HTTP Request,200,,Thread-Gruppe  1-21,text,true,,403,129,100,100,http://localhost:7000/randomRequest,411,0,0
1676157955885,884,HTTP Request,200,,Thread-Gruppe  1-96,text,true,,527,129,100,100,http://localhost:7000/randomRequest,884,0,0
1676157955925,844,HTTP Request,200,,Thread-Gruppe  1-76,text,true,,564,129,100,100,http://localhost:7000/randomRequest,844,0,0
1676157955767,1005,HTTP Request,200,,Thread-Gruppe  1-70,text,true,,541,129,100,100,http://localhost:7000/randomRequest,1005,0,1
1676157955831,945,HTTP Request,200,,Thread-Gruppe  1-2,text,true,,555,129,100,100,http://localhost:7000/randomRequest,945,0,0
1676157955892,925,HTTP Request,200,,Thread-Gruppe  1-66,text,true,,488,129,100,100,http://localhost:7000/randomRequest,925,0,1
1676157955990,827,HTTP Request,200,,Thread-Gruppe  1-13,text,true,,488,129,100,100,http://localhost:7000/randomRequest,827,0,0
1676157955820,1034,HTTP Request,200,,Thread-Gruppe  1-12,text,true,,403,129,100,100,http://localhost:7000/randomRequest,1034,0,0
1676157955727,1136,HTTP Request,200,,Thread-Gruppe  1-55,text,true,,492,129,100,100,http://localhost:7000/randomRequest,1136,0,0
1676157956360,521,HTTP Request,200,,Thread-Gruppe  1-10,text,true,,492,129,100,100,http://localhost:7000/randomRequest,521,0,0
1676157956470,428,HTTP Request,200,,Thread-Gruppe  1-40,text,true,,550,129,100,100,http://localhost:7000/randomRequest,428,0,1
1676157956260,638,HTTP Request,200,,Thread-Gruppe  1-94,text,true,,417,129,100,100,http://localhost:7000/randomRequest,638,0,0
1676157956485,416,HTTP Request,200,,Thread-Gruppe  1-90,text,true,,555,129,100,100,http://localhost:7000/randomRequest,416,0,0
1676157956286,635,HTTP Request,200,,Thread-Gruppe  1-81,text,true,,415,129,100,100,http://localhost:7000/randomRequest,635,0,0
1676157955897,1024,HTTP Request,200,,Thread-Gruppe  1-45,text,true,,403,129,100,100,http://localhost:7000/randomRequest,1024,0,0
1676157955418,1507,HTTP Request,200,,Thread-Gruppe  1-72,text,true,,527,129,100,100,http://localhost:7000/randomRequest,1507,0,0
1676157956004,922,HTTP Request,200,,Thread-Gruppe  1-37,text,true,,419,129,100,100,http://localhost:7000/randomRequest,922,0,0
1676157956230,721,HTTP Request,200,,Thread-Gruppe  1-27,text,true,,552,129,100,100,http://localhost:7000/randomRequest,721,0,0
1676157956230,721,HTTP Request,200,,Thread-Gruppe  1-53,text,true,,560,129,100,100,http://localhost:7000/randomRequest,721,0,0
1676157956040,920,HTTP Request,200,,Thread-Gruppe  1-9,text,true,,419,129,100,100,http://localhost:7000/randomRequest,920,0,0
1676157956281,722,HTTP Request,200,,Thread-Gruppe  1-49,text,true,,492,129,100,100,http://localhost:7000/randomRequest,722,0,0
1676157956415,588,HTTP Request,200,,Thread-Gruppe  1-82,text,true,,640,129,100,100,http://localhost:7000/randomRequest,588,0,1
1676157956381,622,HTTP Request,200,,Thread-Gruppe  1-74,text,true,,492,129,100,100,http://localhost:7000/randomRequest,622,0,1
1676157956281,722,HTTP Request,200,,Thread-Gruppe  1-89,text,true,,547,129,100,100,http://localhost:7000/randomRequest,722,0,0
1676157956281,722,HTTP Request,200,,Thread-Gruppe  1-5,text,true,,418,129,100,100,http://localhost:7000/randomRequest,722,0,0
1676157956492,512,HTTP Request,200,,Thread-Gruppe  1-71,text,true,,419,129,100,100,http://localhost:7000/randomRequest,512,0,1
1676157956596,408,HTTP Request,200,,Thread-Gruppe  1-88,text,true,,554,129,100,100,http://localhost:7000/randomRequest,408,0,0
1676157956492,512,HTTP Request,200,,Thread-Gruppe  1-97,text,true,,419,129,100,100,http://localhost:7000/randomRequest,512,0,1
1676157956717,304,HTTP Request,200,,Thread-Gruppe  1-24,text,true,,492,129,100,100,http://localhost:7000/randomRequest,304,0,1
1676157956001,1020,HTTP Request,200,,Thread-Gruppe  1-80,text,true,,492,129,100,100,http://localhost:7000/randomRequest,1020,0,0
1676157956025,996,HTTP Request,200,,Thread-Gruppe  1-32,text,true,,541,129,100,100,http://localhost:7000/randomRequest,996,0,0
1676157956230,815,HTTP Request,200,,Thread-Gruppe  1-68,text,true,,490,129,100,100,http://localhost:7000/randomRequest,815,0,0
1676157956230,823,HTTP Request,200,,Thread-Gruppe  1-39,text,true,,481,129,100,100,http://localhost:7000/randomRequest,823,0,0
1676157956647,407,HTTP Request,200,,Thread-Gruppe  1-36,text,true,,485,129,100,100,http://localhost:7000/randomRequest,407,0,1
1676157956332,728,HTTP Request,200,,Thread-Gruppe  1-44,text,true,,417,129,100,100,http://localhost:7000/randomRequest,728,0,0
1676157956568,551,HTTP Request,200,,Thread-Gruppe  1-84,text,true,,674,129,100,100,http://localhost:7000/randomRequest,551,0,0
1676157956217,914,HTTP Request,200,,Thread-Gruppe  1-79,text,true,,553,129,100,100,http://localhost:7000/randomRequest,914,0,1
1676157956230,924,HTTP Request,200,,Thread-Gruppe  1-14,text,true,,552,129,100,100,http://localhost:7000/randomRequest,924,0,0
1676157956539,615,HTTP Request,200,,Thread-Gruppe  1-7,text,true,,492,129,100,100,http://localhost:7000/randomRequest,615,0,0
1676157956126,1028,HTTP Request,200,,Thread-Gruppe  1-62,text,true,,550,129,100,100,http://localhost:7000/randomRequest,1028,0,0
1676157956076,1089,HTTP Request,200,,Thread-Gruppe  1-91,text,true,,537,129,100,100,http://localhost:7000/randomRequest,1089,0,0
1676157956712,508,HTTP Request,200,,Thread-Gruppe  1-51,text,true,,1822,129,100,100,http://localhost:7000/randomRequest,508,0,0
1676157956614,612,HTTP Request,200,,Thread-Gruppe  1-8,text,true,,419,129,100,100,http://localhost:7000/randomRequest,612,0,0
1676157955719,1507,HTTP Request,200,,Thread-Gruppe  1-31,text,true,,647,129,100,100,http://localhost:7000/randomRequest,1507,0,0
1676157956404,822,HTTP Request,200,,Thread-Gruppe  1-64,text,true,,492,129,100,100,http://localhost:7000/randomRequest,822,0,1
1676157956207,1028,HTTP Request,200,,Thread-Gruppe  1-50,text,true,,492,129,100,100,http://localhost:7000/randomRequest,1028,0,1
1676157956721,514,HTTP Request,200,,Thread-Gruppe  1-43,text,true,,419,129,100,100,http://localhost:7000/randomRequest,514,0,0
1676157956415,820,HTTP Request,200,,Thread-Gruppe  1-73,text,true,,489,129,100,100,http://localhost:7000/randomRequest,820,0,1
1676157956519,716,HTTP Request,200,,Thread-Gruppe  1-56,text,true,,419,129,100,100,http://localhost:7000/randomRequest,716,0,0
1676157956721,514,HTTP Request,200,,Thread-Gruppe  1-92,text,true,,545,129,100,100,http://localhost:7000/randomRequest,514,0,0
1676157956568,684,HTTP Request,200,,Thread-Gruppe  1-48,text,true,,647,129,100,100,http://localhost:7000/randomRequest,684,0,0
1676157956721,531,HTTP Request,200,,Thread-Gruppe  1-1,text,true,,415,129,100,100,http://localhost:7000/randomRequest,531,0,0
1676157956025,1227,HTTP Request,200,,Thread-Gruppe  1-85,text,true,,490,129,100,100,http://localhost:7000/randomRequest,1227,0,0
1676157956769,511,HTTP Request,200,,Thread-Gruppe  1-96,text,true,,546,129,100,100,http://localhost:7000/randomRequest,511,0,0
1676157956769,511,HTTP Request,200,,Thread-Gruppe  1-76,text,true,,416,129,100,100,http://localhost:7000/randomRequest,511,0,0
1676157956569,725,HTTP Request,200,,Thread-Gruppe  1-25,text,true,,492,129,100,100,http://localhost:7000/randomRequest,725,0,0
1676157956712,608,HTTP Request,200,,Thread-Gruppe  1-100,text,true,,553,129,100,100,http://localhost:7000/randomRequest,608,0,0
1676157956614,716,HTTP Request,200,,Thread-Gruppe  1-33,text,true,,492,129,100,100,http://localhost:7000/randomRequest,716,0,0
1676157956505,825,HTTP Request,200,,Thread-Gruppe  1-98,text,true,,481,129,100,100,http://localhost:7000/randomRequest,825,0,0
1676157956202,1128,HTTP Request,200,,Thread-Gruppe  1-4,text,true,,481,129,100,100,http://localhost:7000/randomRequest,1128,0,0
1676157956714,639,HTTP Request,200,,Thread-Gruppe  1-34,text,true,,417,129,100,100,http://localhost:7000/randomRequest,639,0,0
1676157956742,612,HTTP Request,200,,Thread-Gruppe  1-46,text,true,,578,129,100,100,http://localhost:7000/randomRequest,612,0,1
1676157956854,506,HTTP Request,200,,Thread-Gruppe  1-12,text,true,,557,129,100,100,http://localhost:7000/randomRequest,506,0,0
1676157956061,1321,HTTP Request,200,,Thread-Gruppe  1-87,text,true,,643,129,100,100,http://localhost:7000/randomRequest,1321,0,0
1676157956772,620,HTTP Request,200,,Thread-Gruppe  1-70,text,true,,419,129,100,100,http://localhost:7000/randomRequest,620,0,0
1676157956672,727,HTTP Request,200,,Thread-Gruppe  1-93,text,true,,415,129,100,100,http://localhost:7000/randomRequest,727,0,0
1676157956569,830,HTTP Request,200,,Thread-Gruppe  1-57,text,true,,401,129,100,100,http://localhost:7000/randomRequest,830,0,0
1676157957004,411,HTTP Request,200,,Thread-Gruppe  1-97,text,true,,546,129,100,100,http://localhost:7000/randomRequest,411,0,0
1676157956609,811,HTTP Request,200,,Thread-Gruppe  1-29,text,true,,485,129,100,100,http://localhost:7000/randomRequest,811,0,0
1676157956818,612,HTTP Request,200,,Thread-Gruppe  1-66,text,true,,419,129,100,100,http://localhost:7000/randomRequest,612,0,0
1676157956712,718,HTTP Request,200,,Thread-Gruppe  1-86,text,true,,572,129,100,100,http://localhost:7000/randomRequest,718,0,0
1676157956925,515,HTTP Request,200,,Thread-Gruppe  1-72,text,true,,566,129,100,100,http://localhost:7000/randomRequest,515,0,0
1676157956951,506,HTTP Request,200,,Thread-Gruppe  1-53,text,true,,419,129,100,100,http://localhost:7000/randomRequest,506,0,0
1676157956642,818,HTTP Request,200,,Thread-Gruppe  1-65,text,true,,485,129,100,100,http://localhost:7000/randomRequest,818,0,1
1676157956881,622,HTTP Request,200,,Thread-Gruppe  1-10,text,true,,403,129,100,100,http://localhost:7000/randomRequest,622,0,0
1676157956818,714,HTTP Request,200,,Thread-Gruppe  1-13,text,true,,569,129,100,100,http://localhost:7000/randomRequest,714,0,0
1676157956926,617,HTTP Request,200,,Thread-Gruppe  1-37,text,true,,489,129,100,100,http://localhost:7000/randomRequest,617,0,0
1676157956627,930,HTTP Request,200,,Thread-Gruppe  1-26,text,true,,492,129,100,100,http://localhost:7000/randomRequest,930,0,0
1676157956739,820,HTTP Request,200,,Thread-Gruppe  1-23,text,true,,555,129,100,100,http://localhost:7000/randomRequest,820,0,1
1676157957046,513,HTTP Request,200,,Thread-Gruppe  1-68,text,true,,419,129,100,100,http://localhost:7000/randomRequest,513,0,0
1676157956267,1303,HTTP Request,200,,Thread-Gruppe  1-83,text,true,,540,129,100,100,http://localhost:7000/randomRequest,1303,0,1
1676157956655,917,HTTP Request,200,,Thread-Gruppe  1-22,text,true,,492,129,100,100,http://localhost:7000/randomRequest,917,0,0
1676157956763,816,HTTP Request,200,,Thread-Gruppe  1-21,text,true,,481,129,100,100,http://localhost:7000/randomRequest,816,0,1
1676157956180,1409,HTTP Request,200,,Thread-Gruppe  1-35,text,true,,633,129,100,100,http://localhost:7000/randomRequest,1409,0,0
1676157956669,920,HTTP Request,200,,Thread-Gruppe  1-78,text,true,,557,129,100,100,http://localhost:7000/randomRequest,920,0,0
1676157956898,722,HTTP Request,200,,Thread-Gruppe  1-94,text,true,,492,129,100,100,http://localhost:7000/randomRequest,722,0,0
1676157957003,617,HTTP Request,200,,Thread-Gruppe  1-5,text,true,,488,129,100,100,http://localhost:7000/randomRequest,617,0,1
1676157957003,622,HTTP Request,200,,Thread-Gruppe  1-82,text,true,,417,129,100,100,http://localhost:7000/randomRequest,622,0,1
1676157956921,714,HTTP Request,200,,Thread-Gruppe  1-45,text,true,,485,129,100,100,http://localhost:7000/randomRequest,714,0,0
1676157957131,514,HTTP Request,200,,Thread-Gruppe  1-79,text,true,,419,129,100,100,http://localhost:7000/randomRequest,514,0,0
1676157956951,708,HTTP Request,200,,Thread-Gruppe  1-27,text,true,,553,129,100,100,http://localhost:7000/randomRequest,708,0,0
1676157957154,505,HTTP Request,200,,Thread-Gruppe  1-14,text,true,,418,129,100,100,http://localhost:7000/randomRequest,505,0,0
1676157957054,607,HTTP Request,200,,Thread-Gruppe  1-36,text,true,,492,129,100,100,http://localhost:7000/randomRequest,607,0,1
1676157957053,608,HTTP Request,200,,Thread-Gruppe  1-39,text,true,,489,129,100,100,http://localhost:7000/randomRequest,608,0,0
1676157956712,1017,HTTP Request,200,,Thread-Gruppe  1-67,text,true,,537,129,100,100,http://localhost:7000/randomRequest,1017,0,0
1676157956901,828,HTTP Request,200,,Thread-Gruppe  1-90,text,true,,481,129,100,100,http://localhost:7000/randomRequest,828,0,0
1676157957004,725,HTTP Request,200,,Thread-Gruppe  1-88,text,true,,552,129,100,100,http://localhost:7000/randomRequest,725,0,0
1676157957120,620,HTTP Request,200,,Thread-Gruppe  1-84,text,true,,418,129,100,100,http://localhost:7000/randomRequest,620,0,0
1676157957021,719,HTTP Request,200,,Thread-Gruppe  1-80,text,true,,481,129,100,100,http://localhost:7000/randomRequest,719,0,1
1676157957235,510,HTTP Request,200,,Thread-Gruppe  1-43,text,true,,492,129,100,100,http://localhost:7000/randomRequest,510,0,0
1676157956727,1032,HTTP Request,200,,Thread-Gruppe  1-41,text,true,,490,129,100,100,http://localhost:7000/randomRequest,1032,0,1
1676157957154,609,HTTP Request,200,,Thread-Gruppe  1-7,text,true,,492,129,100,100,http://localhost:7000/randomRequest,609,0,0
1676157956757,1014,HTTP Request,200,,Thread-Gruppe  1-58,text,true,,540,129,100,100,http://localhost:7000/randomRequest,1014,0,0
1676157957165,623,HTTP Request,200,,Thread-Gruppe  1-91,text,true,,554,129,100,100,http://localhost:7000/randomRequest,623,0,0
1676157956863,925,HTTP Request,200,,Thread-Gruppe  1-55,text,true,,485,129,100,100,http://localhost:7000/randomRequest,925,0,0
1676157957295,529,HTTP Request,200,,Thread-Gruppe  1-25,text,true,,417,129,100,100,http://localhost:7000/randomRequest,529,0,0
1676157957003,822,HTTP Request,200,,Thread-Gruppe  1-89,text,true,,490,129,100,100,http://localhost:7000/randomRequest,822,0,1
1676157957226,619,HTTP Request,200,,Thread-Gruppe  1-64,text,true,,419,129,100,100,http://localhost:7000/randomRequest,619,0,1
1676157957430,415,HTTP Request,200,,Thread-Gruppe  1-86,text,true,,492,129,100,100,http://localhost:7000/randomRequest,415,0,0
1676157957226,619,HTTP Request,200,,Thread-Gruppe  1-8,text,true,,565,129,100,100,http://localhost:7000/randomRequest,619,0,1
1676157957330,515,HTTP Request,200,,Thread-Gruppe  1-98,text,true,,555,129,100,100,http://localhost:7000/randomRequest,515,0,0
1676157957235,614,HTTP Request,200,,Thread-Gruppe  1-92,text,true,,492,129,100,100,http://localhost:7000/randomRequest,614,0,0
1676157956776,1090,HTTP Request,200,,Thread-Gruppe  1-2,text,true,,537,129,100,100,http://localhost:7000/randomRequest,1090,0,1
1676157956960,908,HTTP Request,200,,Thread-Gruppe  1-9,text,true,,647,129,100,100,http://localhost:7000/randomRequest,908,0,0
1676157956654,1225,HTTP Request,200,,Thread-Gruppe  1-69,text,true,,541,129,100,100,http://localhost:7000/randomRequest,1225,0,0
1676157957382,522,HTTP Request,200,,Thread-Gruppe  1-87,text,true,,419,129,100,100,http://localhost:7000/randomRequest,522,0,1
1676157956921,1009,HTTP Request,200,,Thread-Gruppe  1-81,text,true,,495,129,100,100,http://localhost:7000/randomRequest,1009,0,0
1676157957220,712,HTTP Request,200,,Thread-Gruppe  1-51,text,true,,403,129,100,100,http://localhost:7000/randomRequest,712,0,0
1676157957021,928,HTTP Request,200,,Thread-Gruppe  1-32,text,true,,709,129,100,100,http://localhost:7000/randomRequest,928,0,1
1676157957440,514,HTTP Request,200,,Thread-Gruppe  1-72,text,true,,417,129,100,100,http://localhost:7000/randomRequest,514,0,1
1676157957360,609,HTTP Request,200,,Thread-Gruppe  1-12,text,true,,489,129,100,100,http://localhost:7000/randomRequest,609,0,0
1676157957252,717,HTTP Request,200,,Thread-Gruppe  1-85,text,true,,419,129,100,100,http://localhost:7000/randomRequest,717,0,1
1676157957252,717,HTTP Request,200,,Thread-Gruppe  1-48,text,true,,492,129,100,100,http://localhost:7000/randomRequest,717,0,1
1676157956898,1094,HTTP Request,200,,Thread-Gruppe  1-40,text,true,,527,129,100,100,http://localhost:7000/randomRequest,1094,0,0
1676157957252,743,HTTP Request,200,,Thread-Gruppe  1-1,text,true,,417,129,100,100,http://localhost:7000/randomRequest,743,0,1
1676157957330,721,HTTP Request,200,,Thread-Gruppe  1-4,text,true,,546,129,100,100,http://localhost:7000/randomRequest,721,0,0
1676157957235,817,HTTP Request,200,,Thread-Gruppe  1-73,text,true,,403,129,100,100,http://localhost:7000/randomRequest,817,0,0
1676157957645,413,HTTP Request,200,,Thread-Gruppe  1-79,text,true,,419,129,100,100,http://localhost:7000/randomRequest,413,0,0
1676157957543,515,HTTP Request,200,,Thread-Gruppe  1-37,text,true,,554,129,100,100,http://localhost:7000/randomRequest,515,0,0
1676157956652,1416,HTTP Request,200,,Thread-Gruppe  1-59,text,true,,537,129,100,100,http://localhost:7000/randomRequest,1416,0,0
1676157957354,715,HTTP Request,200,,Thread-Gruppe  1-46,text,true,,419,129,100,100,http://localhost:7000/randomRequest,715,0,1
1676157957570,503,HTTP Request,200,,Thread-Gruppe  1-83,text,true,,419,129,100,100,http://localhost:7000/randomRequest,503,0,0
1676157957280,824,HTTP Request,200,,Thread-Gruppe  1-76,text,true,,483,129,100,100,http://localhost:7000/randomRequest,824,0,1
1676157957589,537,HTTP Request,200,,Thread-Gruppe  1-35,text,true,,417,129,100,100,http://localhost:7000/randomRequest,537,0,0
1676157956714,1415,HTTP Request,200,,Thread-Gruppe  1-38,text,true,,537,129,100,100,http://localhost:7000/randomRequest,1415,0,0
1676157957004,1129,HTTP Request,200,,Thread-Gruppe  1-71,text,true,,403,129,100,100,http://localhost:7000/randomRequest,1129,0,0
1676157957003,1135,HTTP Request,200,,Thread-Gruppe  1-74,text,true,,485,129,100,100,http://localhost:7000/randomRequest,1135,0,1
1676157957399,742,HTTP Request,200,,Thread-Gruppe  1-93,text,true,,674,129,100,100,http://localhost:7000/randomRequest,742,0,0
1676157957636,519,HTTP Request,200,,Thread-Gruppe  1-45,text,true,,485,129,100,100,http://localhost:7000/randomRequest,519,0,0
1676157957280,889,HTTP Request,200,,Thread-Gruppe  1-96,text,true,,491,129,100,100,http://localhost:7000/randomRequest,889,0,1
1676157957235,934,HTTP Request,200,,Thread-Gruppe  1-56,text,true,,568,129,100,100,http://localhost:7000/randomRequest,934,0,0
1676157957060,1132,HTTP Request,200,,Thread-Gruppe  1-44,text,true,,485,129,100,100,http://localhost:7000/randomRequest,1132,0,1
1676157957992,209,HTTP Request,200,,Thread-Gruppe  1-40,text,true,,489,129,100,100,http://localhost:7000/randomRequest,209,0,1
1676157957235,982,HTTP Request,200,,Thread-Gruppe  1-50,text,true,,526,129,100,100,http://localhost:7000/randomRequest,982,0,0
1676157957003,1230,HTTP Request,200,,Thread-Gruppe  1-49,text,true,,643,129,100,100,http://localhost:7000/randomRequest,1230,0,1
1676157957420,822,HTTP Request,200,,Thread-Gruppe  1-29,text,true,,483,129,100,100,http://localhost:7000/randomRequest,822,0,0
1676157957021,1221,HTTP Request,200,,Thread-Gruppe  1-24,text,true,,633,129,100,100,http://localhost:7000/randomRequest,1221,0,1
1676157957154,1091,HTTP Request,200,,Thread-Gruppe  1-62,text,true,,527,129,100,100,http://localhost:7000/randomRequest,1091,0,0
1676157957557,697,HTTP Request,200,,Thread-Gruppe  1-26,text,true,,495,129,100,100,http://localhost:7000/randomRequest,697,0,1
1676157957659,614,HTTP Request,200,,Thread-Gruppe  1-14,text,true,,492,129,100,100,http://localhost:7000/randomRequest,614,0,0
1676157957226,1093,HTTP Request,200,,Thread-Gruppe  1-31,text,true,,537,129,100,100,http://localhost:7000/randomRequest,1093,0,1
1676157957729,616,HTTP Request,200,,Thread-Gruppe  1-88,text,true,,492,129,100,100,http://localhost:7000/randomRequest,616,0,0
1676157957430,929,HTTP Request,200,,Thread-Gruppe  1-66,text,true,,492,129,100,100,http://localhost:7000/randomRequest,929,0,0
1676157957661,713,HTTP Request,200,,Thread-Gruppe  1-36,text,true,,492,129,100,100,http://localhost:7000/randomRequest,713,0,1
1676157957661,713,HTTP Request,200,,Thread-Gruppe  1-39,text,true,,416,129,100,100,http://localhost:7000/randomRequest,713,0,1
1676157957845,615,HTTP Request,200,,Thread-Gruppe  1-64,text,true,,547,129,100,100,http://localhost:7000/randomRequest,615,0,0
1676157957954,509,HTTP Request,200,,Thread-Gruppe  1-72,text,true,,554,129,100,100,http://localhost:7000/randomRequest,509,0,0
1676157957353,1121,HTTP Request,200,,Thread-Gruppe  1-34,text,true,,540,129,100,100,http://localhost:7000/randomRequest,1121,0,0
1676157957745,737,HTTP Request,200,,Thread-Gruppe  1-43,text,true,,557,129,100,100,http://localhost:7000/randomRequest,737,0,0
1676157957572,928,HTTP Request,200,,Thread-Gruppe  1-22,text,true,,488,129,100,100,http://localhost:7000/randomRequest,928,0,0
1676157957879,622,HTTP Request,200,,Thread-Gruppe  1-69,text,true,,858,129,100,100,http://localhost:7000/randomRequest,622,0,0
1676157957788,718,HTTP Request,200,,Thread-Gruppe  1-91,text,true,,558,129,100,100,http://localhost:7000/randomRequest,718,0,1
1676157957772,734,HTTP Request,200,,Thread-Gruppe  1-58,text,true,,417,129,100,100,http://localhost:7000/randomRequest,734,0,0
1676157957589,923,HTTP Request,200,,Thread-Gruppe  1-78,text,true,,492,129,100,100,http://localhost:7000/randomRequest,923,0,0
1676157957320,1192,HTTP Request,200,,Thread-Gruppe  1-100,text,true,,539,129,100,100,http://localhost:7000/randomRequest,1192,0,0
1676157957504,1008,HTTP Request,200,,Thread-Gruppe  1-10,text,true,,633,129,100,100,http://localhost:7000/randomRequest,1008,0,0
1676157957826,719,HTTP Request,200,,Thread-Gruppe  1-89,text,true,,492,129,100,100,http://localhost:7000/randomRequest,719,0,0
1676157957620,931,HTTP Request,200,,Thread-Gruppe  1-94,text,true,,485,129,100,100,http://localhost:7000/randomRequest,931,0,1
1676157957729,822,HTTP Request,200,,Thread-Gruppe  1-90,text,true,,483,129,100,100,http://localhost:7000/randomRequest,822,0,0
1676157957845,716,HTTP Request,200,,Thread-Gruppe  1-86,text,true,,564,129,100,100,http://localhost:7000/randomRequest,716,0,0
1676157957740,821,HTTP Request,200,,Thread-Gruppe  1-84,text,true,,548,129,100,100,http://localhost:7000/randomRequest,821,0,0
1676157928495,30068,HTTP Request,500,,Thread-Gruppe  1-75,text,false,,258,129,100,100,http://localhost:7000/randomRequest,30068,0,0
1676157957969,617,HTTP Request,200,,Thread-Gruppe  1-48,text,true,,403,129,100,100,http://localhost:7000/randomRequest,617,0,0
1676157957995,612,HTTP Request,200,,Thread-Gruppe  1-1,text,true,,488,129,100,100,http://localhost:7000/randomRequest,612,0,1
1676157958058,585,HTTP Request,200,,Thread-Gruppe  1-37,text,true,,481,129,100,100,http://localhost:7000/randomRequest,585,0,0
1676157958126,518,HTTP Request,200,,Thread-Gruppe  1-35,text,true,,419,129,100,100,http://localhost:7000/randomRequest,518,0,0
1676157957457,1203,HTTP Request,200,,Thread-Gruppe  1-53,text,true,,527,129,100,100,http://localhost:7000/randomRequest,1203,0,1
1676157957760,901,HTTP Request,200,,Thread-Gruppe  1-41,text,true,,643,129,100,100,http://localhost:7000/randomRequest,901,0,0
1676157957849,815,HTTP Request,200,,Thread-Gruppe  1-92,text,true,,492,129,100,100,http://localhost:7000/randomRequest,815,0,0
1676157957845,819,HTTP Request,200,,Thread-Gruppe  1-8,text,true,,481,129,100,100,http://localhost:7000/randomRequest,819,0,0
1676157957949,716,HTTP Request,200,,Thread-Gruppe  1-32,text,true,,492,129,100,100,http://localhost:7000/randomRequest,716,0,0
1676157958053,613,HTTP Request,200,,Thread-Gruppe  1-73,text,true,,561,129,100,100,http://localhost:7000/randomRequest,613,0,0
1676157957532,1148,HTTP Request,200,,Thread-Gruppe  1-13,text,true,,690,129,100,100,http://localhost:7000/randomRequest,1148,0,1
1676157957659,1021,HTTP Request,200,,Thread-Gruppe  1-27,text,true,,563,129,100,100,http://localhost:7000/randomRequest,1021,0,0
1676157958273,409,HTTP Request,200,,Thread-Gruppe  1-14,text,true,,419,129,100,100,http://localhost:7000/randomRequest,409,0,0
1676157957559,1124,HTTP Request,200,,Thread-Gruppe  1-23,text,true,,419,129,100,100,http://localhost:7000/randomRequest,1124,0,0
1676157957559,1125,HTTP Request,200,,Thread-Gruppe  1-68,text,true,,492,129,100,100,http://localhost:7000/randomRequest,1125,0,0
1676157957969,721,HTTP Request,200,,Thread-Gruppe  1-85,text,true,,485,129,100,100,http://localhost:7000/randomRequest,721,0,0
1676157958073,620,HTTP Request,200,,Thread-Gruppe  1-83,text,true,,545,129,100,100,http://localhost:7000/randomRequest,620,0,0
1676157958192,516,HTTP Request,200,,Thread-Gruppe  1-44,text,true,,561,129,100,100,http://localhost:7000/randomRequest,516,0,1
1676157957579,1131,HTTP Request,200,,Thread-Gruppe  1-21,text,true,,492,129,100,100,http://localhost:7000/randomRequest,1131,0,1
1676157957788,922,HTTP Request,200,,Thread-Gruppe  1-55,text,true,,485,129,100,100,http://localhost:7000/randomRequest,922,0,1
1676157957904,818,HTTP Request,200,,Thread-Gruppe  1-87,text,true,,488,129,100,100,http://localhost:7000/randomRequest,818,0,0
1676157957330,1417,HTTP Request,200,,Thread-Gruppe  1-33,text,true,,541,129,100,100,http://localhost:7000/randomRequest,1417,0,0
1676157958139,620,HTTP Request,200,,Thread-Gruppe  1-74,text,true,,417,129,100,100,http://localhost:7000/randomRequest,620,0,0
1676157958460,309,HTTP Request,200,,Thread-Gruppe  1-64,text,true,,552,129,100,100,http://localhost:7000/randomRequest,309,0,0
1676157958169,614,HTTP Request,200,,Thread-Gruppe  1-96,text,true,,419,129,100,100,http://localhost:7000/randomRequest,614,0,0
1676157957969,821,HTTP Request,200,,Thread-Gruppe  1-12,text,true,,400,129,100,100,http://localhost:7000/randomRequest,821,0,0
1676157957392,1402,HTTP Request,200,,Thread-Gruppe  1-70,text,true,,526,129,100,100,http://localhost:7000/randomRequest,1402,0,1
1676157958482,312,HTTP Request,200,,Thread-Gruppe  1-43,text,true,,859,129,100,100,http://localhost:7000/randomRequest,312,0,0
1676157957763,1031,HTTP Request,200,,Thread-Gruppe  1-7,text,true,,558,129,100,100,http://localhost:7000/randomRequest,1031,0,1
1676157958104,716,HTTP Request,200,,Thread-Gruppe  1-76,text,true,,492,129,100,100,http://localhost:7000/randomRequest,716,0,1
1676157958254,598,HTTP Request,200,,Thread-Gruppe  1-26,text,true,,643,129,100,100,http://localhost:7000/randomRequest,598,0,1
1676157957415,1437,HTTP Request,200,,Thread-Gruppe  1-97,text,true,,541,129,100,100,http://localhost:7000/randomRequest,1437,0,0
1676157958129,723,HTTP Request,200,,Thread-Gruppe  1-38,text,true,,559,129,100,100,http://localhost:7000/randomRequest,723,0,0
1676157958242,629,HTTP Request,200,,Thread-Gruppe  1-24,text,true,,474,129,100,100,http://localhost:7000/randomRequest,629,0,1
1676157958051,820,HTTP Request,200,,Thread-Gruppe  1-4,text,true,,419,129,100,100,http://localhost:7000/randomRequest,820,0,0
1676157957740,1139,HTTP Request,200,,Thread-Gruppe  1-80,text,true,,417,129,100,100,http://localhost:7000/randomRequest,1139,0,0
1676157957866,1050,HTTP Request,200,,Thread-Gruppe  1-2,text,true,,569,129,100,100,http://localhost:7000/randomRequest,1050,0,0
1676157957620,1302,HTTP Request,200,,Thread-Gruppe  1-5,text,true,,633,129,100,100,http://localhost:7000/randomRequest,1302,0,1
1676157958551,419,HTTP Request,200,,Thread-Gruppe  1-94,text,true,,403,129,100,100,http://localhost:7000/randomRequest,419,0,1
1676157957460,1516,HTTP Request,200,,Thread-Gruppe  1-65,text,true,,537,129,100,100,http://localhost:7000/randomRequest,1516,0,0
1676157958169,821,HTTP Request,200,,Thread-Gruppe  1-56,text,true,,492,129,100,100,http://localhost:7000/randomRequest,821,0,0
1676157958374,616,HTTP Request,200,,Thread-Gruppe  1-36,text,true,,569,129,100,100,http://localhost:7000/randomRequest,616,0,0
1676157957824,1199,HTTP Request,200,,Thread-Gruppe  1-25,text,true,,495,129,100,100,http://localhost:7000/randomRequest,1199,0,1
1676157958512,529,HTTP Request,200,,Thread-Gruppe  1-10,text,true,,403,129,100,100,http://localhost:7000/randomRequest,529,0,0
1676157958512,531,HTTP Request,200,,Thread-Gruppe  1-100,text,true,,488,129,100,100,http://localhost:7000/randomRequest,531,0,0
1676157958512,531,HTTP Request,200,,Thread-Gruppe  1-78,text,true,,418,129,100,100,http://localhost:7000/randomRequest,531,0,0
1676157958058,1001,HTTP Request,200,,Thread-Gruppe  1-79,text,true,,647,129,100,100,http://localhost:7000/randomRequest,1001,0,0
1676157957845,1217,HTTP Request,200,,Thread-Gruppe  1-98,text,true,,527,129,100,100,http://localhost:7000/randomRequest,1217,0,0
1676157958545,523,HTTP Request,200,,Thread-Gruppe  1-89,text,true,,415,129,100,100,http://localhost:7000/randomRequest,523,0,0
1676157958644,425,HTTP Request,200,,Thread-Gruppe  1-35,text,true,,419,129,100,100,http://localhost:7000/randomRequest,425,0,3
1676157957932,1147,HTTP Request,200,,Thread-Gruppe  1-51,text,true,,694,129,100,100,http://localhost:7000/randomRequest,1147,0,0
1676157958561,518,HTTP Request,200,,Thread-Gruppe  1-86,text,true,,570,129,100,100,http://localhost:7000/randomRequest,518,0,0
1676157958069,1024,HTTP Request,200,,Thread-Gruppe  1-46,text,true,,552,129,100,100,http://localhost:7000/randomRequest,1024,0,0
1676157958474,619,HTTP Request,200,,Thread-Gruppe  1-34,text,true,,565,129,100,100,http://localhost:7000/randomRequest,619,0,0
1676157957399,1702,HTTP Request,200,,Thread-Gruppe  1-57,text,true,,536,129,100,100,http://localhost:7000/randomRequest,1702,0,0
1676157957625,1501,HTTP Request,200,,Thread-Gruppe  1-82,text,true,,526,129,100,100,http://localhost:7000/randomRequest,1501,0,0
1676157958852,311,HTTP Request,200,,Thread-Gruppe  1-38,text,true,,550,129,100,100,http://localhost:7000/randomRequest,311,0,0
1676157929072,30093,HTTP Request,500,,Thread-Gruppe  1-18,text,false,,258,129,100,100,http://localhost:7000/randomRequest,30093,0,0
1676157958245,924,HTTP Request,200,,Thread-Gruppe  1-62,text,true,,492,129,100,100,http://localhost:7000/randomRequest,924,0,0
1676157957930,1239,HTTP Request,200,,Thread-Gruppe  1-81,text,true,,485,129,100,100,http://localhost:7000/randomRequest,1239,0,0
1676157958345,824,HTTP Request,200,,Thread-Gruppe  1-88,text,true,,485,129,100,100,http://localhost:7000/randomRequest,824,0,1
1676157958660,523,HTTP Request,200,,Thread-Gruppe  1-53,text,true,,488,129,100,100,http://localhost:7000/randomRequest,523,0,0
1676157958664,519,HTTP Request,200,,Thread-Gruppe  1-92,text,true,,547,129,100,100,http://localhost:7000/randomRequest,519,0,0
1676157958563,620,HTTP Request,200,,Thread-Gruppe  1-75,text,true,,492,129,100,100,http://localhost:7000/randomRequest,620,0,0
1676157958665,518,HTTP Request,200,,Thread-Gruppe  1-32,text,true,,490,129,100,100,http://localhost:7000/randomRequest,518,0,0
1676157958680,515,HTTP Request,200,,Thread-Gruppe  1-27,text,true,,490,129,100,100,http://localhost:7000/randomRequest,515,0,2
1676157958672,523,HTTP Request,200,,Thread-Gruppe  1-73,text,true,,538,129,100,100,http://localhost:7000/randomRequest,523,0,4
1676157958682,513,HTTP Request,200,,Thread-Gruppe  1-14,text,true,,545,129,100,100,http://localhost:7000/randomRequest,513,0,0
1676157958680,524,HTTP Request,200,,Thread-Gruppe  1-13,text,true,,418,129,100,100,http://localhost:7000/randomRequest,524,0,3
1676157958506,715,HTTP Request,200,,Thread-Gruppe  1-58,text,true,,495,129,100,100,http://localhost:7000/randomRequest,715,0,0
1676157958501,720,HTTP Request,200,,Thread-Gruppe  1-69,text,true,,419,129,100,100,http://localhost:7000/randomRequest,720,0,0
1676157957729,1497,HTTP Request,200,,Thread-Gruppe  1-67,text,true,,537,129,100,100,http://localhost:7000/randomRequest,1497,0,0
1676157958747,516,HTTP Request,200,,Thread-Gruppe  1-33,text,true,,419,129,100,100,http://localhost:7000/randomRequest,516,0,1
1676157958722,546,HTTP Request,200,,Thread-Gruppe  1-87,text,true,,418,129,100,100,http://localhost:7000/randomRequest,546,0,24
1676157958155,1129,HTTP Request,200,,Thread-Gruppe  1-45,text,true,,643,129,100,100,http://localhost:7000/randomRequest,1129,0,0
1676157957868,1416,HTTP Request,200,,Thread-Gruppe  1-9,text,true,,527,129,100,100,http://localhost:7000/randomRequest,1416,0,0
1676157929276,30013,HTTP Request,500,,Thread-Gruppe  1-52,text,false,,258,129,100,100,http://localhost:7000/randomRequest,30013,0,0
1676157958783,512,HTTP Request,200,,Thread-Gruppe  1-96,text,true,,554,129,100,100,http://localhost:7000/randomRequest,512,0,0
1676157958683,621,HTTP Request,200,,Thread-Gruppe  1-23,text,true,,419,129,100,100,http://localhost:7000/randomRequest,621,0,2
1676157958500,821,HTTP Request,200,,Thread-Gruppe  1-22,text,true,,572,129,100,100,http://localhost:7000/randomRequest,821,0,1
1676157958607,722,HTTP Request,200,,Thread-Gruppe  1-1,text,true,,548,129,100,100,http://localhost:7000/randomRequest,722,0,1
1676157958359,995,HTTP Request,200,,Thread-Gruppe  1-66,text,true,,633,129,100,100,http://localhost:7000/randomRequest,995,0,1
1676157958852,516,HTTP Request,200,,Thread-Gruppe  1-97,text,true,,419,129,100,100,http://localhost:7000/randomRequest,516,0,0
1676157958759,611,HTTP Request,200,,Thread-Gruppe  1-74,text,true,,419,129,100,100,http://localhost:7000/randomRequest,611,0,1
1676157958234,1136,HTTP Request,200,,Thread-Gruppe  1-49,text,true,,418,129,100,100,http://localhost:7000/randomRequest,1136,0,0
1676157958133,1237,HTTP Request,200,,Thread-Gruppe  1-71,text,true,,488,129,100,100,http://localhost:7000/randomRequest,1237,0,1
1676157958561,823,HTTP Request,200,,Thread-Gruppe  1-84,text,true,,552,129,100,100,http://localhost:7000/randomRequest,823,0,0
1676157958871,513,HTTP Request,200,,Thread-Gruppe  1-4,text,true,,485,129,100,100,http://localhost:7000/randomRequest,513,0,0
1676157958661,727,HTTP Request,200,,Thread-Gruppe  1-41,text,true,,403,129,100,100,http://localhost:7000/randomRequest,727,0,0
1676157958068,1327,HTTP Request,200,,Thread-Gruppe  1-59,text,true,,492,129,100,100,http://localhost:7000/randomRequest,1327,0,0
1676157958990,405,HTTP Request,200,,Thread-Gruppe  1-36,text,true,,543,129,100,100,http://localhost:7000/randomRequest,405,0,1
1676157958693,718,HTTP Request,200,,Thread-Gruppe  1-83,text,true,,403,129,100,100,http://localhost:7000/randomRequest,718,0,1
1676157958708,716,HTTP Request,200,,Thread-Gruppe  1-44,text,true,,490,129,100,100,http://localhost:7000/randomRequest,716,0,0
1676157959068,402,HTTP Request,200,,Thread-Gruppe  1-89,text,true,,481,129,100,100,http://localhost:7000/randomRequest,402,0,0
1676157959059,411,HTTP Request,200,,Thread-Gruppe  1-79,text,true,,488,129,100,100,http://localhost:7000/randomRequest,411,0,0
1676157958242,1229,HTTP Request,200,,Thread-Gruppe  1-29,text,true,,418,129,100,100,http://localhost:7000/randomRequest,1229,0,0
1676157958990,507,HTTP Request,200,,Thread-Gruppe  1-56,text,true,,492,129,100,100,http://localhost:7000/randomRequest,507,0,0
1676157958794,714,HTTP Request,200,,Thread-Gruppe  1-43,text,true,,492,129,100,100,http://localhost:7000/randomRequest,714,0,0
1676157958917,625,HTTP Request,200,,Thread-Gruppe  1-2,text,true,,419,129,100,100,http://localhost:7000/randomRequest,625,0,0
1676157958506,1048,HTTP Request,200,,Thread-Gruppe  1-91,text,true,,417,129,100,100,http://localhost:7000/randomRequest,1048,0,0
1676157958201,1353,HTTP Request,200,,Thread-Gruppe  1-40,text,true,,667,129,100,100,http://localhost:7000/randomRequest,1353,0,0
1676157958970,603,HTTP Request,200,,Thread-Gruppe  1-94,text,true,,419,129,100,100,http://localhost:7000/randomRequest,603,0,0
1676157958141,1445,HTTP Request,200,,Thread-Gruppe  1-93,text,true,,679,129,100,100,http://localhost:7000/randomRequest,1445,0,0
1676157958463,1126,HTTP Request,200,,Thread-Gruppe  1-72,text,true,,569,129,100,100,http://localhost:7000/randomRequest,1126,0,0
1676157958769,821,HTTP Request,200,,Thread-Gruppe  1-64,text,true,,546,129,100,100,http://localhost:7000/randomRequest,821,0,0
1676157958871,721,HTTP Request,200,,Thread-Gruppe  1-24,text,true,,490,129,100,100,http://localhost:7000/randomRequest,721,0,0
1676157958374,1223,HTTP Request,200,,Thread-Gruppe  1-39,text,true,,548,129,100,100,http://localhost:7000/randomRequest,1223,0,0
1676157958794,815,HTTP Request,200,,Thread-Gruppe  1-7,text,true,,486,129,100,100,http://localhost:7000/randomRequest,815,0,0
1676157958586,1028,HTTP Request,200,,Thread-Gruppe  1-48,text,true,,485,129,100,100,http://localhost:7000/randomRequest,1028,0,0
1676157958794,820,HTTP Request,200,,Thread-Gruppe  1-70,text,true,,489,129,100,100,http://localhost:7000/randomRequest,820,0,0
1676157958690,928,HTTP Request,200,,Thread-Gruppe  1-85,text,true,,492,129,100,100,http://localhost:7000/randomRequest,928,0,0
1676157958217,1439,HTTP Request,200,,Thread-Gruppe  1-50,text,true,,492,129,100,100,http://localhost:7000/randomRequest,1439,0,1
1676157959043,616,HTTP Request,200,,Thread-Gruppe  1-100,text,true,,485,129,100,100,http://localhost:7000/randomRequest,616,0,0
1676157959169,503,HTTP Request,200,,Thread-Gruppe  1-62,text,true,,492,129,100,100,http://localhost:7000/randomRequest,503,0,0
1676157959063,610,HTTP Request,200,,Thread-Gruppe  1-98,text,true,,419,129,100,100,http://localhost:7000/randomRequest,610,0,0
1676157959169,504,HTTP Request,200,,Thread-Gruppe  1-88,text,true,,556,129,100,100,http://localhost:7000/randomRequest,504,0,0
1676157958665,1008,HTTP Request,200,,Thread-Gruppe  1-8,text,true,,643,129,100,100,http://localhost:7000/randomRequest,1008,0,0
1676157958879,822,HTTP Request,200,,Thread-Gruppe  1-80,text,true,,490,129,100,100,http://localhost:7000/randomRequest,822,0,0
1676157959195,509,HTTP Request,200,,Thread-Gruppe  1-27,text,true,,419,129,100,100,http://localhost:7000/randomRequest,509,0,0
1676157958791,919,HTTP Request,200,,Thread-Gruppe  1-12,text,true,,492,129,100,100,http://localhost:7000/randomRequest,919,0,0
1676157959093,617,HTTP Request,200,,Thread-Gruppe  1-34,text,true,,419,129,100,100,http://localhost:7000/randomRequest,617,0,1
1676157958976,743,HTTP Request,200,,Thread-Gruppe  1-65,text,true,,674,129,100,100,http://localhost:7000/randomRequest,743,0,0
1676157959023,716,HTTP Request,200,,Thread-Gruppe  1-25,text,true,,554,129,100,100,http://localhost:7000/randomRequest,716,0,0
1676157959126,613,HTTP Request,200,,Thread-Gruppe  1-82,text,true,,492,129,100,100,http://localhost:7000/randomRequest,613,0,0
1676157958922,817,HTTP Request,200,,Thread-Gruppe  1-5,text,true,,490,129,100,100,http://localhost:7000/randomRequest,817,0,0
1676157958319,1444,HTTP Request,200,,Thread-Gruppe  1-31,text,true,,492,129,100,100,http://localhost:7000/randomRequest,1444,0,0
1676157958645,1118,HTTP Request,200,,Thread-Gruppe  1-37,text,true,,527,129,100,100,http://localhost:7000/randomRequest,1118,0,4
1676157959354,413,HTTP Request,200,,Thread-Gruppe  1-66,text,true,,551,129,100,100,http://localhost:7000/randomRequest,413,0,0
1676157959165,609,HTTP Request,200,,Thread-Gruppe  1-18,text,true,,492,129,100,100,http://localhost:7000/randomRequest,609,0,0
1676157959183,610,HTTP Request,200,,Thread-Gruppe  1-53,text,true,,558,129,100,100,http://localhost:7000/randomRequest,610,0,1
1676157959290,503,HTTP Request,200,,Thread-Gruppe  1-52,text,true,,565,129,100,100,http://localhost:7000/randomRequest,503,0,0
1676157959183,610,HTTP Request,200,,Thread-Gruppe  1-92,text,true,,419,129,100,100,http://localhost:7000/randomRequest,610,0,1
1676157959284,509,HTTP Request,200,,Thread-Gruppe  1-9,text,true,,419,129,100,100,http://localhost:7000/randomRequest,509,0,0
1676157959079,714,HTTP Request,200,,Thread-Gruppe  1-51,text,true,,492,129,100,100,http://localhost:7000/randomRequest,714,0,0
1676157959195,609,HTTP Request,200,,Thread-Gruppe  1-73,text,true,,490,129,100,100,http://localhost:7000/randomRequest,609,0,0
1676157959093,716,HTTP Request,200,,Thread-Gruppe  1-46,text,true,,419,129,100,100,http://localhost:7000/randomRequest,716,0,1
1676157959204,606,HTTP Request,200,,Thread-Gruppe  1-13,text,true,,490,129,100,100,http://localhost:7000/randomRequest,606,0,0
1676157959304,506,HTTP Request,200,,Thread-Gruppe  1-23,text,true,,568,129,100,100,http://localhost:7000/randomRequest,506,0,1
1676157959411,414,HTTP Request,200,,Thread-Gruppe  1-83,text,true,,419,129,100,100,http://localhost:7000/randomRequest,414,0,0
1676157958712,1120,HTTP Request,200,,Thread-Gruppe  1-55,text,true,,488,129,100,100,http://localhost:7000/randomRequest,1120,0,0
1676157959226,613,HTTP Request,200,,Thread-Gruppe  1-67,text,true,,419,129,100,100,http://localhost:7000/randomRequest,613,0,0
1676157958852,1000,HTTP Request,200,,Thread-Gruppe  1-26,text,true,,647,129,100,100,http://localhost:7000/randomRequest,1000,0,0
1676157959470,405,HTTP Request,200,,Thread-Gruppe  1-79,text,true,,419,129,100,100,http://localhost:7000/randomRequest,405,0,0
1676157959183,713,HTTP Request,200,,Thread-Gruppe  1-32,text,true,,401,129,100,100,http://localhost:7000/randomRequest,713,0,1
1676157959295,611,HTTP Request,200,,Thread-Gruppe  1-96,text,true,,492,129,100,100,http://localhost:7000/randomRequest,611,0,0
1676157959268,638,HTTP Request,200,,Thread-Gruppe  1-87,text,true,,674,129,100,100,http://localhost:7000/randomRequest,638,0,0
1676157959221,718,HTTP Request,200,,Thread-Gruppe  1-69,text,true,,413,129,100,100,http://localhost:7000/randomRequest,718,0,0
1676157959163,813,HTTP Request,200,,Thread-Gruppe  1-38,text,true,,485,129,100,100,http://localhost:7000/randomRequest,813,0,0
1676157958551,1427,HTTP Request,200,,Thread-Gruppe  1-90,text,true,,541,129,100,100,http://localhost:7000/randomRequest,1427,0,1
1676157959371,607,HTTP Request,200,,Thread-Gruppe  1-71,text,true,,488,129,100,100,http://localhost:7000/randomRequest,607,0,0
1676157959183,813,HTTP Request,200,,Thread-Gruppe  1-75,text,true,,419,129,100,100,http://localhost:7000/randomRequest,813,0,1
1676157959079,917,HTTP Request,200,,Thread-Gruppe  1-86,text,true,,561,129,100,100,http://localhost:7000/randomRequest,917,0,0
1676157959384,625,HTTP Request,200,,Thread-Gruppe  1-4,text,true,,474,129,100,100,http://localhost:7000/randomRequest,625,0,1
1676157959395,614,HTTP Request,200,,Thread-Gruppe  1-36,text,true,,565,129,100,100,http://localhost:7000/randomRequest,614,0,0
1676157958820,1219,HTTP Request,200,,Thread-Gruppe  1-76,text,true,,403,129,100,100,http://localhost:7000/randomRequest,1218,0,0
1676157959221,818,HTTP Request,200,,Thread-Gruppe  1-58,text,true,,417,129,100,100,http://localhost:7000/randomRequest,818,0,0
1676157959321,721,HTTP Request,200,,Thread-Gruppe  1-22,text,true,,481,129,100,100,http://localhost:7000/randomRequest,721,0,1
1676157959542,515,HTTP Request,200,,Thread-Gruppe  1-2,text,true,,419,129,100,100,http://localhost:7000/randomRequest,515,0,1
1676157959656,403,HTTP Request,200,,Thread-Gruppe  1-50,text,true,,416,129,100,100,http://localhost:7000/randomRequest,403,0,0
1676157959195,914,HTTP Request,200,,Thread-Gruppe  1-14,text,true,,419,129,100,100,http://localhost:7000/randomRequest,914,0,0
1676157959424,715,HTTP Request,200,,Thread-Gruppe  1-44,text,true,,418,129,100,100,http://localhost:7000/randomRequest,715,0,0
1676157958710,1429,HTTP Request,200,,Thread-Gruppe  1-21,text,true,,633,129,100,100,http://localhost:7000/randomRequest,1429,0,0
1676157959041,1128,HTTP Request,200,,Thread-Gruppe  1-10,text,true,,403,129,100,100,http://localhost:7000/randomRequest,1128,0,0
1676157959263,910,HTTP Request,200,,Thread-Gruppe  1-33,text,true,,545,129,100,100,http://localhost:7000/randomRequest,910,0,0
1676157959371,807,HTTP Request,200,,Thread-Gruppe  1-74,text,true,,485,129,100,100,http://localhost:7000/randomRequest,807,0,0
1676157959368,811,HTTP Request,200,,Thread-Gruppe  1-97,text,true,,488,129,100,100,http://localhost:7000/randomRequest,811,0,0
1676157959069,1110,HTTP Request,200,,Thread-Gruppe  1-35,text,true,,492,129,100,100,http://localhost:7000/randomRequest,1110,0,0
1676157959169,1012,HTTP Request,200,,Thread-Gruppe  1-81,text,true,,551,129,100,100,http://localhost:7000/randomRequest,1012,0,0
1676157959701,508,HTTP Request,200,,Thread-Gruppe  1-80,text,true,,549,129,100,100,http://localhost:7000/randomRequest,508,0,0
1676157959597,612,HTTP Request,200,,Thread-Gruppe  1-39,text,true,,418,129,100,100,http://localhost:7000/randomRequest,612,0,0
1676157959590,619,HTTP Request,200,,Thread-Gruppe  1-64,text,true,,492,129,100,100,http://localhost:7000/randomRequest,619,0,0
1676157959810,409,HTTP Request,200,,Thread-Gruppe  1-13,text,true,,567,129,100,100,http://localhost:7000/randomRequest,409,0,0
1676157959508,715,HTTP Request,200,,Thread-Gruppe  1-43,text,true,,492,129,100,100,http://localhost:7000/randomRequest,715,0,0
1676157959673,606,HTTP Request,200,,Thread-Gruppe  1-88,text,true,,419,129,100,100,http://localhost:7000/randomRequest,606,0,1
1676157959673,610,HTTP Request,200,,Thread-Gruppe  1-8,text,true,,558,129,100,100,http://localhost:7000/randomRequest,610,0,1
1676157959101,1188,HTTP Request,200,,Thread-Gruppe  1-57,text,true,,527,129,100,100,http://localhost:7000/randomRequest,1188,0,1
1676157959587,717,HTTP Request,200,,Thread-Gruppe  1-93,text,true,,489,129,100,100,http://localhost:7000/randomRequest,717,0,0
1676157959710,609,HTTP Request,200,,Thread-Gruppe  1-12,text,true,,485,129,100,100,http://localhost:7000/randomRequest,609,0,0
1676157959395,956,HTTP Request,200,,Thread-Gruppe  1-59,text,true,,563,129,100,100,http://localhost:7000/randomRequest,956,0,0
1676157959618,734,HTTP Request,200,,Thread-Gruppe  1-85,text,true,,417,129,100,100,http://localhost:7000/randomRequest,734,0,1
1676157959554,813,HTTP Request,200,,Thread-Gruppe  1-91,text,true,,419,129,100,100,http://localhost:7000/randomRequest,813,0,1
1676157959763,608,HTTP Request,200,,Thread-Gruppe  1-31,text,true,,418,129,100,100,http://localhost:7000/randomRequest,608,0,1
1676157959470,913,HTTP Request,200,,Thread-Gruppe  1-89,text,true,,403,129,100,100,http://localhost:7000/randomRequest,913,0,0
1676157959673,710,HTTP Request,200,,Thread-Gruppe  1-98,text,true,,416,129,100,100,http://localhost:7000/randomRequest,710,0,1
1676157959389,1014,HTTP Request,200,,Thread-Gruppe  1-41,text,true,,492,129,100,100,http://localhost:7000/randomRequest,1014,0,0
1676157959793,611,HTTP Request,200,,Thread-Gruppe  1-9,text,true,,558,129,100,100,http://localhost:7000/randomRequest,611,0,0
1676157959497,913,HTTP Request,200,,Thread-Gruppe  1-56,text,true,,481,129,100,100,http://localhost:7000/randomRequest,913,0,0
1676157959804,606,HTTP Request,200,,Thread-Gruppe  1-73,text,true,,546,129,100,100,http://localhost:7000/randomRequest,606,0,0
1676157959809,617,HTTP Request,200,,Thread-Gruppe  1-46,text,true,,492,129,100,100,http://localhost:7000/randomRequest,617,0,0
1676157959614,816,HTTP Request,200,,Thread-Gruppe  1-70,text,true,,492,129,100,100,http://localhost:7000/randomRequest,816,0,0
1676157959825,617,HTTP Request,200,,Thread-Gruppe  1-83,text,true,,556,129,100,100,http://localhost:7000/randomRequest,617,0,0
1676157959739,705,HTTP Request,200,,Thread-Gruppe  1-82,text,true,,537,129,100,100,http://localhost:7000/randomRequest,705,0,0
1676157959839,612,HTTP Request,200,,Thread-Gruppe  1-67,text,true,,549,129,100,100,http://localhost:7000/randomRequest,612,0,1
1676157959284,1185,HTTP Request,200,,Thread-Gruppe  1-45,text,true,,541,129,100,100,http://localhost:7000/randomRequest,1185,0,0
1676157959767,702,HTTP Request,200,,Thread-Gruppe  1-66,text,true,,495,129,100,100,http://localhost:7000/randomRequest,702,0,1
1676157959471,1008,HTTP Request,200,,Thread-Gruppe  1-29,text,true,,641,129,100,100,http://localhost:7000/randomRequest,1008,0,1
1676157959592,917,HTTP Request,200,,Thread-Gruppe  1-24,text,true,,492,129,100,100,http://localhost:7000/randomRequest,917,0,1
1676157959793,716,HTTP Request,200,,Thread-Gruppe  1-52,text,true,,490,129,100,100,http://localhost:7000/randomRequest,716,0,0
1676157959897,614,HTTP Request,200,,Thread-Gruppe  1-32,text,true,,541,129,100,100,http://localhost:7000/randomRequest,614,0,0
1676157959906,608,HTTP Request,200,,Thread-Gruppe  1-96,text,true,,419,129,100,100,http://localhost:7000/randomRequest,608,0,1
1676157959329,1196,HTTP Request,200,,Thread-Gruppe  1-1,text,true,,535,129,100,100,http://localhost:7000/randomRequest,1196,0,0
1676157958685,1866,HTTP Request,200,,Thread-Gruppe  1-68,text,true,,541,129,100,100,http://localhost:7000/randomRequest,1866,0,0
1676157960039,515,HTTP Request,200,,Thread-Gruppe  1-58,text,true,,546,129,100,100,http://localhost:7000/randomRequest,515,0,0
1676157959739,820,HTTP Request,200,,Thread-Gruppe  1-25,text,true,,418,129,100,100,http://localhost:7000/randomRequest,820,0,0
1676157959043,1527,HTTP Request,200,,Thread-Gruppe  1-78,text,true,,403,129,100,100,http://localhost:7000/randomRequest,1527,0,0
1676157959554,1016,HTTP Request,200,,Thread-Gruppe  1-40,text,true,,419,129,100,100,http://localhost:7000/randomRequest,1016,0,1
1676157959659,911,HTTP Request,200,,Thread-Gruppe  1-100,text,true,,559,129,100,100,http://localhost:7000/randomRequest,911,0,1
1676157959977,610,HTTP Request,200,,Thread-Gruppe  1-38,text,true,,419,129,100,100,http://localhost:7000/randomRequest,610,0,0
1676157959672,916,HTTP Request,200,,Thread-Gruppe  1-62,text,true,,377,129,100,100,http://localhost:7000/randomRequest,916,0,0
1676157959371,1217,HTTP Request,200,,Thread-Gruppe  1-49,text,true,,537,129,100,100,http://localhost:7000/randomRequest,1217,0,0
1676157960282,309,HTTP Request,200,,Thread-Gruppe  1-8,text,true,,419,129,100,100,http://localhost:7000/randomRequest,309,0,0
1676157959997,619,HTTP Request,200,,Thread-Gruppe  1-86,text,true,,481,129,100,100,http://localhost:7000/randomRequest,619,0,0
1676157959832,789,HTTP Request,200,,Thread-Gruppe  1-55,text,true,,526,129,100,100,http://localhost:7000/randomRequest,789,0,0
1676157960209,411,HTTP Request,200,,Thread-Gruppe  1-80,text,true,,419,129,100,100,http://localhost:7000/randomRequest,411,0,0
1676157960010,615,HTTP Request,200,,Thread-Gruppe  1-4,text,true,,488,129,100,100,http://localhost:7000/randomRequest,615,0,1
1676157960009,616,HTTP Request,200,,Thread-Gruppe  1-36,text,true,,488,129,100,100,http://localhost:7000/randomRequest,616,0,0
1676157959710,926,HTTP Request,200,,Thread-Gruppe  1-34,text,true,,400,129,100,100,http://localhost:7000/randomRequest,926,0,0
1676157959739,923,HTTP Request,200,,Thread-Gruppe  1-5,text,true,,403,129,100,100,http://localhost:7000/randomRequest,923,0,0
1676157959763,916,HTTP Request,200,,Thread-Gruppe  1-37,text,true,,559,129,100,100,http://localhost:7000/randomRequest,916,0,1
1676157960169,510,HTTP Request,200,,Thread-Gruppe  1-10,text,true,,403,129,100,100,http://localhost:7000/randomRequest,510,0,0
1676157960174,512,HTTP Request,200,,Thread-Gruppe  1-33,text,true,,401,129,100,100,http://localhost:7000/randomRequest,512,0,0
1676157959384,1335,HTTP Request,200,,Thread-Gruppe  1-84,text,true,,643,129,100,100,http://localhost:7000/randomRequest,1335,0,1
1676157959997,722,HTTP Request,200,,Thread-Gruppe  1-75,text,true,,418,129,100,100,http://localhost:7000/randomRequest,722,0,0
1676157959704,1015,HTTP Request,200,,Thread-Gruppe  1-27,text,true,,403,129,100,100,http://localhost:7000/randomRequest,1015,0,1
1676157959793,945,HTTP Request,200,,Thread-Gruppe  1-51,text,true,,417,129,100,100,http://localhost:7000/randomRequest,945,0,0
1676157959719,1019,HTTP Request,200,,Thread-Gruppe  1-65,text,true,,863,129,100,100,http://localhost:7000/randomRequest,1019,0,0
1676157959939,816,HTTP Request,200,,Thread-Gruppe  1-69,text,true,,417,129,100,100,http://localhost:7000/randomRequest,816,0,0
1676157960060,721,HTTP Request,200,,Thread-Gruppe  1-50,text,true,,415,129,100,100,http://localhost:7000/randomRequest,721,0,0
1676157960139,642,HTTP Request,200,,Thread-Gruppe  1-44,text,true,,536,129,100,100,http://localhost:7000/randomRequest,642,0,0
1676157959589,1201,HTTP Request,200,,Thread-Gruppe  1-72,text,true,,537,129,100,100,http://localhost:7000/randomRequest,1201,0,0
1676157959978,823,HTTP Request,200,,Thread-Gruppe  1-90,text,true,,492,129,100,100,http://localhost:7000/randomRequest,823,0,0
1676157960403,414,HTTP Request,200,,Thread-Gruppe  1-9,text,true,,417,129,100,100,http://localhost:7000/randomRequest,414,0,1
1676157960441,411,HTTP Request,200,,Thread-Gruppe  1-83,text,true,,556,129,100,100,http://localhost:7000/randomRequest,411,0,0
1676157960039,816,HTTP Request,200,,Thread-Gruppe  1-76,text,true,,485,129,100,100,http://localhost:7000/randomRequest,816,0,0
1676157959875,997,HTTP Request,200,,Thread-Gruppe  1-79,text,true,,491,129,100,100,http://localhost:7000/randomRequest,997,0,0
1676157960382,514,HTTP Request,200,,Thread-Gruppe  1-98,text,true,,419,129,100,100,http://localhost:7000/randomRequest,514,0,0
1676157960367,532,HTTP Request,200,,Thread-Gruppe  1-91,text,true,,417,129,100,100,http://localhost:7000/randomRequest,532,0,0
1676157959852,1051,HTTP Request,200,,Thread-Gruppe  1-26,text,true,,548,129,100,100,http://localhost:7000/randomRequest,1051,0,0
1676157960409,510,HTTP Request,200,,Thread-Gruppe  1-56,text,true,,565,129,100,100,http://localhost:7000/randomRequest,510,0,1
1676157959609,1312,HTTP Request,200,,Thread-Gruppe  1-7,text,true,,647,129,100,100,http://localhost:7000/randomRequest,1312,0,1
1676157959614,1318,HTTP Request,200,,Thread-Gruppe  1-48,text,true,,647,129,100,100,http://localhost:7000/randomRequest,1318,0,0
1676157960425,513,HTTP Request,200,,Thread-Gruppe  1-46,text,true,,558,129,100,100,http://localhost:7000/randomRequest,513,0,0
1676157960450,508,HTTP Request,200,,Thread-Gruppe  1-67,text,true,,558,129,100,100,http://localhost:7000/randomRequest,508,0,0
1676157960370,621,HTTP Request,200,,Thread-Gruppe  1-31,text,true,,419,129,100,100,http://localhost:7000/randomRequest,621,0,0
1676157960180,821,HTTP Request,200,,Thread-Gruppe  1-81,text,true,,492,129,100,100,http://localhost:7000/randomRequest,821,0,0
1676157960382,619,HTTP Request,200,,Thread-Gruppe  1-89,text,true,,551,129,100,100,http://localhost:7000/randomRequest,619,0,0
1676157959978,1024,HTTP Request,200,,Thread-Gruppe  1-71,text,true,,481,129,100,100,http://localhost:7000/randomRequest,1024,0,0
1676157960178,825,HTTP Request,200,,Thread-Gruppe  1-74,text,true,,490,129,100,100,http://localhost:7000/randomRequest,825,0,0
1676157960586,420,HTTP Request,200,,Thread-Gruppe  1-38,text,true,,556,129,100,100,http://localhost:7000/randomRequest,420,0,0
1676157959810,1199,HTTP Request,200,,Thread-Gruppe  1-23,text,true,,540,129,100,100,http://localhost:7000/randomRequest,1199,0,0
1676157960402,617,HTTP Request,200,,Thread-Gruppe  1-41,text,true,,553,129,100,100,http://localhost:7000/randomRequest,617,0,0
1676157960139,885,HTTP Request,200,,Thread-Gruppe  1-21,text,true,,495,129,100,100,http://localhost:7000/randomRequest,885,0,0
1676157959793,1231,HTTP Request,200,,Thread-Gruppe  1-53,text,true,,527,129,100,100,http://localhost:7000/randomRequest,1231,0,0
1676157960510,513,HTTP Request,200,,Thread-Gruppe  1-32,text,true,,419,129,100,100,http://localhost:7000/randomRequest,513,0,1
1676157960409,614,HTTP Request,200,,Thread-Gruppe  1-73,text,true,,559,129,100,100,http://localhost:7000/randomRequest,614,0,1
1676157960550,512,HTTP Request,200,,Thread-Gruppe  1-68,text,true,,492,129,100,100,http://localhost:7000/randomRequest,512,0,0
1676157960350,720,HTTP Request,200,,Thread-Gruppe  1-59,text,true,,490,129,100,100,http://localhost:7000/randomRequest,720,0,0
1676157960443,628,HTTP Request,200,,Thread-Gruppe  1-82,text,true,,668,129,100,100,http://localhost:7000/randomRequest,628,0,0
1676157960569,502,HTTP Request,200,,Thread-Gruppe  1-40,text,true,,490,129,100,100,http://localhost:7000/randomRequest,502,0,0
1676157960587,523,HTTP Request,200,,Thread-Gruppe  1-62,text,true,,554,129,100,100,http://localhost:7000/randomRequest,523,0,1
1676157959906,1205,HTTP Request,200,,Thread-Gruppe  1-87,text,true,,633,129,100,100,http://localhost:7000/randomRequest,1205,0,1
1676157960508,611,HTTP Request,200,,Thread-Gruppe  1-24,text,true,,489,129,100,100,http://localhost:7000/randomRequest,611,0,0
1676157960209,918,HTTP Request,200,,Thread-Gruppe  1-64,text,true,,485,129,100,100,http://localhost:7000/randomRequest,918,0,0
1676157960525,610,HTTP Request,200,,Thread-Gruppe  1-1,text,true,,492,129,100,100,http://localhost:7000/randomRequest,610,0,0
1676157960558,612,HTTP Request,200,,Thread-Gruppe  1-25,text,true,,551,129,100,100,http://localhost:7000/randomRequest,612,0,0
1676157959774,1397,HTTP Request,200,,Thread-Gruppe  1-18,text,true,,643,129,100,100,http://localhost:7000/randomRequest,1397,0,0
1676157960043,1128,HTTP Request,200,,Thread-Gruppe  1-22,text,true,,492,129,100,100,http://localhost:7000/randomRequest,1128,0,0
1676157959573,1599,HTTP Request,200,,Thread-Gruppe  1-94,text,true,,535,129,100,100,http://localhost:7000/randomRequest,1598,0,1
1676157960468,704,HTTP Request,200,,Thread-Gruppe  1-66,text,true,,485,129,100,100,http://localhost:7000/randomRequest,704,0,0
1676157960468,706,HTTP Request,200,,Thread-Gruppe  1-45,text,true,,488,129,100,100,http://localhost:7000/randomRequest,706,0,0
1676157960303,895,HTTP Request,200,,Thread-Gruppe  1-93,text,true,,644,129,100,100,http://localhost:7000/randomRequest,895,0,0
1676157960178,1026,HTTP Request,200,,Thread-Gruppe  1-97,text,true,,418,129,100,100,http://localhost:7000/randomRequest,1026,0,0
1676157960587,633,HTTP Request,200,,Thread-Gruppe  1-49,text,true,,663,129,100,100,http://localhost:7000/randomRequest,633,0,1
1676157960718,514,HTTP Request,200,,Thread-Gruppe  1-75,text,true,,485,129,100,100,http://localhost:7000/randomRequest,514,0,0
1676157960218,1014,HTTP Request,200,,Thread-Gruppe  1-13,text,true,,541,129,100,100,http://localhost:7000/randomRequest,1014,0,1
1676157960624,616,HTTP Request,200,,Thread-Gruppe  1-36,text,true,,401,129,100,100,http://localhost:7000/randomRequest,616,0,1
1676157960057,1192,HTTP Request,200,,Thread-Gruppe  1-2,text,true,,643,129,100,100,http://localhost:7000/randomRequest,1192,0,1
1676157960429,821,HTTP Request,200,,Thread-Gruppe  1-70,text,true,,492,129,100,100,http://localhost:7000/randomRequest,821,0,0
1676157960620,630,HTTP Request,200,,Thread-Gruppe  1-80,text,true,,417,129,100,100,http://localhost:7000/randomRequest,630,0,0
1676157960636,614,HTTP Request,200,,Thread-Gruppe  1-34,text,true,,419,129,100,100,http://localhost:7000/randomRequest,614,0,0
1676157960737,516,HTTP Request,200,,Thread-Gruppe  1-65,text,true,,419,129,100,100,http://localhost:7000/randomRequest,516,0,1
1676157960854,415,HTTP Request,200,,Thread-Gruppe  1-76,text,true,,418,129,100,100,http://localhost:7000/randomRequest,415,0,0
1676157960569,703,HTTP Request,200,,Thread-Gruppe  1-100,text,true,,419,129,100,100,http://localhost:7000/randomRequest,703,0,0
1676157960178,1100,HTTP Request,200,,Thread-Gruppe  1-35,text,true,,493,129,100,100,http://localhost:7000/randomRequest,1100,0,0
1676157960780,517,HTTP Request,200,,Thread-Gruppe  1-50,text,true,,485,129,100,100,http://localhost:7000/randomRequest,517,0,0
1676157960278,1030,HTTP Request,200,,Thread-Gruppe  1-88,text,true,,550,129,100,100,http://localhost:7000/randomRequest,1030,0,1
1676157960902,414,HTTP Request,200,,Thread-Gruppe  1-26,text,true,,418,129,100,100,http://localhost:7000/randomRequest,414,0,0
1676157960718,610,HTTP Request,200,,Thread-Gruppe  1-84,text,true,,549,129,100,100,http://localhost:7000/randomRequest,610,0,0
1676157960553,781,HTTP Request,200,,Thread-Gruppe  1-58,text,true,,481,129,100,100,http://localhost:7000/randomRequest,781,0,0
1676157960718,619,HTTP Request,200,,Thread-Gruppe  1-27,text,true,,419,129,100,100,http://localhost:7000/randomRequest,619,0,0
1676157960615,722,HTTP Request,200,,Thread-Gruppe  1-86,text,true,,492,129,100,100,http://localhost:7000/randomRequest,722,0,0
1676157960931,412,HTTP Request,200,,Thread-Gruppe  1-48,text,true,,568,129,100,100,http://localhost:7000/randomRequest,412,0,0
1676157960624,719,HTTP Request,200,,Thread-Gruppe  1-4,text,true,,416,129,100,100,http://localhost:7000/randomRequest,719,0,1
1676157960754,616,HTTP Request,200,,Thread-Gruppe  1-69,text,true,,418,129,100,100,http://localhost:7000/randomRequest,616,0,0
1676157960678,723,HTTP Request,200,,Thread-Gruppe  1-10,text,true,,419,129,100,100,http://localhost:7000/randomRequest,723,0,1
1676157960780,621,HTTP Request,200,,Thread-Gruppe  1-44,text,true,,555,129,100,100,http://localhost:7000/randomRequest,621,0,0
1676157960789,616,HTTP Request,200,,Thread-Gruppe  1-72,text,true,,554,129,100,100,http://localhost:7000/randomRequest,616,0,0
1676157960896,512,HTTP Request,200,,Thread-Gruppe  1-98,text,true,,572,129,100,100,http://localhost:7000/randomRequest,512,0,1
1676157960920,511,HTTP Request,200,,Thread-Gruppe  1-7,text,true,,481,129,100,100,http://localhost:7000/randomRequest,511,0,1
1676157960871,610,HTTP Request,200,,Thread-Gruppe  1-79,text,true,,418,129,100,100,http://localhost:7000/randomRequest,610,0,0
1676157960569,912,HTTP Request,200,,Thread-Gruppe  1-78,text,true,,488,129,100,100,http://localhost:7000/randomRequest,912,0,0
1676157960678,824,HTTP Request,200,,Thread-Gruppe  1-37,text,true,,492,129,100,100,http://localhost:7000/randomRequest,824,0,1
1676157960209,1308,HTTP Request,200,,Thread-Gruppe  1-39,text,true,,643,129,100,100,http://localhost:7000/randomRequest,1308,0,0
1676157960591,947,HTTP Request,200,,Thread-Gruppe  1-8,text,true,,682,129,100,100,http://localhost:7000/randomRequest,947,0,0
1676157961127,415,HTTP Request,200,,Thread-Gruppe  1-64,text,true,,417,129,100,100,http://localhost:7000/randomRequest,415,0,0
1676157960737,821,HTTP Request,200,,Thread-Gruppe  1-51,text,true,,488,129,100,100,http://localhost:7000/randomRequest,821,0,1
1676157960513,1045,HTTP Request,200,,Thread-Gruppe  1-96,text,true,,576,129,100,100,http://localhost:7000/randomRequest,1045,0,0
1676157960853,718,HTTP Request,200,,Thread-Gruppe  1-83,text,true,,403,129,100,100,http://localhost:7000/randomRequest,718,0,0
1676157960800,820,HTTP Request,200,,Thread-Gruppe  1-90,text,true,,419,129,100,100,http://localhost:7000/randomRequest,820,0,1
1676157960288,1332,HTTP Request,200,,Thread-Gruppe  1-57,text,true,,488,129,100,100,http://localhost:7000/randomRequest,1332,0,0
1676157960508,1122,HTTP Request,200,,Thread-Gruppe  1-52,text,true,,419,129,100,100,http://localhost:7000/randomRequest,1122,0,0
1676157960109,1529,HTTP Request,200,,Thread-Gruppe  1-14,text,true,,492,129,100,100,http://localhost:7000/randomRequest,1529,0,0
1676157961023,622,HTTP Request,200,,Thread-Gruppe  1-32,text,true,,489,129,100,100,http://localhost:7000/randomRequest,622,0,0
1676157961136,514,HTTP Request,200,,Thread-Gruppe  1-1,text,true,,559,129,100,100,http://localhost:7000/randomRequest,514,0,0
1676157960351,1299,HTTP Request,200,,Thread-Gruppe  1-85,text,true,,540,129,100,100,http://localhost:7000/randomRequest,1299,0,0
1676157960319,1331,HTTP Request,200,,Thread-Gruppe  1-12,text,true,,492,129,100,100,http://localhost:7000/randomRequest,1331,0,0
1676157960661,989,HTTP Request,200,,Thread-Gruppe  1-5,text,true,,495,129,100,100,http://localhost:7000/randomRequest,989,0,0
1676157960938,722,HTTP Request,200,,Thread-Gruppe  1-46,text,true,,550,129,100,100,http://localhost:7000/randomRequest,722,0,0
1676157961071,616,HTTP Request,200,,Thread-Gruppe  1-82,text,true,,418,129,100,100,http://localhost:7000/randomRequest,616,0,1
1676157961001,715,HTTP Request,200,,Thread-Gruppe  1-71,text,true,,487,129,100,100,http://localhost:7000/randomRequest,715,0,1
1676157960899,821,HTTP Request,200,,Thread-Gruppe  1-91,text,true,,687,129,100,100,http://localhost:7000/randomRequest,821,0,0
1676157961006,714,HTTP Request,200,,Thread-Gruppe  1-38,text,true,,403,129,100,100,http://localhost:7000/randomRequest,714,0,0
1676157960919,827,HTTP Request,200,,Thread-Gruppe  1-56,text,true,,485,129,100,100,http://localhost:7000/randomRequest,827,0,0
1676157961023,727,HTTP Request,200,,Thread-Gruppe  1-21,text,true,,1195,129,100,100,http://localhost:7000/randomRequest,727,0,0
1676157961232,518,HTTP Request,200,,Thread-Gruppe  1-75,text,true,,418,129,100,100,http://localhost:7000/randomRequest,518,0,0
1676157961240,513,HTTP Request,200,,Thread-Gruppe  1-36,text,true,,553,129,100,100,http://localhost:7000/randomRequest,513,0,0
1676157961023,743,HTTP Request,200,,Thread-Gruppe  1-53,text,true,,673,129,100,100,http://localhost:7000/randomRequest,743,0,0
1676157961171,623,HTTP Request,200,,Thread-Gruppe  1-94,text,true,,552,129,100,100,http://localhost:7000/randomRequest,623,0,0
1676157961175,619,HTTP Request,200,,Thread-Gruppe  1-45,text,true,,558,129,100,100,http://localhost:7000/randomRequest,619,0,0
1676157961198,612,HTTP Request,200,,Thread-Gruppe  1-93,text,true,,570,129,100,100,http://localhost:7000/randomRequest,612,0,1
1676157960478,1332,HTTP Request,200,,Thread-Gruppe  1-29,text,true,,492,129,100,100,http://localhost:7000/randomRequest,1332,0,0
1676157961001,809,HTTP Request,200,,Thread-Gruppe  1-81,text,true,,541,129,100,100,http://localhost:7000/randomRequest,809,0,0
1676157961003,818,HTTP Request,200,,Thread-Gruppe  1-74,text,true,,418,129,100,100,http://localhost:7000/randomRequest,818,0,0
1676157961316,507,HTTP Request,200,,Thread-Gruppe  1-26,text,true,,492,129,100,100,http://localhost:7000/randomRequest,507,0,1
1676157961110,718,HTTP Request,200,,Thread-Gruppe  1-62,text,true,,418,129,100,100,http://localhost:7000/randomRequest,718,0,0
1676157961019,825,HTTP Request,200,,Thread-Gruppe  1-41,text,true,,492,129,100,100,http://localhost:7000/randomRequest,825,0,0
1676157961334,516,HTTP Request,200,,Thread-Gruppe  1-58,text,true,,547,129,100,100,http://localhost:7000/randomRequest,516,0,1
1676157961542,312,HTTP Request,200,,Thread-Gruppe  1-64,text,true,,419,129,100,100,http://localhost:7000/randomRequest,312,0,0
1676157961344,514,HTTP Request,200,,Thread-Gruppe  1-48,text,true,,419,129,100,100,http://localhost:7000/randomRequest,514,0,0
1676157961023,841,HTTP Request,200,,Thread-Gruppe  1-73,text,true,,414,129,100,100,http://localhost:7000/randomRequest,841,0,0
1676157961250,616,HTTP Request,200,,Thread-Gruppe  1-80,text,true,,555,129,100,100,http://localhost:7000/randomRequest,616,0,0
1676157960959,916,HTTP Request,200,,Thread-Gruppe  1-67,text,true,,419,129,100,100,http://localhost:7000/randomRequest,916,0,0
1676157961337,539,HTTP Request,200,,Thread-Gruppe  1-86,text,true,,663,129,100,100,http://localhost:7000/randomRequest,539,0,0
1676157961071,823,HTTP Request,200,,Thread-Gruppe  1-40,text,true,,418,129,100,100,http://localhost:7000/randomRequest,823,0,1
1676157961110,794,HTTP Request,200,,Thread-Gruppe  1-87,text,true,,647,129,100,100,http://localhost:7000/randomRequest,794,0,0
1676157960817,1098,HTTP Request,200,,Thread-Gruppe  1-9,text,true,,641,129,100,100,http://localhost:7000/randomRequest,1098,0,0
1676157961172,743,HTTP Request,200,,Thread-Gruppe  1-66,text,true,,670,129,100,100,http://localhost:7000/randomRequest,743,0,0
1676157961308,612,HTTP Request,200,,Thread-Gruppe  1-88,text,true,,567,129,100,100,http://localhost:7000/randomRequest,612,0,0
1676157961001,919,HTTP Request,200,,Thread-Gruppe  1-89,text,true,,481,129,100,100,http://localhost:7000/randomRequest,919,0,1
1676157961220,711,HTTP Request,200,,Thread-Gruppe  1-49,text,true,,550,129,100,100,http://localhost:7000/randomRequest,711,0,1
1676157961008,945,HTTP Request,200,,Thread-Gruppe  1-23,text,true,,417,129,100,100,http://localhost:7000/randomRequest,945,0,0
1676157961171,816,HTTP Request,200,,Thread-Gruppe  1-18,text,true,,560,129,100,100,http://localhost:7000/randomRequest,816,0,0
1676157961171,817,HTTP Request,200,,Thread-Gruppe  1-25,text,true,,492,129,100,100,http://localhost:7000/randomRequest,817,0,0
1676157961272,716,HTTP Request,200,,Thread-Gruppe  1-100,text,true,,418,129,100,100,http://localhost:7000/randomRequest,716,0,0
1676157961481,513,HTTP Request,200,,Thread-Gruppe  1-79,text,true,,492,129,100,100,http://localhost:7000/randomRequest,513,0,0
1676157961269,728,HTTP Request,200,,Thread-Gruppe  1-76,text,true,,491,129,100,100,http://localhost:7000/randomRequest,728,0,0
1676157961482,515,HTTP Request,200,,Thread-Gruppe  1-78,text,true,,492,129,100,100,http://localhost:7000/randomRequest,515,0,0
1676157960685,1320,HTTP Request,200,,Thread-Gruppe  1-33,text,true,,541,129,100,100,http://localhost:7000/randomRequest,1320,0,1
1676157961297,719,HTTP Request,200,,Thread-Gruppe  1-50,text,true,,403,129,100,100,http://localhost:7000/randomRequest,719,0,0
1676157961405,615,HTTP Request,200,,Thread-Gruppe  1-72,text,true,,492,129,100,100,http://localhost:7000/randomRequest,615,0,0
1676157961518,510,HTTP Request,200,,Thread-Gruppe  1-39,text,true,,403,129,100,100,http://localhost:7000/randomRequest,510,0,0
1676157961337,718,HTTP Request,200,,Thread-Gruppe  1-27,text,true,,492,129,100,100,http://localhost:7000/randomRequest,718,0,0
1676157961250,820,HTTP Request,200,,Thread-Gruppe  1-34,text,true,,481,129,100,100,http://localhost:7000/randomRequest,820,0,0
1676157961253,817,HTTP Request,200,,Thread-Gruppe  1-65,text,true,,489,129,100,100,http://localhost:7000/randomRequest,817,0,0
1676157961250,820,HTTP Request,200,,Thread-Gruppe  1-70,text,true,,492,129,100,100,http://localhost:7000/randomRequest,820,0,0
1676157961401,714,HTTP Request,200,,Thread-Gruppe  1-44,text,true,,419,129,100,100,http://localhost:7000/randomRequest,714,0,0
1676157961503,617,HTTP Request,200,,Thread-Gruppe  1-37,text,true,,565,129,100,100,http://localhost:7000/randomRequest,617,0,0
1676157960222,1903,HTTP Request,200,,Thread-Gruppe  1-43,text,true,,541,129,100,100,http://localhost:7000/randomRequest,1903,0,0
1676157961062,1092,HTTP Request,200,,Thread-Gruppe  1-68,text,true,,527,129,100,100,http://localhost:7000/randomRequest,1092,0,0
1676157932093,30064,HTTP Request,500,,Thread-Gruppe  1-11,text,false,,258,129,100,100,http://localhost:7000/randomRequest,30064,0,1
1676157961370,792,HTTP Request,200,,Thread-Gruppe  1-69,text,true,,643,129,100,100,http://localhost:7000/randomRequest,792,0,0
1676157961650,512,HTTP Request,200,,Thread-Gruppe  1-12,text,true,,419,129,100,100,http://localhost:7000/randomRequest,512,0,0
1676157961344,822,HTTP Request,200,,Thread-Gruppe  1-4,text,true,,556,129,100,100,http://localhost:7000/randomRequest,822,0,0
1676157961558,613,HTTP Request,200,,Thread-Gruppe  1-96,text,true,,416,129,100,100,http://localhost:7000/randomRequest,613,0,1
1676157961630,608,HTTP Request,200,,Thread-Gruppe  1-52,text,true,,418,129,100,100,http://localhost:7000/randomRequest,608,0,0
1676157961204,1050,HTTP Request,200,,Thread-Gruppe  1-97,text,true,,550,129,100,100,http://localhost:7000/randomRequest,1050,0,0
1676157961070,1184,HTTP Request,200,,Thread-Gruppe  1-59,text,true,,537,129,100,100,http://localhost:7000/randomRequest,1184,0,0
1676157961650,616,HTTP Request,200,,Thread-Gruppe  1-5,text,true,,553,129,100,100,http://localhost:7000/randomRequest,616,0,0
1676157961750,516,HTTP Request,200,,Thread-Gruppe  1-75,text,true,,419,129,100,100,http://localhost:7000/randomRequest,516,0,0
1676157961278,993,HTTP Request,200,,Thread-Gruppe  1-35,text,true,,526,129,100,100,http://localhost:7000/randomRequest,993,0,1
1676157961660,611,HTTP Request,200,,Thread-Gruppe  1-46,text,true,,419,129,100,100,http://localhost:7000/randomRequest,611,0,0
1676157961408,920,HTTP Request,200,,Thread-Gruppe  1-98,text,true,,555,129,100,100,http://localhost:7000/randomRequest,920,0,0
1676157961810,518,HTTP Request,200,,Thread-Gruppe  1-29,text,true,,417,129,100,100,http://localhost:7000/randomRequest,518,0,0
1676157961717,614,HTTP Request,200,,Thread-Gruppe  1-71,text,true,,419,129,100,100,http://localhost:7000/randomRequest,614,0,0
1676157961720,622,HTTP Request,200,,Thread-Gruppe  1-91,text,true,,419,129,100,100,http://localhost:7000/randomRequest,622,0,1
1676157961746,612,HTTP Request,200,,Thread-Gruppe  1-56,text,true,,419,129,100,100,http://localhost:7000/randomRequest,612,0,0
1676157961431,928,HTTP Request,200,,Thread-Gruppe  1-7,text,true,,490,129,100,100,http://localhost:7000/randomRequest,928,0,0
1676157961854,516,HTTP Request,200,,Thread-Gruppe  1-64,text,true,,564,129,100,100,http://localhost:7000/randomRequest,516,0,0
1676157961171,1199,HTTP Request,200,,Thread-Gruppe  1-22,text,true,,540,129,100,100,http://localhost:7000/randomRequest,1199,0,0
1676157960991,1407,HTTP Request,200,,Thread-Gruppe  1-31,text,true,,541,129,100,100,http://localhost:7000/randomRequest,1407,0,0
1676157961995,409,HTTP Request,200,,Thread-Gruppe  1-79,text,true,,490,129,100,100,http://localhost:7000/randomRequest,409,0,0
1676157961119,1290,HTTP Request,200,,Thread-Gruppe  1-24,text,true,,527,129,100,100,http://localhost:7000/randomRequest,1290,0,1
1676157961810,618,HTTP Request,200,,Thread-Gruppe  1-81,text,true,,562,129,100,100,http://localhost:7000/randomRequest,618,0,0
1676157961328,1100,HTTP Request,200,,Thread-Gruppe  1-84,text,true,,541,129,100,100,http://localhost:7000/randomRequest,1100,0,1
1676157961915,516,HTTP Request,200,,Thread-Gruppe  1-66,text,true,,561,129,100,100,http://localhost:7000/randomRequest,516,0,0
1676157961810,621,HTTP Request,200,,Thread-Gruppe  1-93,text,true,,552,129,100,100,http://localhost:7000/randomRequest,621,0,0
1676157961248,1190,HTTP Request,200,,Thread-Gruppe  1-2,text,true,,541,129,100,100,http://localhost:7000/randomRequest,1190,0,1
1676157961620,818,HTTP Request,200,,Thread-Gruppe  1-90,text,true,,492,129,100,100,http://localhost:7000/randomRequest,818,0,0
1676157961823,620,HTTP Request,200,,Thread-Gruppe  1-26,text,true,,418,129,100,100,http://localhost:7000/randomRequest,620,0,0
1676157961638,820,HTTP Request,200,,Thread-Gruppe  1-14,text,true,,485,129,100,100,http://localhost:7000/randomRequest,820,0,0
1676157961844,615,HTTP Request,200,,Thread-Gruppe  1-41,text,true,,557,129,100,100,http://localhost:7000/randomRequest,615,0,0
1676157961571,888,HTTP Request,200,,Thread-Gruppe  1-83,text,true,,643,129,100,100,http://localhost:7000/randomRequest,888,0,0
1676157961850,624,HTTP Request,200,,Thread-Gruppe  1-58,text,true,,489,129,100,100,http://localhost:7000/randomRequest,624,0,0
1676157961864,614,HTTP Request,200,,Thread-Gruppe  1-73,text,true,,556,129,100,100,http://localhost:7000/randomRequest,614,0,1
1676157961558,920,HTTP Request,200,,Thread-Gruppe  1-51,text,true,,492,129,100,100,http://localhost:7000/randomRequest,920,0,1
1676157961650,828,HTTP Request,200,,Thread-Gruppe  1-85,text,true,,488,129,100,100,http://localhost:7000/randomRequest,828,0,0
1676157961866,612,HTTP Request,200,,Thread-Gruppe  1-80,text,true,,419,129,100,100,http://localhost:7000/randomRequest,612,0,1
1676157961688,844,HTTP Request,200,,Thread-Gruppe  1-82,text,true,,673,129,100,100,http://localhost:7000/randomRequest,844,0,0
1676157961915,617,HTTP Request,200,,Thread-Gruppe  1-9,text,true,,418,129,100,100,http://localhost:7000/randomRequest,617,0,0
1676157961821,720,HTTP Request,200,,Thread-Gruppe  1-74,text,true,,403,129,100,100,http://localhost:7000/randomRequest,720,0,0
1676157961753,790,HTTP Request,200,,Thread-Gruppe  1-36,text,true,,541,129,100,100,http://localhost:7000/randomRequest,790,0,0
1676157961931,617,HTTP Request,200,,Thread-Gruppe  1-49,text,true,,548,129,100,100,http://localhost:7000/randomRequest,617,0,0
1676157961828,720,HTTP Request,200,,Thread-Gruppe  1-62,text,true,,419,129,100,100,http://localhost:7000/randomRequest,720,0,1
1676157962238,312,HTTP Request,200,,Thread-Gruppe  1-52,text,true,,419,129,100,100,http://localhost:7000/randomRequest,312,0,1
1676157962156,410,HTTP Request,200,,Thread-Gruppe  1-11,text,true,,560,129,100,100,http://localhost:7000/randomRequest,410,0,0
1676157962055,511,HTTP Request,200,,Thread-Gruppe  1-27,text,true,,559,129,100,100,http://localhost:7000/randomRequest,511,0,1
1676157961750,828,HTTP Request,200,,Thread-Gruppe  1-21,text,true,,555,129,100,100,http://localhost:7000/randomRequest,828,0,0
1676157962162,416,HTTP Request,200,,Thread-Gruppe  1-69,text,true,,419,129,100,100,http://localhost:7000/randomRequest,416,0,1
1676157962166,416,HTTP Request,200,,Thread-Gruppe  1-4,text,true,,419,129,100,100,http://localhost:7000/randomRequest,416,0,0
1676157962070,512,HTTP Request,200,,Thread-Gruppe  1-34,text,true,,555,129,100,100,http://localhost:7000/randomRequest,512,0,1
1676157961794,816,HTTP Request,200,,Thread-Gruppe  1-94,text,true,,558,129,100,100,http://localhost:7000/randomRequest,816,0,1
1676157961620,1012,HTTP Request,200,,Thread-Gruppe  1-57,text,true,,647,129,100,100,http://localhost:7000/randomRequest,1012,0,0
1676157961650,1028,HTTP Request,200,,Thread-Gruppe  1-1,text,true,,489,129,100,100,http://localhost:7000/randomRequest,1028,0,0
1676157961997,713,HTTP Request,200,,Thread-Gruppe  1-78,text,true,,562,129,100,100,http://localhost:7000/randomRequest,713,0,0
1676157961997,713,HTTP Request,200,,Thread-Gruppe  1-76,text,true,,490,129,100,100,http://localhost:7000/randomRequest,713,0,0
1676157961988,741,HTTP Request,200,,Thread-Gruppe  1-18,text,true,,555,129,100,100,http://localhost:7000/randomRequest,741,0,0
1676157962016,722,HTTP Request,200,,Thread-Gruppe  1-50,text,true,,488,129,100,100,http://localhost:7000/randomRequest,722,0,1
1676157961538,1200,HTTP Request,200,,Thread-Gruppe  1-8,text,true,,537,129,100,100,http://localhost:7000/randomRequest,1200,0,0
1676157961920,823,HTTP Request,200,,Thread-Gruppe  1-89,text,true,,485,129,100,100,http://localhost:7000/randomRequest,823,0,0
1676157962271,520,HTTP Request,200,,Thread-Gruppe  1-46,text,true,,419,129,100,100,http://localhost:7000/randomRequest,520,0,0
1676157962070,721,HTTP Request,200,,Thread-Gruppe  1-70,text,true,,418,129,100,100,http://localhost:7000/randomRequest,721,0,1
1676157961875,937,HTTP Request,200,,Thread-Gruppe  1-67,text,true,,403,129,100,100,http://localhost:7000/randomRequest,937,0,0
1676157961988,824,HTTP Request,200,,Thread-Gruppe  1-25,text,true,,418,129,100,100,http://localhost:7000/randomRequest,824,0,0
1676157961794,1018,HTTP Request,200,,Thread-Gruppe  1-45,text,true,,631,129,100,100,http://localhost:7000/randomRequest,1018,0,1
1676157961720,1130,HTTP Request,200,,Thread-Gruppe  1-38,text,true,,481,129,100,100,http://localhost:7000/randomRequest,1130,0,1
1676157961645,1205,HTTP Request,200,,Thread-Gruppe  1-32,text,true,,533,129,100,100,http://localhost:7000/randomRequest,1205,0,0
1676157961858,1008,HTTP Request,200,,Thread-Gruppe  1-48,text,true,,643,129,100,100,http://localhost:7000/randomRequest,1008,0,1
1676157962475,407,HTTP Request,200,,Thread-Gruppe  1-58,text,true,,567,129,100,100,http://localhost:7000/randomRequest,407,0,0
1676157962171,720,HTTP Request,200,,Thread-Gruppe  1-96,text,true,,418,129,100,100,http://localhost:7000/randomRequest,720,0,0
1676157961895,1009,HTTP Request,200,,Thread-Gruppe  1-40,text,true,,647,129,100,100,http://localhost:7000/randomRequest,1009,0,0
1676157962398,510,HTTP Request,200,,Thread-Gruppe  1-31,text,true,,492,129,100,100,http://localhost:7000/randomRequest,510,0,1
1676157962005,927,HTTP Request,200,,Thread-Gruppe  1-33,text,true,,562,129,100,100,http://localhost:7000/randomRequest,927,0,0
1676157962432,516,HTTP Request,200,,Thread-Gruppe  1-66,text,true,,418,129,100,100,http://localhost:7000/randomRequest,516,0,0
1676157962020,930,HTTP Request,200,,Thread-Gruppe  1-72,text,true,,403,129,100,100,http://localhost:7000/randomRequest,930,0,0
1676157962438,516,HTTP Request,200,,Thread-Gruppe  1-90,text,true,,419,129,100,100,http://localhost:7000/randomRequest,516,0,0
1676157962125,829,HTTP Request,200,,Thread-Gruppe  1-43,text,true,,556,129,100,100,http://localhost:7000/randomRequest,829,0,0
1676157962358,609,HTTP Request,200,,Thread-Gruppe  1-56,text,true,,492,129,100,100,http://localhost:7000/randomRequest,609,0,0
1676157962254,713,HTTP Request,200,,Thread-Gruppe  1-59,text,true,,419,129,100,100,http://localhost:7000/randomRequest,713,0,1
1676157962459,515,HTTP Request,200,,Thread-Gruppe  1-83,text,true,,547,129,100,100,http://localhost:7000/randomRequest,515,0,0
1676157961953,1025,HTTP Request,200,,Thread-Gruppe  1-23,text,true,,555,129,100,100,http://localhost:7000/randomRequest,1025,0,0
1676157962370,618,HTTP Request,200,,Thread-Gruppe  1-64,text,true,,418,129,100,100,http://localhost:7000/randomRequest,617,0,1
1676157961766,1221,HTTP Request,200,,Thread-Gruppe  1-53,text,true,,541,129,100,100,http://localhost:7000/randomRequest,1221,0,1
1676157962370,618,HTTP Request,200,,Thread-Gruppe  1-22,text,true,,485,129,100,100,http://localhost:7000/randomRequest,617,0,1
1676157962271,720,HTTP Request,200,,Thread-Gruppe  1-35,text,true,,492,129,100,100,http://localhost:7000/randomRequest,720,0,0
1676157962070,921,HTTP Request,200,,Thread-Gruppe  1-65,text,true,,492,129,100,100,http://localhost:7000/randomRequest,921,0,1
1676157961988,1018,HTTP Request,200,,Thread-Gruppe  1-100,text,true,,537,129,100,100,http://localhost:7000/randomRequest,1018,0,0
1676157961401,1615,HTTP Request,200,,Thread-Gruppe  1-10,text,true,,541,129,100,100,http://localhost:7000/randomRequest,1615,0,0
1676157962409,617,HTTP Request,200,,Thread-Gruppe  1-24,text,true,,417,129,100,100,http://localhost:7000/randomRequest,617,0,0
1676157962428,618,HTTP Request,200,,Thread-Gruppe  1-84,text,true,,492,129,100,100,http://localhost:7000/randomRequest,618,0,0
1676157961876,1191,HTTP Request,200,,Thread-Gruppe  1-86,text,true,,525,129,100,100,http://localhost:7000/randomRequest,1191,0,0
1676157962459,608,HTTP Request,200,,Thread-Gruppe  1-14,text,true,,485,129,100,100,http://localhost:7000/randomRequest,608,0,0
1676157962478,614,HTTP Request,200,,Thread-Gruppe  1-85,text,true,,481,129,100,100,http://localhost:7000/randomRequest,614,0,1
1676157962479,614,HTTP Request,200,,Thread-Gruppe  1-80,text,true,,487,129,100,100,http://localhost:7000/randomRequest,614,0,0
1676157962632,514,HTTP Request,200,,Thread-Gruppe  1-57,text,true,,403,129,100,100,http://localhost:7000/randomRequest,514,0,1
1676157961920,1228,HTTP Request,200,,Thread-Gruppe  1-88,text,true,,535,129,100,100,http://localhost:7000/randomRequest,1228,0,0
1676157962115,1033,HTTP Request,200,,Thread-Gruppe  1-44,text,true,,492,129,100,100,http://localhost:7000/randomRequest,1033,0,0
1676157962738,412,HTTP Request,200,,Thread-Gruppe  1-50,text,true,,550,129,100,100,http://localhost:7000/randomRequest,412,0,0
1676157962428,722,HTTP Request,200,,Thread-Gruppe  1-81,text,true,,545,129,100,100,http://localhost:7000/randomRequest,722,0,0
1676157962328,823,HTTP Request,200,,Thread-Gruppe  1-29,text,true,,419,129,100,100,http://localhost:7000/randomRequest,823,0,1
1676157962332,824,HTTP Request,200,,Thread-Gruppe  1-71,text,true,,419,129,100,100,http://localhost:7000/randomRequest,824,0,0
1676157962028,1128,HTTP Request,200,,Thread-Gruppe  1-39,text,true,,492,129,100,100,http://localhost:7000/randomRequest,1128,0,0
1676157962432,726,HTTP Request,200,,Thread-Gruppe  1-93,text,true,,492,129,100,100,http://localhost:7000/randomRequest,726,0,0
1676157962543,615,HTTP Request,200,,Thread-Gruppe  1-36,text,true,,419,129,100,100,http://localhost:7000/randomRequest,615,0,1
1676157962551,615,HTTP Request,200,,Thread-Gruppe  1-52,text,true,,417,129,100,100,http://localhost:7000/randomRequest,615,0,0
1676157962254,923,HTTP Request,200,,Thread-Gruppe  1-97,text,true,,377,129,100,100,http://localhost:7000/randomRequest,923,0,0
1676157962566,616,HTTP Request,200,,Thread-Gruppe  1-11,text,true,,419,129,100,100,http://localhost:7000/randomRequest,616,0,1
1676157962578,613,HTTP Request,200,,Thread-Gruppe  1-21,text,true,,488,129,100,100,http://localhost:7000/randomRequest,613,0,1
1676157962162,1029,HTTP Request,200,,Thread-Gruppe  1-12,text,true,,419,129,100,100,http://localhost:7000/randomRequest,1029,0,1
1676157962478,717,HTTP Request,200,,Thread-Gruppe  1-73,text,true,,492,129,100,100,http://localhost:7000/randomRequest,717,0,1
1676157962266,929,HTTP Request,200,,Thread-Gruppe  1-5,text,true,,419,129,100,100,http://localhost:7000/randomRequest,929,0,1
1676157962342,899,HTTP Request,200,,Thread-Gruppe  1-91,text,true,,637,129,100,100,http://localhost:7000/randomRequest,899,0,0
1676157962738,515,HTTP Request,200,,Thread-Gruppe  1-8,text,true,,492,129,100,100,http://localhost:7000/randomRequest,515,0,0
1676157962328,930,HTTP Request,200,,Thread-Gruppe  1-98,text,true,,544,129,100,100,http://localhost:7000/randomRequest,930,0,1
1676157962532,728,HTTP Request,200,,Thread-Gruppe  1-9,text,true,,417,129,100,100,http://localhost:7000/randomRequest,728,0,0
1676157962548,721,HTTP Request,200,,Thread-Gruppe  1-62,text,true,,481,129,100,100,http://localhost:7000/randomRequest,721,0,0
1676157962459,823,HTTP Request,200,,Thread-Gruppe  1-41,text,true,,490,129,100,100,http://localhost:7000/randomRequest,823,0,0
1676157962566,717,HTTP Request,200,,Thread-Gruppe  1-27,text,true,,485,129,100,100,http://localhost:7000/randomRequest,717,0,1
1676157962154,1140,HTTP Request,200,,Thread-Gruppe  1-68,text,true,,485,129,100,100,http://localhost:7000/randomRequest,1140,0,0
1676157962582,718,HTTP Request,200,,Thread-Gruppe  1-4,text,true,,481,129,100,100,http://localhost:7000/randomRequest,718,0,0
1676157962404,917,HTTP Request,200,,Thread-Gruppe  1-79,text,true,,569,129,100,100,http://localhost:7000/randomRequest,917,0,0
1676157962711,621,HTTP Request,200,,Thread-Gruppe  1-78,text,true,,492,129,100,100,http://localhost:7000/randomRequest,621,0,0
1676157962541,824,HTTP Request,200,,Thread-Gruppe  1-74,text,true,,560,129,100,100,http://localhost:7000/randomRequest,824,0,1
1676157962850,515,HTTP Request,200,,Thread-Gruppe  1-38,text,true,,545,129,100,100,http://localhost:7000/randomRequest,515,0,0
1676157962266,1106,HTTP Request,200,,Thread-Gruppe  1-75,text,true,,535,129,100,100,http://localhost:7000/randomRequest,1106,0,1
1676157962967,408,HTTP Request,200,,Thread-Gruppe  1-59,text,true,,413,129,100,100,http://localhost:7000/randomRequest,408,0,0
1676157962359,1029,HTTP Request,200,,Thread-Gruppe  1-7,text,true,,419,129,100,100,http://localhost:7000/randomRequest,1029,0,0
1676157962883,512,HTTP Request,200,,Thread-Gruppe  1-58,text,true,,557,129,100,100,http://localhost:7000/randomRequest,512,0,0
1676157962891,511,HTTP Request,200,,Thread-Gruppe  1-96,text,true,,550,129,100,100,http://localhost:7000/randomRequest,511,0,1
1676157962610,792,HTTP Request,200,,Thread-Gruppe  1-94,text,true,,647,129,100,100,http://localhost:7000/randomRequest,792,0,0
1676157962812,610,HTTP Request,200,,Thread-Gruppe  1-25,text,true,,492,129,100,100,http://localhost:7000/randomRequest,610,0,0
1676157962812,610,HTTP Request,200,,Thread-Gruppe  1-67,text,true,,555,129,100,100,http://localhost:7000/randomRequest,610,0,0
1676157962932,526,HTTP Request,200,,Thread-Gruppe  1-33,text,true,,417,129,100,100,http://localhost:7000/randomRequest,526,0,0
1676157962954,514,HTTP Request,200,,Thread-Gruppe  1-43,text,true,,485,129,100,100,http://localhost:7000/randomRequest,514,0,0
1676157962548,930,HTTP Request,200,,Thread-Gruppe  1-49,text,true,,633,129,100,100,http://localhost:7000/randomRequest,930,0,0
1676157962991,517,HTTP Request,200,,Thread-Gruppe  1-35,text,true,,578,129,100,100,http://localhost:7000/randomRequest,517,0,1
1676157962743,810,HTTP Request,200,,Thread-Gruppe  1-89,text,true,,495,129,100,100,http://localhost:7000/randomRequest,810,0,0
1676157963152,415,HTTP Request,200,,Thread-Gruppe  1-29,text,true,,481,129,100,100,http://localhost:7000/randomRequest,415,0,0
1676157962438,1135,HTTP Request,200,,Thread-Gruppe  1-2,text,true,,403,129,100,100,http://localhost:7000/randomRequest,1135,0,0
1676157963156,417,HTTP Request,200,,Thread-Gruppe  1-71,text,true,,561,129,100,100,http://localhost:7000/randomRequest,417,0,0
1676157962950,623,HTTP Request,200,,Thread-Gruppe  1-72,text,true,,492,129,100,100,http://localhost:7000/randomRequest,623,0,0
1676157962443,1132,HTTP Request,200,,Thread-Gruppe  1-26,text,true,,492,129,100,100,http://localhost:7000/randomRequest,1132,0,0
1676157962967,611,HTTP Request,200,,Thread-Gruppe  1-56,text,true,,418,129,100,100,http://localhost:7000/randomRequest,611,0,0
1676157962978,615,HTTP Request,200,,Thread-Gruppe  1-23,text,true,,486,129,100,100,http://localhost:7000/randomRequest,615,0,0
1676157962711,889,HTTP Request,200,,Thread-Gruppe  1-76,text,true,,647,129,100,100,http://localhost:7000/randomRequest,889,0,0
1676157962988,621,HTTP Request,200,,Thread-Gruppe  1-22,text,true,,418,129,100,100,http://localhost:7000/randomRequest,621,0,0
1676157962904,717,HTTP Request,200,,Thread-Gruppe  1-40,text,true,,558,129,100,100,http://localhost:7000/randomRequest,717,0,0
1676157961904,1721,HTTP Request,200,,Thread-Gruppe  1-87,text,true,,536,129,100,100,http://localhost:7000/randomRequest,1721,0,0
1676157962948,679,HTTP Request,200,,Thread-Gruppe  1-66,text,true,,641,129,100,100,http://localhost:7000/randomRequest,679,0,0
1676157962812,815,HTTP Request,200,,Thread-Gruppe  1-45,text,true,,485,129,100,100,http://localhost:7000/randomRequest,815,0,0
1676157962532,1107,HTTP Request,200,,Thread-Gruppe  1-82,text,true,,527,129,100,100,http://localhost:7000/randomRequest,1107,0,0
1676157963026,630,HTTP Request,200,,Thread-Gruppe  1-24,text,true,,419,129,100,100,http://localhost:7000/randomRequest,630,0,0
1676157962954,719,HTTP Request,200,,Thread-Gruppe  1-90,text,true,,555,129,100,100,http://localhost:7000/randomRequest,719,0,0
1676157963166,512,HTTP Request,200,,Thread-Gruppe  1-52,text,true,,416,129,100,100,http://localhost:7000/randomRequest,512,0,1
1676157963156,531,HTTP Request,200,,Thread-Gruppe  1-39,text,true,,417,129,100,100,http://localhost:7000/randomRequest,531,0,0
1676157962578,1127,HTTP Request,200,,Thread-Gruppe  1-69,text,true,,630,129,100,100,http://localhost:7000/randomRequest,1127,0,1
1676157962991,725,HTTP Request,200,,Thread-Gruppe  1-65,text,true,,419,129,100,100,http://localhost:7000/randomRequest,725,0,1
1676157963006,718,HTTP Request,200,,Thread-Gruppe  1-100,text,true,,559,129,100,100,http://localhost:7000/randomRequest,718,0,0
1676157963016,716,HTTP Request,200,,Thread-Gruppe  1-10,text,true,,556,129,100,100,http://localhost:7000/randomRequest,716,0,1
1676157962120,1612,HTTP Request,200,,Thread-Gruppe  1-37,text,true,,541,129,100,100,http://localhost:7000/randomRequest,1612,0,0
1676157963046,695,HTTP Request,200,,Thread-Gruppe  1-84,text,true,,643,129,100,100,http://localhost:7000/randomRequest,695,0,0
1676157962729,1029,HTTP Request,200,,Thread-Gruppe  1-18,text,true,,481,129,100,100,http://localhost:7000/randomRequest,1029,0,1
1676157963150,624,HTTP Request,200,,Thread-Gruppe  1-81,text,true,,492,129,100,100,http://localhost:7000/randomRequest,624,0,0
1676157962850,924,HTTP Request,200,,Thread-Gruppe  1-32,text,true,,416,129,100,100,http://localhost:7000/randomRequest,924,0,0
1676157963158,617,HTTP Request,200,,Thread-Gruppe  1-93,text,true,,541,129,100,100,http://localhost:7000/randomRequest,617,0,0
1676157963191,587,HTTP Request,200,,Thread-Gruppe  1-12,text,true,,491,129,100,100,http://localhost:7000/randomRequest,587,0,1
1676157962478,1305,HTTP Request,200,,Thread-Gruppe  1-51,text,true,,643,129,100,100,http://localhost:7000/randomRequest,1305,0,1
1676157963067,716,HTTP Request,200,,Thread-Gruppe  1-14,text,true,,485,129,100,100,http://localhost:7000/randomRequest,716,0,1
1676157962974,826,HTTP Request,200,,Thread-Gruppe  1-83,text,true,,419,129,100,100,http://localhost:7000/randomRequest,826,0,1
1676157963191,619,HTTP Request,200,,Thread-Gruppe  1-21,text,true,,539,129,100,100,http://localhost:7000/randomRequest,619,0,1
1676157962582,1247,HTTP Request,200,,Thread-Gruppe  1-34,text,true,,527,129,100,100,http://localhost:7000/randomRequest,1247,0,0
1676157962791,1038,HTTP Request,200,,Thread-Gruppe  1-46,text,true,,486,129,100,100,http://localhost:7000/randomRequest,1038,0,1
1676157963195,634,HTTP Request,200,,Thread-Gruppe  1-73,text,true,,485,129,100,100,http://localhost:7000/randomRequest,634,0,0
1676157963092,737,HTTP Request,200,,Thread-Gruppe  1-85,text,true,,488,129,100,100,http://localhost:7000/randomRequest,737,0,0
1676157963332,543,HTTP Request,200,,Thread-Gruppe  1-78,text,true,,417,129,100,100,http://localhost:7000/randomRequest,543,0,0
1676157963148,730,HTTP Request,200,,Thread-Gruppe  1-88,text,true,,419,129,100,100,http://localhost:7000/randomRequest,730,0,1
1676157963158,720,HTTP Request,200,,Thread-Gruppe  1-36,text,true,,419,129,100,100,http://localhost:7000/randomRequest,720,0,0
1676157963148,730,HTTP Request,200,,Thread-Gruppe  1-44,text,true,,419,129,100,100,http://localhost:7000/randomRequest,730,0,1
1676157962678,1203,HTTP Request,200,,Thread-Gruppe  1-1,text,true,,633,129,100,100,http://localhost:7000/randomRequest,1203,0,0
1676157963258,629,HTTP Request,200,,Thread-Gruppe  1-98,text,true,,417,129,100,100,http://localhost:7000/randomRequest,629,0,0
1676157963260,633,HTTP Request,200,,Thread-Gruppe  1-9,text,true,,417,129,100,100,http://localhost:7000/randomRequest,633,0,0
1676157963283,620,HTTP Request,200,,Thread-Gruppe  1-27,text,true,,403,129,100,100,http://localhost:7000/randomRequest,620,0,0
1676157963177,726,HTTP Request,200,,Thread-Gruppe  1-97,text,true,,478,129,100,100,http://localhost:7000/randomRequest,726,0,0
1676157963395,515,HTTP Request,200,,Thread-Gruppe  1-58,text,true,,419,129,100,100,http://localhost:7000/randomRequest,515,0,0
1676157963294,625,HTTP Request,200,,Thread-Gruppe  1-68,text,true,,419,129,100,100,http://localhost:7000/randomRequest,625,0,1
1676157963388,540,HTTP Request,200,,Thread-Gruppe  1-7,text,true,,552,129,100,100,http://localhost:7000/randomRequest,540,0,0
1676157963321,615,HTTP Request,200,,Thread-Gruppe  1-79,text,true,,551,129,100,100,http://localhost:7000/randomRequest,615,0,0
1676157963567,411,HTTP Request,200,,Thread-Gruppe  1-29,text,true,,419,129,100,100,http://localhost:7000/randomRequest,411,0,0
1676157963573,410,HTTP Request,200,,Thread-Gruppe  1-71,text,true,,419,129,100,100,http://localhost:7000/randomRequest,410,0,0
1676157963269,720,HTTP Request,200,,Thread-Gruppe  1-62,text,true,,485,129,100,100,http://localhost:7000/randomRequest,720,0,0
1676157963375,614,HTTP Request,200,,Thread-Gruppe  1-59,text,true,,553,129,100,100,http://localhost:7000/randomRequest,614,0,0
1676157963478,519,HTTP Request,200,,Thread-Gruppe  1-49,text,true,,553,129,100,100,http://localhost:7000/randomRequest,519,0,0
1676157962988,1018,HTTP Request,200,,Thread-Gruppe  1-64,text,true,,491,129,100,100,http://localhost:7000/randomRequest,1018,0,0
1676157963600,415,HTTP Request,200,,Thread-Gruppe  1-76,text,true,,418,129,100,100,http://localhost:7000/randomRequest,415,0,0
1676157963146,893,HTTP Request,200,,Thread-Gruppe  1-57,text,true,,481,129,100,100,http://localhost:7000/randomRequest,893,0,1
1676157963627,414,HTTP Request,200,,Thread-Gruppe  1-66,text,true,,488,129,100,100,http://localhost:7000/randomRequest,414,0,0
1676157963253,831,HTTP Request,200,,Thread-Gruppe  1-8,text,true,,403,129,100,100,http://localhost:7000/randomRequest,831,0,0
1676157963365,722,HTTP Request,200,,Thread-Gruppe  1-38,text,true,,492,129,100,100,http://localhost:7000/randomRequest,722,0,0
1676157963093,996,HTTP Request,200,,Thread-Gruppe  1-80,text,true,,644,129,100,100,http://localhost:7000/randomRequest,996,0,0
1676157963372,717,HTTP Request,200,,Thread-Gruppe  1-75,text,true,,485,129,100,100,http://localhost:7000/randomRequest,717,0,0
1676157962988,1101,HTTP Request,200,,Thread-Gruppe  1-53,text,true,,633,129,100,100,http://localhost:7000/randomRequest,1101,0,0
1676157963593,519,HTTP Request,200,,Thread-Gruppe  1-23,text,true,,488,129,100,100,http://localhost:7000/randomRequest,519,0,0
1676157963182,930,HTTP Request,200,,Thread-Gruppe  1-11,text,true,,481,129,100,100,http://localhost:7000/randomRequest,930,0,1
1676157962908,1204,HTTP Request,200,,Thread-Gruppe  1-31,text,true,,633,129,100,100,http://localhost:7000/randomRequest,1204,0,1
1676157963609,510,HTTP Request,200,,Thread-Gruppe  1-22,text,true,,492,129,100,100,http://localhost:7000/randomRequest,510,0,0
1676157963508,611,HTTP Request,200,,Thread-Gruppe  1-35,text,true,,563,129,100,100,http://localhost:7000/randomRequest,611,0,0
1676157963625,519,HTTP Request,200,,Thread-Gruppe  1-87,text,true,,486,129,100,100,http://localhost:7000/randomRequest,519,0,0
1676157963241,924,HTTP Request,200,,Thread-Gruppe  1-91,text,true,,403,129,100,100,http://localhost:7000/randomRequest,924,0,0
1676157963758,410,HTTP Request,200,,Thread-Gruppe  1-18,text,true,,492,129,100,100,http://localhost:7000/randomRequest,410,0,0
1676157963673,518,HTTP Request,200,,Thread-Gruppe  1-90,text,true,,418,129,100,100,http://localhost:7000/randomRequest,518,0,0
1676157963195,996,HTTP Request,200,,Thread-Gruppe  1-5,text,true,,481,129,100,100,http://localhost:7000/randomRequest,996,0,0
1676157963778,413,HTTP Request,200,,Thread-Gruppe  1-12,text,true,,403,129,100,100,http://localhost:7000/randomRequest,413,0,0
1676157962791,1417,HTTP Request,200,,Thread-Gruppe  1-70,text,true,,527,129,100,100,http://localhost:7000/randomRequest,1417,0,1
1676157963067,1154,HTTP Request,200,,Thread-Gruppe  1-86,text,true,,474,129,100,100,http://localhost:7000/randomRequest,1154,0,1
1676157963423,821,HTTP Request,200,,Thread-Gruppe  1-67,text,true,,419,129,100,100,http://localhost:7000/randomRequest,821,0,0
1676157963423,821,HTTP Request,200,,Thread-Gruppe  1-25,text,true,,526,129,100,100,http://localhost:7000/randomRequest,821,0,0
1676157963150,1137,HTTP Request,200,,Thread-Gruppe  1-50,text,true,,492,129,100,100,http://localhost:7000/randomRequest,1137,0,0
1676157963468,821,HTTP Request,200,,Thread-Gruppe  1-43,text,true,,536,129,100,100,http://localhost:7000/randomRequest,821,0,1
1676157963459,830,HTTP Request,200,,Thread-Gruppe  1-33,text,true,,418,129,100,100,http://localhost:7000/randomRequest,830,0,0
1676157963679,612,HTTP Request,200,,Thread-Gruppe  1-52,text,true,,561,129,100,100,http://localhost:7000/randomRequest,612,0,0
1676157963656,638,HTTP Request,200,,Thread-Gruppe  1-24,text,true,,415,129,100,100,http://localhost:7000/randomRequest,638,0,0
1676157963282,1036,HTTP Request,200,,Thread-Gruppe  1-41,text,true,,403,129,100,100,http://localhost:7000/randomRequest,1036,0,0
1676157963402,921,HTTP Request,200,,Thread-Gruppe  1-96,text,true,,552,129,100,100,http://localhost:7000/randomRequest,921,0,0
1676157963300,1025,HTTP Request,200,,Thread-Gruppe  1-4,text,true,,492,129,100,100,http://localhost:7000/randomRequest,1025,0,0
1676157963829,510,HTTP Request,200,,Thread-Gruppe  1-85,text,true,,419,129,100,100,http://localhost:7000/randomRequest,510,0,1
1676157963732,616,HTTP Request,200,,Thread-Gruppe  1-10,text,true,,485,129,100,100,http://localhost:7000/randomRequest,616,0,0
1676157963627,721,HTTP Request,200,,Thread-Gruppe  1-45,text,true,,561,129,100,100,http://localhost:7000/randomRequest,721,0,0
1676157934221,30130,HTTP Request,500,,Thread-Gruppe  1-99,text,false,,258,129,100,100,http://localhost:7000/randomRequest,30130,0,0
1676157963732,634,HTTP Request,200,,Thread-Gruppe  1-37,text,true,,417,129,100,100,http://localhost:7000/randomRequest,634,0,0
1676157963774,619,HTTP Request,200,,Thread-Gruppe  1-32,text,true,,485,129,100,100,http://localhost:7000/randomRequest,619,0,1
1676157963775,620,HTTP Request,200,,Thread-Gruppe  1-93,text,true,,490,129,100,100,http://localhost:7000/randomRequest,620,0,0
1676157963575,820,HTTP Request,200,,Thread-Gruppe  1-26,text,true,,492,129,100,100,http://localhost:7000/randomRequest,820,0,0
1676157963402,1020,HTTP Request,200,,Thread-Gruppe  1-94,text,true,,541,129,100,100,http://localhost:7000/randomRequest,1020,0,0
1676157963919,517,HTTP Request,200,,Thread-Gruppe  1-68,text,true,,419,129,100,100,http://localhost:7000/randomRequest,517,0,0
1676157963829,637,HTTP Request,200,,Thread-Gruppe  1-73,text,true,,688,129,100,100,http://localhost:7000/randomRequest,637,0,1
1676157934462,30032,HTTP Request,500,,Thread-Gruppe  1-19,text,false,,258,129,100,100,http://localhost:7000/randomRequest,30032,0,0
1676157963979,517,HTTP Request,200,,Thread-Gruppe  1-29,text,true,,419,129,100,100,http://localhost:7000/randomRequest,517,0,0
1676157963878,622,HTTP Request,200,,Thread-Gruppe  1-88,text,true,,417,129,100,100,http://localhost:7000/randomRequest,622,0,0
1676157963878,622,HTTP Request,200,,Thread-Gruppe  1-36,text,true,,551,129,100,100,http://localhost:7000/randomRequest,622,0,0
1676157963983,517,HTTP Request,200,,Thread-Gruppe  1-71,text,true,,419,129,100,100,http://localhost:7000/randomRequest,517,0,0
1676157963997,512,HTTP Request,200,,Thread-Gruppe  1-49,text,true,,556,129,100,100,http://localhost:7000/randomRequest,512,0,0
1676157963705,821,HTTP Request,200,,Thread-Gruppe  1-69,text,true,,490,129,100,100,http://localhost:7000/randomRequest,821,0,0
1676157964119,435,HTTP Request,200,,Thread-Gruppe  1-35,text,true,,548,129,100,100,http://localhost:7000/randomRequest,435,0,0
1676157963741,818,HTTP Request,200,,Thread-Gruppe  1-84,text,true,,492,129,100,100,http://localhost:7000/randomRequest,818,0,1
1676157962867,1715,HTTP Request,200,,Thread-Gruppe  1-48,text,true,,537,129,100,100,http://localhost:7000/randomRequest,1715,0,0
1676157963783,818,HTTP Request,200,,Thread-Gruppe  1-14,text,true,,419,129,100,100,http://localhost:7000/randomRequest,818,0,0
1676157964089,512,HTTP Request,200,,Thread-Gruppe  1-75,text,true,,541,129,100,100,http://localhost:7000/randomRequest,512,0,0
1676157963888,713,HTTP Request,200,,Thread-Gruppe  1-98,text,true,,551,129,100,100,http://localhost:7000/randomRequest,713,0,0
1676157964088,513,HTTP Request,200,,Thread-Gruppe  1-38,text,true,,418,129,100,100,http://localhost:7000/randomRequest,513,0,0
1676157963882,719,HTTP Request,200,,Thread-Gruppe  1-1,text,true,,568,129,100,100,http://localhost:7000/randomRequest,719,0,0
1676157963893,716,HTTP Request,200,,Thread-Gruppe  1-9,text,true,,546,129,100,100,http://localhost:7000/randomRequest,716,0,1
1676157964006,605,HTTP Request,200,,Thread-Gruppe  1-64,text,true,,565,129,100,100,http://localhost:7000/randomRequest,605,0,0
1676157963903,727,HTTP Request,200,,Thread-Gruppe  1-27,text,true,,419,129,100,100,http://localhost:7000/randomRequest,727,0,0
1676157964015,615,HTTP Request,200,,Thread-Gruppe  1-76,text,true,,419,129,100,100,http://localhost:7000/randomRequest,615,0,0
1676157963800,830,HTTP Request,200,,Thread-Gruppe  1-83,text,true,,419,129,100,100,http://localhost:7000/randomRequest,830,0,0
1676157963903,727,HTTP Request,200,,Thread-Gruppe  1-97,text,true,,558,129,100,100,http://localhost:7000/randomRequest,727,0,0
1676157963716,915,HTTP Request,200,,Thread-Gruppe  1-65,text,true,,535,129,100,100,http://localhost:7000/randomRequest,915,0,1
1676157963622,1021,HTTP Request,200,,Thread-Gruppe  1-40,text,true,,485,129,100,100,http://localhost:7000/randomRequest,1021,0,0
1676157963829,814,HTTP Request,200,,Thread-Gruppe  1-46,text,true,,1023,129,100,100,http://localhost:7000/randomRequest,814,0,1
1676157964041,614,HTTP Request,200,,Thread-Gruppe  1-66,text,true,,416,129,100,100,http://localhost:7000/randomRequest,614,0,0
1676157963725,988,HTTP Request,200,,Thread-Gruppe  1-100,text,true,,541,129,100,100,http://localhost:7000/randomRequest,988,0,0
1676157964084,629,HTTP Request,200,,Thread-Gruppe  1-8,text,true,,417,129,100,100,http://localhost:7000/randomRequest,629,0,0
1676157964113,620,HTTP Request,200,,Thread-Gruppe  1-23,text,true,,419,129,100,100,http://localhost:7000/randomRequest,620,0,0
1676157963639,1094,HTTP Request,200,,Thread-Gruppe  1-82,text,true,,633,129,100,100,http://localhost:7000/randomRequest,1094,0,0
1676157963910,823,HTTP Request,200,,Thread-Gruppe  1-58,text,true,,548,129,100,100,http://localhost:7000/randomRequest,823,0,1
1676157963810,923,HTTP Request,200,,Thread-Gruppe  1-21,text,true,,492,129,100,100,http://localhost:7000/randomRequest,923,0,0
1676157963829,919,HTTP Request,200,,Thread-Gruppe  1-34,text,true,,556,129,100,100,http://localhost:7000/randomRequest,919,0,1
1676157963573,1205,HTTP Request,200,,Thread-Gruppe  1-2,text,true,,647,129,100,100,http://localhost:7000/randomRequest,1205,0,0
1676157963688,1090,HTTP Request,200,,Thread-Gruppe  1-39,text,true,,537,129,100,100,http://localhost:7000/randomRequest,1090,0,0
1676157963553,1225,HTTP Request,200,,Thread-Gruppe  1-89,text,true,,482,129,100,100,http://localhost:7000/randomRequest,1225,0,0
1676157963989,789,HTTP Request,200,,Thread-Gruppe  1-62,text,true,,647,129,100,100,http://localhost:7000/randomRequest,789,0,0
1676157964165,613,HTTP Request,200,,Thread-Gruppe  1-91,text,true,,489,129,100,100,http://localhost:7000/randomRequest,613,0,0
1676157963365,1419,HTTP Request,200,,Thread-Gruppe  1-74,text,true,,537,129,100,100,http://localhost:7000/randomRequest,1419,0,0
1676157964287,507,HTTP Request,200,,Thread-Gruppe  1-50,text,true,,403,129,100,100,http://localhost:7000/randomRequest,507,0,0
1676157963578,1227,HTTP Request,200,,Thread-Gruppe  1-56,text,true,,525,129,100,100,http://localhost:7000/randomRequest,1227,0,0
1676157963989,856,HTTP Request,200,,Thread-Gruppe  1-59,text,true,,414,129,100,100,http://localhost:7000/randomRequest,856,0,0
1676157963774,1099,HTTP Request,200,,Thread-Gruppe  1-81,text,true,,541,129,100,100,http://localhost:7000/randomRequest,1099,0,1
1676157964168,710,HTTP Request,200,,Thread-Gruppe  1-18,text,true,,492,129,100,100,http://localhost:7000/randomRequest,710,0,0
1676157964289,619,HTTP Request,200,,Thread-Gruppe  1-43,text,true,,490,129,100,100,http://localhost:7000/randomRequest,619,0,0
1676157964191,717,HTTP Request,200,,Thread-Gruppe  1-5,text,true,,403,129,100,100,http://localhost:7000/randomRequest,717,0,1
1676157963573,1335,HTTP Request,200,,Thread-Gruppe  1-72,text,true,,492,129,100,100,http://localhost:7000/randomRequest,1335,0,0
1676157963783,1149,HTTP Request,200,,Thread-Gruppe  1-51,text,true,,678,129,100,100,http://localhost:7000/randomRequest,1149,0,0
1676157964323,617,HTTP Request,200,,Thread-Gruppe  1-96,text,true,,419,129,100,100,http://localhost:7000/randomRequest,617,0,0
1676157964113,827,HTTP Request,200,,Thread-Gruppe  1-31,text,true,,492,129,100,100,http://localhost:7000/randomRequest,827,0,0
1676157964119,830,HTTP Request,200,,Thread-Gruppe  1-22,text,true,,492,129,100,100,http://localhost:7000/randomRequest,830,0,0
1676157964349,618,HTTP Request,200,,Thread-Gruppe  1-45,text,true,,418,129,100,100,http://localhost:7000/randomRequest,618,0,0
1676157964144,830,HTTP Request,200,,Thread-Gruppe  1-87,text,true,,483,129,100,100,http://localhost:7000/randomRequest,830,0,0
1676157964582,418,HTTP Request,200,,Thread-Gruppe  1-48,text,true,,419,129,100,100,http://localhost:7000/randomRequest,418,0,0
1676157963875,1125,HTTP Request,200,,Thread-Gruppe  1-78,text,true,,492,129,100,100,http://localhost:7000/randomRequest,1125,0,0
1676157964493,512,HTTP Request,200,,Thread-Gruppe  1-19,text,true,,419,129,100,100,http://localhost:7000/randomRequest,512,0,1
1676157964089,923,HTTP Request,200,,Thread-Gruppe  1-80,text,true,,486,129,100,100,http://localhost:7000/randomRequest,923,0,0
1676157964422,622,HTTP Request,200,,Thread-Gruppe  1-94,text,true,,545,129,100,100,http://localhost:7000/randomRequest,622,0,0
1676157964221,823,HTTP Request,200,,Thread-Gruppe  1-86,text,true,,402,129,100,100,http://localhost:7000/randomRequest,823,0,0
1676157935005,30042,HTTP Request,500,,Thread-Gruppe  1-17,text,false,,258,129,100,100,http://localhost:7000/randomRequest,30041,0,0
1676157964039,1029,HTTP Request,200,,Thread-Gruppe  1-57,text,true,,492,129,100,100,http://localhost:7000/randomRequest,1029,0,0
1676157963878,1200,HTTP Request,200,,Thread-Gruppe  1-44,text,true,,541,129,100,100,http://localhost:7000/randomRequest,1200,0,0
1676157964601,516,HTTP Request,200,,Thread-Gruppe  1-14,text,true,,418,129,100,100,http://localhost:7000/randomRequest,516,0,0
1676157964395,722,HTTP Request,200,,Thread-Gruppe  1-26,text,true,,543,129,100,100,http://localhost:7000/randomRequest,722,0,1
1676157964496,621,HTTP Request,200,,Thread-Gruppe  1-29,text,true,,492,129,100,100,http://localhost:7000/randomRequest,621,0,1
1676157964601,516,HTTP Request,200,,Thread-Gruppe  1-98,text,true,,419,129,100,100,http://localhost:7000/randomRequest,516,0,0
1676157964526,622,HTTP Request,200,,Thread-Gruppe  1-69,text,true,,567,129,100,100,http://localhost:7000/randomRequest,622,0,0
1676157964509,639,HTTP Request,200,,Thread-Gruppe  1-49,text,true,,474,129,100,100,http://localhost:7000/randomRequest,639,0,0
1676157964630,519,HTTP Request,200,,Thread-Gruppe  1-97,text,true,,554,129,100,100,http://localhost:7000/randomRequest,518,0,1
1676157964113,1036,HTTP Request,200,,Thread-Gruppe  1-11,text,true,,489,129,100,100,http://localhost:7000/randomRequest,1036,0,0
1676157964733,416,HTTP Request,200,,Thread-Gruppe  1-21,text,true,,556,129,100,100,http://localhost:7000/randomRequest,416,0,0
1676157964643,518,HTTP Request,200,,Thread-Gruppe  1-40,text,true,,418,129,100,100,http://localhost:7000/randomRequest,518,0,1
1676157964500,717,HTTP Request,200,,Thread-Gruppe  1-36,text,true,,403,129,100,100,http://localhost:7000/randomRequest,717,0,0
1676157964191,1026,HTTP Request,200,,Thread-Gruppe  1-12,text,true,,403,129,100,100,http://localhost:7000/randomRequest,1026,0,1
1676157964611,615,HTTP Request,200,,Thread-Gruppe  1-64,text,true,,403,129,100,100,http://localhost:7000/randomRequest,615,0,0
1676157963936,1305,HTTP Request,200,,Thread-Gruppe  1-79,text,true,,537,129,100,100,http://localhost:7000/randomRequest,1305,0,0
1676157964325,925,HTTP Request,200,,Thread-Gruppe  1-4,text,true,,647,129,100,100,http://localhost:7000/randomRequest,925,0,0
1676157964632,618,HTTP Request,200,,Thread-Gruppe  1-65,text,true,,489,129,100,100,http://localhost:7000/randomRequest,618,0,0
1676157963928,1322,HTTP Request,200,,Thread-Gruppe  1-7,text,true,,527,129,100,100,http://localhost:7000/randomRequest,1322,0,1
1676157964318,932,HTTP Request,200,,Thread-Gruppe  1-41,text,true,,492,129,100,100,http://localhost:7000/randomRequest,932,0,0
1676157964244,1028,HTTP Request,200,,Thread-Gruppe  1-67,text,true,,561,129,100,100,http://localhost:7000/randomRequest,1028,0,1
1676157964555,720,HTTP Request,200,,Thread-Gruppe  1-35,text,true,,488,129,100,100,http://localhost:7000/randomRequest,720,0,0
1676157964350,925,HTTP Request,200,,Thread-Gruppe  1-99,text,true,,403,129,100,100,http://localhost:7000/randomRequest,925,0,1
1676157964089,1194,HTTP Request,200,,Thread-Gruppe  1-53,text,true,,491,129,100,100,http://localhost:7000/randomRequest,1194,0,0
1676157964466,821,HTTP Request,200,,Thread-Gruppe  1-73,text,true,,419,129,100,100,http://localhost:7000/randomRequest,821,0,1
1676157964289,998,HTTP Request,200,,Thread-Gruppe  1-33,text,true,,495,129,100,100,http://localhost:7000/randomRequest,998,0,0
1676157964208,1083,HTTP Request,200,,Thread-Gruppe  1-70,text,true,,641,129,100,100,http://localhost:7000/randomRequest,1083,0,0
1676157964349,951,HTTP Request,200,,Thread-Gruppe  1-10,text,true,,417,129,100,100,http://localhost:7000/randomRequest,951,0,0
1676157964395,923,HTTP Request,200,,Thread-Gruppe  1-93,text,true,,492,129,100,100,http://localhost:7000/randomRequest,923,0,1
1676157964500,818,HTTP Request,200,,Thread-Gruppe  1-71,text,true,,485,129,100,100,http://localhost:7000/randomRequest,818,0,0
1676157964713,616,HTTP Request,200,,Thread-Gruppe  1-100,text,true,,419,129,100,100,http://localhost:7000/randomRequest,616,0,0
1676157964733,620,HTTP Request,200,,Thread-Gruppe  1-58,text,true,,554,129,100,100,http://localhost:7000/randomRequest,620,0,0
1676157964630,723,HTTP Request,200,,Thread-Gruppe  1-83,text,true,,492,129,100,100,http://localhost:7000/randomRequest,723,0,1
1676157964733,620,HTTP Request,200,,Thread-Gruppe  1-82,text,true,,492,129,100,100,http://localhost:7000/randomRequest,620,0,0
1676157964244,1143,HTTP Request,200,,Thread-Gruppe  1-25,text,true,,417,129,100,100,http://localhost:7000/randomRequest,1143,0,1
1676157964878,517,HTTP Request,200,,Thread-Gruppe  1-18,text,true,,492,129,100,100,http://localhost:7000/randomRequest,517,0,1
1676157964778,622,HTTP Request,200,,Thread-Gruppe  1-91,text,true,,562,129,100,100,http://localhost:7000/randomRequest,622,0,1
1676157964778,622,HTTP Request,200,,Thread-Gruppe  1-2,text,true,,488,129,100,100,http://localhost:7000/randomRequest,622,0,1
1676157964778,626,HTTP Request,200,,Thread-Gruppe  1-39,text,true,,419,129,100,100,http://localhost:7000/randomRequest,626,0,1
1676157964908,511,HTTP Request,200,,Thread-Gruppe  1-72,text,true,,492,129,100,100,http://localhost:7000/randomRequest,511,0,0
1676157964609,823,HTTP Request,200,,Thread-Gruppe  1-9,text,true,,527,129,100,100,http://localhost:7000/randomRequest,822,0,0
1676157964940,518,HTTP Request,200,,Thread-Gruppe  1-31,text,true,,568,129,100,100,http://localhost:7000/randomRequest,518,0,0
1676157964940,518,HTTP Request,200,,Thread-Gruppe  1-96,text,true,,565,129,100,100,http://localhost:7000/randomRequest,518,0,0
1676157964643,825,HTTP Request,200,,Thread-Gruppe  1-46,text,true,,539,129,100,100,http://localhost:7000/randomRequest,825,0,1
1676157964873,618,HTTP Request,200,,Thread-Gruppe  1-81,text,true,,559,129,100,100,http://localhost:7000/randomRequest,618,0,0
1676157964191,1300,HTTP Request,200,,Thread-Gruppe  1-90,text,true,,527,129,100,100,http://localhost:7000/randomRequest,1300,0,1
1676157965078,415,HTTP Request,200,,Thread-Gruppe  1-44,text,true,,418,129,100,100,http://localhost:7000/randomRequest,415,0,1
1676157964292,1201,HTTP Request,200,,Thread-Gruppe  1-52,text,true,,536,129,100,100,http://localhost:7000/randomRequest,1201,0,0
1676157964778,730,HTTP Request,200,,Thread-Gruppe  1-62,text,true,,485,129,100,100,http://localhost:7000/randomRequest,730,0,1
1676157964794,722,HTTP Request,200,,Thread-Gruppe  1-50,text,true,,492,129,100,100,http://localhost:7000/randomRequest,722,0,0
1676157964294,1222,HTTP Request,200,,Thread-Gruppe  1-24,text,true,,526,129,100,100,http://localhost:7000/randomRequest,1222,0,0
1676157964908,611,HTTP Request,200,,Thread-Gruppe  1-5,text,true,,555,129,100,100,http://localhost:7000/randomRequest,611,0,0
1676157964933,618,HTTP Request,200,,Thread-Gruppe  1-51,text,true,,403,129,100,100,http://localhost:7000/randomRequest,618,0,0
1676157964845,737,HTTP Request,200,,Thread-Gruppe  1-59,text,true,,547,129,100,100,http://localhost:7000/randomRequest,737,0,0
1676157964560,1034,HTTP Request,200,,Thread-Gruppe  1-84,text,true,,488,129,100,100,http://localhost:7000/randomRequest,1034,0,0
1676157964778,830,HTTP Request,200,,Thread-Gruppe  1-89,text,true,,492,129,100,100,http://localhost:7000/randomRequest,830,0,1
1676157965005,611,HTTP Request,200,,Thread-Gruppe  1-19,text,true,,486,129,100,100,http://localhost:7000/randomRequest,611,0,0
1676157964974,642,HTTP Request,200,,Thread-Gruppe  1-87,text,true,,676,129,100,100,http://localhost:7000/randomRequest,642,0,0
1676157965117,506,HTTP Request,200,,Thread-Gruppe  1-98,text,true,,418,129,100,100,http://localhost:7000/randomRequest,506,0,0
1676157964339,1330,HTTP Request,200,,Thread-Gruppe  1-85,text,true,,490,129,100,100,http://localhost:7000/randomRequest,1330,0,0
1676157964949,724,HTTP Request,200,,Thread-Gruppe  1-22,text,true,,492,129,100,100,http://localhost:7000/randomRequest,724,0,0
1676157965284,415,HTTP Request,200,,Thread-Gruppe  1-53,text,true,,546,129,100,100,http://localhost:7000/randomRequest,415,0,0
1676157964500,1209,HTTP Request,200,,Thread-Gruppe  1-88,text,true,,541,129,100,100,http://localhost:7000/randomRequest,1209,0,0
1676157964806,913,HTTP Request,200,,Thread-Gruppe  1-56,text,true,,495,129,100,100,http://localhost:7000/randomRequest,913,0,0
1676157964601,1122,HTTP Request,200,,Thread-Gruppe  1-38,text,true,,490,129,100,100,http://localhost:7000/randomRequest,1122,0,0
1676157964393,1330,HTTP Request,200,,Thread-Gruppe  1-32,text,true,,403,129,100,100,http://localhost:7000/randomRequest,1330,0,0
1676157965117,608,HTTP Request,200,,Thread-Gruppe  1-14,text,true,,416,129,100,100,http://localhost:7000/randomRequest,608,0,0
1676157965046,715,HTTP Request,200,,Thread-Gruppe  1-17,text,true,,492,129,100,100,http://localhost:7000/randomRequest,715,0,0
1676157964733,1028,HTTP Request,200,,Thread-Gruppe  1-23,text,true,,552,129,100,100,http://localhost:7000/randomRequest,1028,0,0
1676157965149,618,HTTP Request,200,,Thread-Gruppe  1-11,text,true,,418,129,100,100,http://localhost:7000/randomRequest,618,0,0
1676157965149,618,HTTP Request,200,,Thread-Gruppe  1-49,text,true,,481,129,100,100,http://localhost:7000/randomRequest,618,0,0
1676157964655,1119,HTTP Request,200,,Thread-Gruppe  1-66,text,true,,481,129,100,100,http://localhost:7000/randomRequest,1119,0,0
1676157964967,812,HTTP Request,200,,Thread-Gruppe  1-45,text,true,,570,129,100,100,http://localhost:7000/randomRequest,812,0,0
1676157965276,516,HTTP Request,200,,Thread-Gruppe  1-99,text,true,,490,129,100,100,http://localhost:7000/randomRequest,516,0,0
1676157964601,1200,HTTP Request,200,,Thread-Gruppe  1-75,text,true,,527,129,100,100,http://localhost:7000/randomRequest,1200,0,0
1676157965117,707,HTTP Request,200,,Thread-Gruppe  1-29,text,true,,563,129,100,100,http://localhost:7000/randomRequest,707,0,0
1676157964601,1223,HTTP Request,200,,Thread-Gruppe  1-1,text,true,,547,129,100,100,http://localhost:7000/randomRequest,1223,0,0
1676157964908,916,HTTP Request,200,,Thread-Gruppe  1-43,text,true,,492,129,100,100,http://localhost:7000/randomRequest,916,0,0
1676157965319,514,HTTP Request,200,,Thread-Gruppe  1-71,text,true,,418,129,100,100,http://localhost:7000/randomRequest,514,0,1
1676157965149,713,HTTP Request,200,,Thread-Gruppe  1-97,text,true,,419,129,100,100,http://localhost:7000/randomRequest,713,0,0
1676157965149,713,HTTP Request,200,,Thread-Gruppe  1-69,text,true,,552,129,100,100,http://localhost:7000/randomRequest,713,0,0
1676157965218,645,HTTP Request,200,,Thread-Gruppe  1-12,text,true,,417,129,100,100,http://localhost:7000/randomRequest,645,0,0
1676157964630,1238,HTTP Request,200,,Thread-Gruppe  1-27,text,true,,492,129,100,100,http://localhost:7000/randomRequest,1238,0,1
1676157964748,1123,HTTP Request,200,,Thread-Gruppe  1-34,text,true,,553,129,100,100,http://localhost:7000/randomRequest,1123,0,1
1676157965227,648,HTTP Request,200,,Thread-Gruppe  1-64,text,true,,417,129,100,100,http://localhost:7000/randomRequest,648,0,1
1676157965044,840,HTTP Request,200,,Thread-Gruppe  1-94,text,true,,414,129,100,100,http://localhost:7000/randomRequest,840,0,0
1676157965161,747,HTTP Request,200,,Thread-Gruppe  1-40,text,true,,554,129,100,100,http://localhost:7000/randomRequest,747,0,1
1676157965396,513,HTTP Request,200,,Thread-Gruppe  1-18,text,true,,554,129,100,100,http://localhost:7000/randomRequest,513,0,0
1676157965274,636,HTTP Request,200,,Thread-Gruppe  1-67,text,true,,417,129,100,100,http://localhost:7000/randomRequest,636,0,0
1676157965405,507,HTTP Request,200,,Thread-Gruppe  1-39,text,true,,492,129,100,100,http://localhost:7000/randomRequest,507,0,1
1676157965401,515,HTTP Request,200,,Thread-Gruppe  1-2,text,true,,419,129,100,100,http://localhost:7000/randomRequest,515,0,0
1676157964366,1552,HTTP Request,200,,Thread-Gruppe  1-37,text,true,,580,129,100,100,http://localhost:7000/randomRequest,1552,0,1
1676157965218,712,HTTP Request,200,,Thread-Gruppe  1-36,text,true,,419,129,100,100,http://localhost:7000/randomRequest,712,0,0
1676157965319,617,HTTP Request,200,,Thread-Gruppe  1-93,text,true,,547,129,100,100,http://localhost:7000/randomRequest,617,0,1
1676157965433,511,HTTP Request,200,,Thread-Gruppe  1-9,text,true,,419,129,100,100,http://localhost:7000/randomRequest,511,0,0
1676157965251,718,HTTP Request,200,,Thread-Gruppe  1-65,text,true,,492,129,100,100,http://localhost:7000/randomRequest,718,0,1
1676157965354,620,HTTP Request,200,,Thread-Gruppe  1-58,text,true,,419,129,100,100,http://localhost:7000/randomRequest,620,0,0
1676157965276,715,HTTP Request,200,,Thread-Gruppe  1-35,text,true,,644,129,100,100,http://localhost:7000/randomRequest,715,0,0
1676157965494,513,HTTP Request,200,,Thread-Gruppe  1-44,text,true,,419,129,100,100,http://localhost:7000/randomRequest,513,0,0
1676157965289,724,HTTP Request,200,,Thread-Gruppe  1-33,text,true,,492,129,100,100,http://localhost:7000/randomRequest,724,0,0
1676157965293,720,HTTP Request,200,,Thread-Gruppe  1-70,text,true,,492,129,100,100,http://localhost:7000/randomRequest,720,0,0
1676157965401,615,HTTP Request,200,,Thread-Gruppe  1-91,text,true,,419,129,100,100,http://localhost:7000/randomRequest,615,0,0
1676157965301,718,HTTP Request,200,,Thread-Gruppe  1-10,text,true,,418,129,100,100,http://localhost:7000/randomRequest,718,0,0
1676157964713,1305,HTTP Request,200,,Thread-Gruppe  1-8,text,true,,527,129,100,100,http://localhost:7000/randomRequest,1305,0,0
1676157965000,1019,HTTP Request,200,,Thread-Gruppe  1-48,text,true,,419,129,100,100,http://localhost:7000/randomRequest,1019,0,0
1676157965330,715,HTTP Request,200,,Thread-Gruppe  1-100,text,true,,403,129,100,100,http://localhost:7000/randomRequest,715,0,0
1676157965242,820,HTTP Request,200,,Thread-Gruppe  1-79,text,true,,419,129,100,100,http://localhost:7000/randomRequest,820,0,0
1676157965354,713,HTTP Request,200,,Thread-Gruppe  1-82,text,true,,550,129,100,100,http://localhost:7000/randomRequest,713,0,1
1676157965044,1022,HTTP Request,200,,Thread-Gruppe  1-86,text,true,,537,129,100,100,http://localhost:7000/randomRequest,1022,0,0
1676157965552,515,HTTP Request,200,,Thread-Gruppe  1-51,text,true,,416,129,100,100,http://localhost:7000/randomRequest,515,0,0
1676157965251,818,HTTP Request,200,,Thread-Gruppe  1-41,text,true,,418,129,100,100,http://localhost:7000/randomRequest,818,0,1
1676157965469,610,HTTP Request,200,,Thread-Gruppe  1-46,text,true,,488,129,100,100,http://localhost:7000/randomRequest,610,0,1
1676157965012,1092,HTTP Request,200,,Thread-Gruppe  1-80,text,true,,643,129,100,100,http://localhost:7000/randomRequest,1092,0,0
1676157965494,615,HTTP Request,200,,Thread-Gruppe  1-52,text,true,,403,129,100,100,http://localhost:7000/randomRequest,615,0,0
1676157965509,615,HTTP Request,200,,Thread-Gruppe  1-62,text,true,,418,129,100,100,http://localhost:7000/randomRequest,615,0,0
1676157965518,607,HTTP Request,200,,Thread-Gruppe  1-50,text,true,,419,129,100,100,http://localhost:7000/randomRequest,607,0,0
1676157965000,1124,HTTP Request,200,,Thread-Gruppe  1-78,text,true,,481,129,100,100,http://localhost:7000/randomRequest,1124,0,1
1676157964630,1500,HTTP Request,200,,Thread-Gruppe  1-76,text,true,,527,129,100,100,http://localhost:7000/randomRequest,1500,0,1
1676157965289,843,HTTP Request,200,,Thread-Gruppe  1-73,text,true,,562,129,100,100,http://localhost:7000/randomRequest,843,0,0
1676157965420,720,HTTP Request,200,,Thread-Gruppe  1-72,text,true,,490,129,100,100,http://localhost:7000/randomRequest,720,0,0
1676157965149,1003,HTTP Request,200,,Thread-Gruppe  1-21,text,true,,643,129,100,100,http://localhost:7000/randomRequest,1003,0,0
1676157965624,530,HTTP Request,200,,Thread-Gruppe  1-98,text,true,,417,129,100,100,http://localhost:7000/randomRequest,530,0,1
1676157965459,717,HTTP Request,200,,Thread-Gruppe  1-96,text,true,,419,129,100,100,http://localhost:7000/randomRequest,717,0,0
1676157964784,1414,HTTP Request,200,,Thread-Gruppe  1-74,text,true,,527,129,100,100,http://localhost:7000/randomRequest,1414,0,1
1676157965792,411,HTTP Request,200,,Thread-Gruppe  1-99,text,true,,559,129,100,100,http://localhost:7000/randomRequest,411,0,1
1676157965388,819,HTTP Request,200,,Thread-Gruppe  1-25,text,true,,481,129,100,100,http://localhost:7000/randomRequest,819,0,1
1676157965492,715,HTTP Request,200,,Thread-Gruppe  1-81,text,true,,419,129,100,100,http://localhost:7000/randomRequest,715,0,0
1676157965117,1091,HTTP Request,200,,Thread-Gruppe  1-26,text,true,,541,129,100,100,http://localhost:7000/randomRequest,1091,0,0
1676157965251,999,HTTP Request,200,,Thread-Gruppe  1-4,text,true,,633,129,100,100,http://localhost:7000/randomRequest,999,0,1
1676157965618,639,HTTP Request,200,,Thread-Gruppe  1-87,text,true,,474,129,100,100,http://localhost:7000/randomRequest,639,0,0
1676157965459,821,HTTP Request,200,,Thread-Gruppe  1-31,text,true,,403,129,100,100,http://localhost:7000/randomRequest,821,0,0
1676157965068,1219,HTTP Request,200,,Thread-Gruppe  1-57,text,true,,527,129,100,100,http://localhost:7000/randomRequest,1219,0,1
1676157965584,710,HTTP Request,200,,Thread-Gruppe  1-59,text,true,,485,129,100,100,http://localhost:7000/randomRequest,710,0,0
1676157965670,637,HTTP Request,200,,Thread-Gruppe  1-85,text,true,,417,129,100,100,http://localhost:7000/randomRequest,637,0,0
1676157965700,609,HTTP Request,200,,Thread-Gruppe  1-53,text,true,,419,129,100,100,http://localhost:7000/randomRequest,609,0,0
1676157965518,811,HTTP Request,200,,Thread-Gruppe  1-24,text,true,,488,129,100,100,http://localhost:7000/randomRequest,811,0,0
1676157965354,990,HTTP Request,200,,Thread-Gruppe  1-83,text,true,,633,129,100,100,http://localhost:7000/randomRequest,990,0,1
1676157965724,635,HTTP Request,200,,Thread-Gruppe  1-32,text,true,,417,129,100,100,http://localhost:7000/randomRequest,635,0,1
1676157965762,613,HTTP Request,200,,Thread-Gruppe  1-17,text,true,,418,129,100,100,http://localhost:7000/randomRequest,613,0,0
1676157965492,884,HTTP Request,200,,Thread-Gruppe  1-90,text,true,,495,129,100,100,http://localhost:7000/randomRequest,884,0,0
1676157965609,782,HTTP Request,200,,Thread-Gruppe  1-89,text,true,,541,129,100,100,http://localhost:7000/randomRequest,782,0,0
1676157965674,720,HTTP Request,200,,Thread-Gruppe  1-22,text,true,,492,129,100,100,http://localhost:7000/randomRequest,720,0,1
1676157965596,813,HTTP Request,200,,Thread-Gruppe  1-84,text,true,,492,129,100,100,http://localhost:7000/randomRequest,813,0,0
1676157965720,718,HTTP Request,200,,Thread-Gruppe  1-56,text,true,,403,129,100,100,http://localhost:7000/randomRequest,718,0,0
1676157965520,922,HTTP Request,200,,Thread-Gruppe  1-5,text,true,,490,129,100,100,http://localhost:7000/randomRequest,922,0,0
1676157965825,617,HTTP Request,200,,Thread-Gruppe  1-43,text,true,,554,129,100,100,http://localhost:7000/randomRequest,617,0,0
1676157964436,2005,HTTP Request,200,,Thread-Gruppe  1-68,text,true,,526,129,100,100,http://localhost:7000/randomRequest,2005,0,0
1676157966016,431,HTTP Request,200,,Thread-Gruppe  1-91,text,true,,550,129,100,100,http://localhost:7000/randomRequest,431,0,0
1676157965768,709,HTTP Request,200,,Thread-Gruppe  1-11,text,true,,492,129,100,100,http://localhost:7000/randomRequest,709,0,0
1676157965802,710,HTTP Request,200,,Thread-Gruppe  1-75,text,true,,403,129,100,100,http://localhost:7000/randomRequest,710,0,0
1676157966013,512,HTTP Request,200,,Thread-Gruppe  1-70,text,true,,415,129,100,100,http://localhost:7000/randomRequest,512,0,0
1676157966020,509,HTTP Request,200,,Thread-Gruppe  1-48,text,true,,419,129,100,100,http://localhost:7000/randomRequest,509,0,0
1676157965920,613,HTTP Request,200,,Thread-Gruppe  1-37,text,true,,551,129,100,100,http://localhost:7000/randomRequest,613,0,0
1676157965726,825,HTTP Request,200,,Thread-Gruppe  1-14,text,true,,492,129,100,100,http://localhost:7000/randomRequest,825,0,0
1676157965936,619,HTTP Request,200,,Thread-Gruppe  1-93,text,true,,545,129,100,100,http://localhost:7000/randomRequest,619,0,0
1676157965825,736,HTTP Request,200,,Thread-Gruppe  1-29,text,true,,412,129,100,100,http://localhost:7000/randomRequest,736,0,0
1676157965969,610,HTTP Request,200,,Thread-Gruppe  1-65,text,true,,419,129,100,100,http://localhost:7000/randomRequest,610,0,0
1676157965762,817,HTTP Request,200,,Thread-Gruppe  1-23,text,true,,492,129,100,100,http://localhost:7000/randomRequest,817,0,0
1676157966067,512,HTTP Request,200,,Thread-Gruppe  1-51,text,true,,419,129,100,100,http://localhost:7000/randomRequest,512,0,1
1676157965875,707,HTTP Request,200,,Thread-Gruppe  1-64,text,true,,488,129,100,100,http://localhost:7000/randomRequest,707,0,0
1676157965863,736,HTTP Request,200,,Thread-Gruppe  1-69,text,true,,417,129,100,100,http://localhost:7000/randomRequest,736,0,1
1676157965833,823,HTTP Request,200,,Thread-Gruppe  1-71,text,true,,552,129,100,100,http://localhost:7000/randomRequest,823,0,0
1676157965251,1408,HTTP Request,200,,Thread-Gruppe  1-7,text,true,,541,129,100,100,http://localhost:7000/randomRequest,1408,0,1
1676157966045,623,HTTP Request,200,,Thread-Gruppe  1-100,text,true,,557,129,100,100,http://localhost:7000/randomRequest,623,0,1
1676157965863,820,HTTP Request,200,,Thread-Gruppe  1-12,text,true,,554,129,100,100,http://localhost:7000/randomRequest,820,0,1
1676157965974,719,HTTP Request,200,,Thread-Gruppe  1-58,text,true,,485,129,100,100,http://localhost:7000/randomRequest,719,0,0
1676157965775,918,HTTP Request,200,,Thread-Gruppe  1-66,text,true,,492,129,100,100,http://localhost:7000/randomRequest,918,0,1
1676157965909,820,HTTP Request,200,,Thread-Gruppe  1-40,text,true,,492,129,100,100,http://localhost:7000/randomRequest,820,0,0
1676157965916,823,HTTP Request,200,,Thread-Gruppe  1-2,text,true,,554,129,100,100,http://localhost:7000/randomRequest,823,0,0
1676157965711,1028,HTTP Request,200,,Thread-Gruppe  1-88,text,true,,367,129,100,100,http://localhost:7000/randomRequest,1028,0,0
1676157966013,726,HTTP Request,200,,Thread-Gruppe  1-33,text,true,,492,129,100,100,http://localhost:7000/randomRequest,726,0,0
1676157965825,920,HTTP Request,200,,Thread-Gruppe  1-1,text,true,,490,129,100,100,http://localhost:7000/randomRequest,920,0,0
1676157965930,815,HTTP Request,200,,Thread-Gruppe  1-36,text,true,,492,129,100,100,http://localhost:7000/randomRequest,815,0,0
1676157966154,618,HTTP Request,200,,Thread-Gruppe  1-98,text,true,,419,129,100,100,http://localhost:7000/randomRequest,618,0,0
1676157965768,1007,HTTP Request,200,,Thread-Gruppe  1-49,text,true,,633,129,100,100,http://localhost:7000/randomRequest,1007,0,0
1676157966067,716,HTTP Request,200,,Thread-Gruppe  1-86,text,true,,488,129,100,100,http://localhost:7000/randomRequest,716,0,1
1676157965869,928,HTTP Request,200,,Thread-Gruppe  1-27,text,true,,418,129,100,100,http://localhost:7000/randomRequest,928,0,1
1676157965872,925,HTTP Request,200,,Thread-Gruppe  1-34,text,true,,489,129,100,100,http://localhost:7000/randomRequest,925,0,0
1676157966019,778,HTTP Request,200,,Thread-Gruppe  1-10,text,true,,491,129,100,100,http://localhost:7000/randomRequest,778,0,1
1676157965780,1028,HTTP Request,200,,Thread-Gruppe  1-45,text,true,,489,129,100,100,http://localhost:7000/randomRequest,1028,0,1
1676157966294,514,HTTP Request,200,,Thread-Gruppe  1-59,text,true,,564,129,100,100,http://localhost:7000/randomRequest,514,0,0
1676157966307,513,HTTP Request,200,,Thread-Gruppe  1-85,text,true,,559,129,100,100,http://localhost:7000/randomRequest,513,0,1
1676157966105,715,HTTP Request,200,,Thread-Gruppe  1-80,text,true,,419,129,100,100,http://localhost:7000/randomRequest,715,0,1
1676157965618,1202,HTTP Request,200,,Thread-Gruppe  1-19,text,true,,527,129,100,100,http://localhost:7000/randomRequest,1202,0,0
1676157966109,724,HTTP Request,200,,Thread-Gruppe  1-52,text,true,,419,129,100,100,http://localhost:7000/randomRequest,724,0,0
1676157965910,926,HTTP Request,200,,Thread-Gruppe  1-67,text,true,,485,129,100,100,http://localhost:7000/randomRequest,926,0,0
1676157965912,931,HTTP Request,200,,Thread-Gruppe  1-39,text,true,,542,129,100,100,http://localhost:7000/randomRequest,931,0,0
1676157966019,824,HTTP Request,200,,Thread-Gruppe  1-8,text,true,,419,129,100,100,http://localhost:7000/randomRequest,824,0,1
1676157966125,718,HTTP Request,200,,Thread-Gruppe  1-50,text,true,,487,129,100,100,http://localhost:7000/randomRequest,718,0,0
1676157966124,735,HTTP Request,200,,Thread-Gruppe  1-62,text,true,,417,129,100,100,http://localhost:7000/randomRequest,735,0,0
1676157966140,741,HTTP Request,200,,Thread-Gruppe  1-72,text,true,,419,129,100,100,http://localhost:7000/randomRequest,741,0,1
1676157965724,1157,HTTP Request,200,,Thread-Gruppe  1-38,text,true,,576,129,100,100,http://localhost:7000/randomRequest,1157,0,1
1676157965863,1023,HTTP Request,200,,Thread-Gruppe  1-97,text,true,,419,129,100,100,http://localhost:7000/randomRequest,1023,0,1
1676157966203,722,HTTP Request,200,,Thread-Gruppe  1-99,text,true,,553,129,100,100,http://localhost:7000/randomRequest,722,0,0
1676157966208,717,HTTP Request,200,,Thread-Gruppe  1-81,text,true,,419,129,100,100,http://localhost:7000/randomRequest,717,0,0
1676157966199,726,HTTP Request,200,,Thread-Gruppe  1-74,text,true,,492,129,100,100,http://localhost:7000/randomRequest,726,0,1
1676157965909,1024,HTTP Request,200,,Thread-Gruppe  1-18,text,true,,478,129,100,100,http://localhost:7000/randomRequest,1024,0,0
1676157966209,724,HTTP Request,200,,Thread-Gruppe  1-26,text,true,,419,129,100,100,http://localhost:7000/randomRequest,724,0,0
1676157966329,614,HTTP Request,200,,Thread-Gruppe  1-24,text,true,,492,129,100,100,http://localhost:7000/randomRequest,614,0,0
1676157965944,999,HTTP Request,200,,Thread-Gruppe  1-9,text,true,,541,129,100,100,http://localhost:7000/randomRequest,999,0,1
1676157966125,818,HTTP Request,200,,Thread-Gruppe  1-78,text,true,,403,129,100,100,http://localhost:7000/randomRequest,818,0,0
1676157966442,510,HTTP Request,200,,Thread-Gruppe  1-68,text,true,,549,129,100,100,http://localhost:7000/randomRequest,510,0,1
1676157966067,885,HTTP Request,200,,Thread-Gruppe  1-82,text,true,,645,129,100,100,http://localhost:7000/randomRequest,885,0,1
1676157966131,821,HTTP Request,200,,Thread-Gruppe  1-76,text,true,,492,129,100,100,http://localhost:7000/randomRequest,821,0,0
1676157966375,612,HTTP Request,200,,Thread-Gruppe  1-17,text,true,,556,129,100,100,http://localhost:7000/randomRequest,612,0,0
1676157966377,611,HTTP Request,200,,Thread-Gruppe  1-90,text,true,,418,129,100,100,http://localhost:7000/randomRequest,611,0,0
1676157966062,926,HTTP Request,200,,Thread-Gruppe  1-79,text,true,,481,129,100,100,http://localhost:7000/randomRequest,926,0,0
1676157966289,718,HTTP Request,200,,Thread-Gruppe  1-57,text,true,,492,129,100,100,http://localhost:7000/randomRequest,718,0,0
1676157966079,944,HTTP Request,200,,Thread-Gruppe  1-46,text,true,,677,129,100,100,http://localhost:7000/randomRequest,944,0,1
1676157966280,812,HTTP Request,200,,Thread-Gruppe  1-31,text,true,,492,129,100,100,http://localhost:7000/randomRequest,812,0,0
1676157966069,1023,HTTP Request,200,,Thread-Gruppe  1-41,text,true,,489,129,100,100,http://localhost:7000/randomRequest,1023,0,0
1676157966477,615,HTTP Request,200,,Thread-Gruppe  1-11,text,true,,418,129,100,100,http://localhost:7000/randomRequest,615,0,1
1676157966582,514,HTTP Request,200,,Thread-Gruppe  1-64,text,true,,419,129,100,100,http://localhost:7000/randomRequest,514,0,0
1676157966391,717,HTTP Request,200,,Thread-Gruppe  1-89,text,true,,419,129,100,100,http://localhost:7000/randomRequest,717,0,0
1676157966599,511,HTTP Request,200,,Thread-Gruppe  1-69,text,true,,415,129,100,100,http://localhost:7000/randomRequest,511,0,0
1676157966208,921,HTTP Request,200,,Thread-Gruppe  1-25,text,true,,419,129,100,100,http://localhost:7000/randomRequest,921,0,0
1676157966512,620,HTTP Request,200,,Thread-Gruppe  1-75,text,true,,560,129,100,100,http://localhost:7000/randomRequest,620,0,0
1676157966394,744,HTTP Request,200,,Thread-Gruppe  1-22,text,true,,540,129,100,100,http://localhost:7000/randomRequest,744,0,0
1676157966007,1131,HTTP Request,200,,Thread-Gruppe  1-44,text,true,,401,129,100,100,http://localhost:7000/randomRequest,1131,0,1
1676157966533,613,HTTP Request,200,,Thread-Gruppe  1-37,text,true,,418,129,100,100,http://localhost:7000/randomRequest,613,0,0
1676157966739,408,HTTP Request,200,,Thread-Gruppe  1-33,text,true,,492,129,100,100,http://localhost:7000/randomRequest,408,0,0
1676157966745,417,HTTP Request,200,,Thread-Gruppe  1-1,text,true,,419,129,100,100,http://localhost:7000/randomRequest,417,0,1
1676157966551,611,HTTP Request,200,,Thread-Gruppe  1-14,text,true,,557,129,100,100,http://localhost:7000/randomRequest,611,0,0
1676157966344,818,HTTP Request,200,,Thread-Gruppe  1-83,text,true,,492,129,100,100,http://localhost:7000/randomRequest,818,0,1
1676157966250,918,HTTP Request,200,,Thread-Gruppe  1-4,text,true,,419,129,100,100,http://localhost:7000/randomRequest,918,0,0
1676157966555,613,HTTP Request,200,,Thread-Gruppe  1-93,text,true,,485,129,100,100,http://localhost:7000/randomRequest,613,0,0
1676157966659,516,HTTP Request,200,,Thread-Gruppe  1-7,text,true,,418,129,100,100,http://localhost:7000/randomRequest,516,0,0
1676157966153,1029,HTTP Request,200,,Thread-Gruppe  1-21,text,true,,492,129,100,100,http://localhost:7000/randomRequest,1029,0,0
1676157966176,1017,HTTP Request,200,,Thread-Gruppe  1-96,text,true,,485,129,100,100,http://localhost:7000/randomRequest,1017,0,1
1676157966683,518,HTTP Request,200,,Thread-Gruppe  1-12,text,true,,419,129,100,100,http://localhost:7000/randomRequest,518,0,0
1676157966409,824,HTTP Request,200,,Thread-Gruppe  1-84,text,true,,541,129,100,100,http://localhost:7000/randomRequest,824,0,1
1676157966529,722,HTTP Request,200,,Thread-Gruppe  1-48,text,true,,419,129,100,100,http://localhost:7000/randomRequest,722,0,0
1676157966525,726,HTTP Request,200,,Thread-Gruppe  1-70,text,true,,485,129,100,100,http://localhost:7000/randomRequest,726,0,1
1676157966442,816,HTTP Request,200,,Thread-Gruppe  1-5,text,true,,492,129,100,100,http://localhost:7000/randomRequest,816,0,0
1676157966668,615,HTTP Request,200,,Thread-Gruppe  1-100,text,true,,492,129,100,100,http://localhost:7000/randomRequest,615,0,0
1676157966808,503,HTTP Request,200,,Thread-Gruppe  1-59,text,true,,488,129,100,100,http://localhost:7000/randomRequest,503,0,1
1676157966693,618,HTTP Request,200,,Thread-Gruppe  1-58,text,true,,419,129,100,100,http://localhost:7000/randomRequest,618,0,0
1676157966797,514,HTTP Request,200,,Thread-Gruppe  1-27,text,true,,416,129,100,100,http://localhost:7000/randomRequest,514,0,0
1676157966833,519,HTTP Request,200,,Thread-Gruppe  1-52,text,true,,546,129,100,100,http://localhost:7000/randomRequest,519,0,0
1676157966739,613,HTTP Request,200,,Thread-Gruppe  1-88,text,true,,492,129,100,100,http://localhost:7000/randomRequest,613,0,0
1676157966442,918,HTTP Request,200,,Thread-Gruppe  1-43,text,true,,403,129,100,100,http://localhost:7000/randomRequest,918,0,1
1676157966745,622,HTTP Request,200,,Thread-Gruppe  1-36,text,true,,492,129,100,100,http://localhost:7000/randomRequest,622,0,1
1676157966656,711,HTTP Request,200,,Thread-Gruppe  1-71,text,true,,553,129,100,100,http://localhost:7000/randomRequest,711,0,0
1676157965885,1511,HTTP Request,200,,Thread-Gruppe  1-94,text,true,,537,129,100,100,http://localhost:7000/randomRequest,1511,0,0
1676157966579,820,HTTP Request,200,,Thread-Gruppe  1-23,text,true,,852,129,100,100,http://localhost:7000/randomRequest,820,0,0
1676157966579,820,HTTP Request,200,,Thread-Gruppe  1-51,text,true,,485,129,100,100,http://localhost:7000/randomRequest,820,0,0
1676157966808,608,HTTP Request,200,,Thread-Gruppe  1-45,text,true,,416,129,100,100,http://localhost:7000/randomRequest,608,0,1
1676157966797,619,HTTP Request,200,,Thread-Gruppe  1-10,text,true,,485,129,100,100,http://localhost:7000/randomRequest,619,0,0
1676157966820,613,HTTP Request,200,,Thread-Gruppe  1-19,text,true,,419,129,100,100,http://localhost:7000/randomRequest,613,0,1
1676157966820,613,HTTP Request,200,,Thread-Gruppe  1-85,text,true,,419,129,100,100,http://localhost:7000/randomRequest,613,0,1
1676157966359,1096,HTTP Request,200,,Thread-Gruppe  1-32,text,true,,640,129,100,100,http://localhost:7000/randomRequest,1096,0,0
1676157966258,1197,HTTP Request,200,,Thread-Gruppe  1-87,text,true,,643,129,100,100,http://localhost:7000/randomRequest,1197,0,0
1676157966729,726,HTTP Request,200,,Thread-Gruppe  1-40,text,true,,555,129,100,100,http://localhost:7000/randomRequest,726,0,0
1676157966836,619,HTTP Request,200,,Thread-Gruppe  1-67,text,true,,564,129,100,100,http://localhost:7000/randomRequest,619,0,1
1676157966843,618,HTTP Request,200,,Thread-Gruppe  1-50,text,true,,560,129,100,100,http://localhost:7000/randomRequest,618,0,0
1676157966783,678,HTTP Request,200,,Thread-Gruppe  1-86,text,true,,481,129,100,100,http://localhost:7000/randomRequest,678,0,0
1676157966775,713,HTTP Request,200,,Thread-Gruppe  1-49,text,true,,416,129,100,100,http://localhost:7000/randomRequest,713,0,1
1676157966772,716,HTTP Request,200,,Thread-Gruppe  1-98,text,true,,418,129,100,100,http://localhost:7000/randomRequest,716,0,1
1676157966988,513,HTTP Request,200,,Thread-Gruppe  1-79,text,true,,547,129,100,100,http://localhost:7000/randomRequest,513,0,1
1676157966881,620,HTTP Request,200,,Thread-Gruppe  1-38,text,true,,419,129,100,100,http://localhost:7000/randomRequest,620,0,1
1676157966886,618,HTTP Request,200,,Thread-Gruppe  1-97,text,true,,550,129,100,100,http://localhost:7000/randomRequest,618,0,1
1676157966693,825,HTTP Request,200,,Thread-Gruppe  1-66,text,true,,492,129,100,100,http://localhost:7000/randomRequest,825,0,0
1676157966309,1247,HTTP Request,200,,Thread-Gruppe  1-53,text,true,,560,129,100,100,http://localhost:7000/randomRequest,1247,0,0
1676157966739,817,HTTP Request,200,,Thread-Gruppe  1-2,text,true,,492,129,100,100,http://localhost:7000/randomRequest,817,0,0
1676157966562,994,HTTP Request,200,,Thread-Gruppe  1-29,text,true,,643,129,100,100,http://localhost:7000/randomRequest,994,0,0
1676157966952,610,HTTP Request,200,,Thread-Gruppe  1-68,text,true,,403,129,100,100,http://localhost:7000/randomRequest,610,0,0
1676157966843,728,HTTP Request,200,,Thread-Gruppe  1-8,text,true,,417,129,100,100,http://localhost:7000/randomRequest,728,0,0
1676157966132,1461,HTTP Request,200,,Thread-Gruppe  1-73,text,true,,565,129,100,100,http://localhost:7000/randomRequest,1461,0,1
1676157965991,1618,HTTP Request,200,,Thread-Gruppe  1-35,text,true,,526,129,100,100,http://localhost:7000/randomRequest,1618,0,1
1676157966988,621,HTTP Request,200,,Thread-Gruppe  1-90,text,true,,557,129,100,100,http://localhost:7000/randomRequest,621,0,1
1676157967096,514,HTTP Request,200,,Thread-Gruppe  1-64,text,true,,548,129,100,100,http://localhost:7000/randomRequest,514,0,0
1676157966797,824,HTTP Request,200,,Thread-Gruppe  1-34,text,true,,492,129,100,100,http://localhost:7000/randomRequest,824,0,0
1676157966925,718,HTTP Request,200,,Thread-Gruppe  1-81,text,true,,488,129,100,100,http://localhost:7000/randomRequest,718,0,0
1676157966820,823,HTTP Request,200,,Thread-Gruppe  1-80,text,true,,548,129,100,100,http://localhost:7000/randomRequest,823,0,1
1676157966438,1205,HTTP Request,200,,Thread-Gruppe  1-56,text,true,,535,129,100,100,http://localhost:7000/randomRequest,1205,0,1
1676157966933,722,HTTP Request,200,,Thread-Gruppe  1-26,text,true,,488,129,100,100,http://localhost:7000/randomRequest,722,0,0
1676157966943,717,HTTP Request,200,,Thread-Gruppe  1-24,text,true,,416,129,100,100,http://localhost:7000/randomRequest,717,0,1
1676157966943,717,HTTP Request,200,,Thread-Gruppe  1-9,text,true,,565,129,100,100,http://localhost:7000/randomRequest,717,0,1
1676157967175,521,HTTP Request,200,,Thread-Gruppe  1-7,text,true,,415,129,100,100,http://localhost:7000/randomRequest,521,0,1
1676157967182,518,HTTP Request,200,,Thread-Gruppe  1-21,text,true,,548,129,100,100,http://localhost:7000/randomRequest,518,0,1
1676157967193,517,HTTP Request,200,,Thread-Gruppe  1-96,text,true,,549,129,100,100,http://localhost:7000/randomRequest,517,0,0
1676157966987,723,HTTP Request,200,,Thread-Gruppe  1-17,text,true,,403,129,100,100,http://localhost:7000/randomRequest,723,0,0
1676157967092,618,HTTP Request,200,,Thread-Gruppe  1-31,text,true,,548,129,100,100,http://localhost:7000/randomRequest,618,0,1
1676157967110,619,HTTP Request,200,,Thread-Gruppe  1-69,text,true,,488,129,100,100,http://localhost:7000/randomRequest,619,0,0
1676157966447,1314,HTTP Request,200,,Thread-Gruppe  1-91,text,true,,527,129,100,100,http://localhost:7000/randomRequest,1314,0,1
1676157967146,615,HTTP Request,200,,Thread-Gruppe  1-37,text,true,,572,129,100,100,http://localhost:7000/randomRequest,615,0,0
1676157966943,818,HTTP Request,200,,Thread-Gruppe  1-78,text,true,,485,129,100,100,http://localhost:7000/randomRequest,818,0,1
1676157967162,614,HTTP Request,200,,Thread-Gruppe  1-83,text,true,,567,129,100,100,http://localhost:7000/randomRequest,614,0,0
1676157967168,618,HTTP Request,200,,Thread-Gruppe  1-4,text,true,,492,129,100,100,http://localhost:7000/randomRequest,618,0,0
1676157967168,618,HTTP Request,200,,Thread-Gruppe  1-93,text,true,,403,129,100,100,http://localhost:7000/randomRequest,618,0,0
1676157967283,518,HTTP Request,200,,Thread-Gruppe  1-100,text,true,,545,129,100,100,http://localhost:7000/randomRequest,518,0,0
1676157967092,719,HTTP Request,200,,Thread-Gruppe  1-41,text,true,,559,129,100,100,http://localhost:7000/randomRequest,719,0,1
1676157967311,522,HTTP Request,200,,Thread-Gruppe  1-59,text,true,,418,129,100,100,http://localhost:7000/randomRequest,522,0,1
1676157967233,618,HTTP Request,200,,Thread-Gruppe  1-84,text,true,,539,129,100,100,http://localhost:7000/randomRequest,618,0,0
1676157967139,721,HTTP Request,200,,Thread-Gruppe  1-22,text,true,,481,129,100,100,http://localhost:7000/randomRequest,721,0,0
1676157966579,1289,HTTP Request,200,,Thread-Gruppe  1-65,text,true,,537,129,100,100,http://localhost:7000/randomRequest,1289,0,0
1676157967162,715,HTTP Request,200,,Thread-Gruppe  1-1,text,true,,403,129,100,100,http://localhost:7000/randomRequest,715,0,0
1676157967162,715,HTTP Request,200,,Thread-Gruppe  1-14,text,true,,567,129,100,100,http://localhost:7000/randomRequest,715,0,0
1676157966925,989,HTTP Request,200,,Thread-Gruppe  1-99,text,true,,641,129,100,100,http://localhost:7000/randomRequest,989,0,0
1676157966881,1033,HTTP Request,200,,Thread-Gruppe  1-72,text,true,,492,129,100,100,http://localhost:7000/randomRequest,1033,0,1
1676157967399,515,HTTP Request,200,,Thread-Gruppe  1-51,text,true,,562,129,100,100,http://localhost:7000/randomRequest,515,0,0
1676157967416,517,HTTP Request,200,,Thread-Gruppe  1-10,text,true,,560,129,100,100,http://localhost:7000/randomRequest,517,0,0
1676157967007,948,HTTP Request,200,,Thread-Gruppe  1-57,text,true,,570,129,100,100,http://localhost:7000/randomRequest,948,0,1
1676157967360,611,HTTP Request,200,,Thread-Gruppe  1-43,text,true,,490,129,100,100,http://localhost:7000/randomRequest,611,0,0
1676157967147,852,HTTP Request,200,,Thread-Gruppe  1-33,text,true,,544,129,100,100,http://localhost:7000/randomRequest,852,0,1
1676157937845,30175,HTTP Request,500,,Thread-Gruppe  1-16,text,false,,258,129,100,100,http://localhost:7000/randomRequest,30175,0,0
1676157967518,515,HTTP Request,200,,Thread-Gruppe  1-66,text,true,,419,129,100,100,http://localhost:7000/randomRequest,515,0,0
1676157967311,722,HTTP Request,200,,Thread-Gruppe  1-58,text,true,,492,129,100,100,http://localhost:7000/randomRequest,722,0,1
1676157967311,734,HTTP Request,200,,Thread-Gruppe  1-27,text,true,,471,129,100,100,http://localhost:7000/randomRequest,734,0,1
1676157966952,1093,HTTP Request,200,,Thread-Gruppe  1-76,text,true,,647,129,100,100,http://localhost:7000/randomRequest,1093,0,0
1676157967434,625,HTTP Request,200,,Thread-Gruppe  1-19,text,true,,418,129,100,100,http://localhost:7000/randomRequest,625,0,0
1676157967556,513,HTTP Request,200,,Thread-Gruppe  1-2,text,true,,417,129,100,100,http://localhost:7000/randomRequest,513,0,0
1676157967352,717,HTTP Request,200,,Thread-Gruppe  1-52,text,true,,403,129,100,100,http://localhost:7000/randomRequest,717,0,0
1676157967455,614,HTTP Request,200,,Thread-Gruppe  1-32,text,true,,559,129,100,100,http://localhost:7000/randomRequest,614,0,1
1676157967455,614,HTTP Request,200,,Thread-Gruppe  1-87,text,true,,488,129,100,100,http://localhost:7000/randomRequest,614,0,1
1676157967251,818,HTTP Request,200,,Thread-Gruppe  1-48,text,true,,490,129,100,100,http://localhost:7000/randomRequest,818,0,0
1676157967352,717,HTTP Request,200,,Thread-Gruppe  1-88,text,true,,417,129,100,100,http://localhost:7000/randomRequest,717,0,1
1676157967251,818,HTTP Request,200,,Thread-Gruppe  1-70,text,true,,1828,129,100,100,http://localhost:7000/randomRequest,818,0,0
1676157967455,614,HTTP Request,200,,Thread-Gruppe  1-67,text,true,,412,129,100,100,http://localhost:7000/randomRequest,614,0,1
1676157967259,812,HTTP Request,200,,Thread-Gruppe  1-5,text,true,,419,129,100,100,http://localhost:7000/randomRequest,812,0,0
1676157966859,1212,HTTP Request,200,,Thread-Gruppe  1-62,text,true,,647,129,100,100,http://localhost:7000/randomRequest,1212,0,0
1676157967593,517,HTTP Request,200,,Thread-Gruppe  1-73,text,true,,555,129,100,100,http://localhost:7000/randomRequest,517,0,0
1676157967399,720,HTTP Request,200,,Thread-Gruppe  1-23,text,true,,418,129,100,100,http://localhost:7000/randomRequest,720,0,0
1676157967501,620,HTTP Request,200,,Thread-Gruppe  1-79,text,true,,492,129,100,100,http://localhost:7000/randomRequest,620,0,0
1676157967201,920,HTTP Request,200,,Thread-Gruppe  1-12,text,true,,539,129,100,100,http://localhost:7000/randomRequest,920,0,0
1676157967396,725,HTTP Request,200,,Thread-Gruppe  1-94,text,true,,492,129,100,100,http://localhost:7000/randomRequest,725,0,0
1676157967621,530,HTTP Request,200,,Thread-Gruppe  1-34,text,true,,543,129,100,100,http://localhost:7000/randomRequest,530,0,0
1676157967643,516,HTTP Request,200,,Thread-Gruppe  1-56,text,true,,536,129,100,100,http://localhost:7000/randomRequest,516,0,0
1676157967761,409,HTTP Request,200,,Thread-Gruppe  1-91,text,true,,419,129,100,100,http://localhost:7000/randomRequest,409,0,0
1676157967368,813,HTTP Request,200,,Thread-Gruppe  1-71,text,true,,481,129,100,100,http://localhost:7000/randomRequest,813,0,0
1676157967461,720,HTTP Request,200,,Thread-Gruppe  1-86,text,true,,481,129,100,100,http://localhost:7000/randomRequest,720,0,1
1676157967571,639,HTTP Request,200,,Thread-Gruppe  1-8,text,true,,671,129,100,100,http://localhost:7000/randomRequest,639,0,1
1676157967108,1102,HTTP Request,200,,Thread-Gruppe  1-89,text,true,,647,129,100,100,http://localhost:7000/randomRequest,1102,0,0
1676157967023,1199,HTTP Request,200,,Thread-Gruppe  1-46,text,true,,525,129,100,100,http://localhost:7000/randomRequest,1199,0,0
1676157967504,723,HTTP Request,200,,Thread-Gruppe  1-97,text,true,,558,129,100,100,http://localhost:7000/randomRequest,723,0,0
1676157966925,1302,HTTP Request,200,,Thread-Gruppe  1-74,text,true,,527,129,100,100,http://localhost:7000/randomRequest,1302,0,0
1676157966933,1301,HTTP Request,200,,Thread-Gruppe  1-18,text,true,,527,129,100,100,http://localhost:7000/randomRequest,1301,0,0
1676157966952,1301,HTTP Request,200,,Thread-Gruppe  1-82,text,true,,647,129,100,100,http://localhost:7000/randomRequest,1301,0,0
1676157967643,617,HTTP Request,200,,Thread-Gruppe  1-80,text,true,,555,129,100,100,http://localhost:7000/randomRequest,617,0,0
1676157967093,1216,HTTP Request,200,,Thread-Gruppe  1-11,text,true,,527,129,100,100,http://localhost:7000/randomRequest,1216,0,0
1676157967610,721,HTTP Request,200,,Thread-Gruppe  1-64,text,true,,418,129,100,100,http://localhost:7000/randomRequest,721,0,1
1676157967711,620,HTTP Request,200,,Thread-Gruppe  1-31,text,true,,417,129,100,100,http://localhost:7000/randomRequest,620,0,0
1676157967710,621,HTTP Request,200,,Thread-Gruppe  1-17,text,true,,403,129,100,100,http://localhost:7000/randomRequest,621,0,0
1676157967129,1202,HTTP Request,200,,Thread-Gruppe  1-25,text,true,,541,129,100,100,http://localhost:7000/randomRequest,1202,0,0
1676157967416,926,HTTP Request,200,,Thread-Gruppe  1-45,text,true,,492,129,100,100,http://localhost:7000/randomRequest,926,0,0
1676157967933,414,HTTP Request,200,,Thread-Gruppe  1-10,text,true,,415,129,100,100,http://localhost:7000/randomRequest,414,0,0
1676157967132,1228,HTTP Request,200,,Thread-Gruppe  1-75,text,true,,538,129,100,100,http://localhost:7000/randomRequest,1228,0,1
1676157967139,1222,HTTP Request,200,,Thread-Gruppe  1-44,text,true,,540,129,100,100,http://localhost:7000/randomRequest,1222,0,0
1676157967660,717,HTTP Request,200,,Thread-Gruppe  1-24,text,true,,492,129,100,100,http://localhost:7000/randomRequest,717,0,1
1676157967556,824,HTTP Request,200,,Thread-Gruppe  1-53,text,true,,492,129,100,100,http://localhost:7000/randomRequest,824,0,0
1676157967489,906,HTTP Request,200,,Thread-Gruppe  1-98,text,true,,633,129,100,100,http://localhost:7000/randomRequest,906,0,0
1676157967801,610,HTTP Request,200,,Thread-Gruppe  1-100,text,true,,490,129,100,100,http://localhost:7000/randomRequest,610,0,0
1676157967609,822,HTTP Request,200,,Thread-Gruppe  1-35,text,true,,492,129,100,100,http://localhost:7000/randomRequest,822,0,0
1676157967914,540,HTTP Request,200,,Thread-Gruppe  1-72,text,true,,417,129,100,100,http://localhost:7000/randomRequest,540,0,1
1676157967461,1000,HTTP Request,200,,Thread-Gruppe  1-50,text,true,,527,129,100,100,http://localhost:7000/randomRequest,1000,0,1
1676157967655,811,HTTP Request,200,,Thread-Gruppe  1-26,text,true,,419,129,100,100,http://localhost:7000/randomRequest,811,0,1
1676157967455,1024,HTTP Request,200,,Thread-Gruppe  1-40,text,true,,492,129,100,100,http://localhost:7000/randomRequest,1024,0,1
1676157967660,820,HTTP Request,200,,Thread-Gruppe  1-9,text,true,,485,129,100,100,http://localhost:7000/randomRequest,820,0,1
1676157966843,1637,HTTP Request,200,,Thread-Gruppe  1-39,text,true,,541,129,100,100,http://localhost:7000/randomRequest,1637,0,0
1676157938356,30126,HTTP Request,500,,Thread-Gruppe  1-42,text,false,,258,129,100,100,http://localhost:7000/randomRequest,30126,0,0
1676157967877,622,HTTP Request,200,,Thread-Gruppe  1-1,text,true,,492,129,100,100,http://localhost:7000/randomRequest,622,0,0
1676157967700,816,HTTP Request,200,,Thread-Gruppe  1-21,text,true,,485,129,100,100,http://localhost:7000/randomRequest,816,0,0
1676157967434,1099,HTTP Request,200,,Thread-Gruppe  1-85,text,true,,541,129,100,100,http://localhost:7000/randomRequest,1099,0,0
1676157967501,1032,HTTP Request,200,,Thread-Gruppe  1-38,text,true,,492,129,100,100,http://localhost:7000/randomRequest,1032,0,0
1676157968033,518,HTTP Request,200,,Thread-Gruppe  1-66,text,true,,419,129,100,100,http://localhost:7000/randomRequest,518,0,0
1676157967368,1193,HTTP Request,200,,Thread-Gruppe  1-36,text,true,,532,129,100,100,http://localhost:7000/randomRequest,1193,0,0
1676157968059,507,HTTP Request,200,,Thread-Gruppe  1-19,text,true,,419,129,100,100,http://localhost:7000/randomRequest,507,0,0
1676157967955,614,HTTP Request,200,,Thread-Gruppe  1-57,text,true,,548,129,100,100,http://localhost:7000/randomRequest,614,0,0
1676157967761,817,HTTP Request,200,,Thread-Gruppe  1-78,text,true,,492,129,100,100,http://localhost:7000/randomRequest,817,0,0
1676157967860,719,HTTP Request,200,,Thread-Gruppe  1-22,text,true,,490,129,100,100,http://localhost:7000/randomRequest,719,0,1
1676157968069,512,HTTP Request,200,,Thread-Gruppe  1-32,text,true,,419,129,100,100,http://localhost:7000/randomRequest,512,0,1
1676157967868,713,HTTP Request,200,,Thread-Gruppe  1-65,text,true,,492,129,100,100,http://localhost:7000/randomRequest,713,0,0
1676157967776,825,HTTP Request,200,,Thread-Gruppe  1-83,text,true,,492,129,100,100,http://localhost:7000/randomRequest,825,0,0
1676157967786,826,HTTP Request,200,,Thread-Gruppe  1-93,text,true,,474,129,100,100,http://localhost:7000/randomRequest,826,0,0
1676157967914,718,HTTP Request,200,,Thread-Gruppe  1-99,text,true,,555,129,100,100,http://localhost:7000/randomRequest,718,0,1
1676157967833,819,HTTP Request,200,,Thread-Gruppe  1-59,text,true,,418,129,100,100,http://localhost:7000/randomRequest,819,0,0
1676157967729,926,HTTP Request,200,,Thread-Gruppe  1-69,text,true,,488,129,100,100,http://localhost:7000/randomRequest,926,0,0
1676157968045,617,HTTP Request,200,,Thread-Gruppe  1-27,text,true,,419,129,100,100,http://localhost:7000/randomRequest,617,0,1
1676157968045,622,HTTP Request,200,,Thread-Gruppe  1-76,text,true,,492,129,100,100,http://localhost:7000/randomRequest,622,0,1
1676157968069,615,HTTP Request,200,,Thread-Gruppe  1-2,text,true,,553,129,100,100,http://localhost:7000/randomRequest,615,0,1
1676157968069,615,HTTP Request,200,,Thread-Gruppe  1-88,text,true,,554,129,100,100,http://localhost:7000/randomRequest,615,0,1
1676157967489,1203,HTTP Request,200,,Thread-Gruppe  1-49,text,true,,633,129,100,100,http://localhost:7000/randomRequest,1203,0,0
1676157967786,927,HTTP Request,200,,Thread-Gruppe  1-4,text,true,,492,129,100,100,http://localhost:7000/randomRequest,927,0,0
1676157968119,614,HTTP Request,200,,Thread-Gruppe  1-23,text,true,,419,129,100,100,http://localhost:7000/randomRequest,614,0,1
1676157968033,724,HTTP Request,200,,Thread-Gruppe  1-58,text,true,,417,129,100,100,http://localhost:7000/randomRequest,724,0,0
1676157968159,617,HTTP Request,200,,Thread-Gruppe  1-56,text,true,,492,129,100,100,http://localhost:7000/randomRequest,617,0,1
1676157968071,711,HTTP Request,200,,Thread-Gruppe  1-5,text,true,,490,129,100,100,http://localhost:7000/randomRequest,711,0,0
1676157967609,1186,HTTP Request,200,,Thread-Gruppe  1-90,text,true,,537,129,100,100,http://localhost:7000/randomRequest,1186,0,0
1676157967696,1110,HTTP Request,200,,Thread-Gruppe  1-7,text,true,,644,129,100,100,http://localhost:7000/randomRequest,1110,0,1
1676157968331,503,HTTP Request,200,,Thread-Gruppe  1-17,text,true,,565,129,100,100,http://localhost:7000/randomRequest,503,0,1
1676157968121,717,HTTP Request,200,,Thread-Gruppe  1-79,text,true,,556,129,100,100,http://localhost:7000/randomRequest,717,0,1
1676157967811,1027,HTTP Request,200,,Thread-Gruppe  1-41,text,true,,366,129,100,100,http://localhost:7000/randomRequest,1027,0,0
1676157967556,1296,HTTP Request,200,,Thread-Gruppe  1-29,text,true,,535,129,100,100,http://localhost:7000/randomRequest,1296,0,0
1676157967761,1094,HTTP Request,200,,Thread-Gruppe  1-37,text,true,,540,129,100,100,http://localhost:7000/randomRequest,1094,0,0
1676157967851,1020,HTTP Request,200,,Thread-Gruppe  1-84,text,true,,492,129,100,100,http://localhost:7000/randomRequest,1020,0,0
1676157968069,820,HTTP Request,200,,Thread-Gruppe  1-70,text,true,,550,129,100,100,http://localhost:7000/randomRequest,820,0,1
1676157968377,512,HTTP Request,200,,Thread-Gruppe  1-24,text,true,,419,129,100,100,http://localhost:7000/randomRequest,512,0,1
1676157968071,824,HTTP Request,200,,Thread-Gruppe  1-62,text,true,,561,129,100,100,http://localhost:7000/randomRequest,824,0,0
1676157968181,714,HTTP Request,200,,Thread-Gruppe  1-86,text,true,,548,129,100,100,http://localhost:7000/randomRequest,714,0,0
1676157967877,1040,HTTP Request,200,,Thread-Gruppe  1-14,text,true,,492,129,100,100,http://localhost:7000/randomRequest,1040,0,0
1676157967562,1357,HTTP Request,200,,Thread-Gruppe  1-68,text,true,,677,129,100,100,http://localhost:7000/randomRequest,1357,0,0
1676157968309,614,HTTP Request,200,,Thread-Gruppe  1-11,text,true,,554,129,100,100,http://localhost:7000/randomRequest,614,0,1
1676157968210,717,HTTP Request,200,,Thread-Gruppe  1-89,text,true,,419,129,100,100,http://localhost:7000/randomRequest,717,0,0
1676157968121,812,HTTP Request,200,,Thread-Gruppe  1-94,text,true,,485,129,100,100,http://localhost:7000/randomRequest,812,0,1
1676157968432,507,HTTP Request,200,,Thread-Gruppe  1-35,text,true,,490,129,100,100,http://localhost:7000/randomRequest,507,0,0
1676157968331,613,HTTP Request,200,,Thread-Gruppe  1-31,text,true,,419,129,100,100,http://localhost:7000/randomRequest,613,0,1
1676157967710,1251,HTTP Request,200,,Thread-Gruppe  1-96,text,true,,673,129,100,100,http://localhost:7000/randomRequest,1251,0,0
1676157968170,797,HTTP Request,200,,Thread-Gruppe  1-91,text,true,,491,129,100,100,http://localhost:7000/randomRequest,797,0,0
1676157968566,409,HTTP Request,200,,Thread-Gruppe  1-19,text,true,,419,129,100,100,http://localhost:7000/randomRequest,409,0,0
1676157968360,622,HTTP Request,200,,Thread-Gruppe  1-75,text,true,,546,129,100,100,http://localhost:7000/randomRequest,622,0,0
1676157968210,785,HTTP Request,200,,Thread-Gruppe  1-8,text,true,,647,129,100,100,http://localhost:7000/randomRequest,785,0,0
1676157968110,921,HTTP Request,200,,Thread-Gruppe  1-73,text,true,,553,129,100,100,http://localhost:7000/randomRequest,921,0,1
1676157968227,815,HTTP Request,200,,Thread-Gruppe  1-74,text,true,,403,129,100,100,http://localhost:7000/randomRequest,815,0,0
1676157968347,717,HTTP Request,200,,Thread-Gruppe  1-10,text,true,,492,129,100,100,http://localhost:7000/randomRequest,717,0,1
1676157968260,819,HTTP Request,200,,Thread-Gruppe  1-80,text,true,,488,129,100,100,http://localhost:7000/randomRequest,819,0,0
1676157968569,513,HTTP Request,200,,Thread-Gruppe  1-57,text,true,,419,129,100,100,http://localhost:7000/randomRequest,513,0,1
1676157968380,714,HTTP Request,200,,Thread-Gruppe  1-53,text,true,,492,129,100,100,http://localhost:7000/randomRequest,714,0,0
1676157968069,1030,HTTP Request,200,,Thread-Gruppe  1-67,text,true,,527,129,100,100,http://localhost:7000/randomRequest,1030,0,1
1676157968331,816,HTTP Request,200,,Thread-Gruppe  1-25,text,true,,488,129,100,100,http://localhost:7000/randomRequest,816,0,1
1676157968533,618,HTTP Request,200,,Thread-Gruppe  1-85,text,true,,561,129,100,100,http://localhost:7000/randomRequest,618,0,0
1676157968069,1097,HTTP Request,200,,Thread-Gruppe  1-48,text,true,,481,129,100,100,http://localhost:7000/randomRequest,1097,0,1
1676157967643,1530,HTTP Request,200,,Thread-Gruppe  1-81,text,true,,541,129,100,100,http://localhost:7000/randomRequest,1530,0,0
1676157968461,721,HTTP Request,200,,Thread-Gruppe  1-50,text,true,,419,129,100,100,http://localhost:7000/randomRequest,721,0,1
1676157968466,718,HTTP Request,200,,Thread-Gruppe  1-26,text,true,,550,129,100,100,http://localhost:7000/randomRequest,718,0,0
1676157968579,619,HTTP Request,200,,Thread-Gruppe  1-22,text,true,,419,129,100,100,http://localhost:7000/randomRequest,619,0,0
1676157967971,1249,HTTP Request,200,,Thread-Gruppe  1-43,text,true,,711,129,100,100,http://localhost:7000/randomRequest,1249,0,0
1676157968516,715,HTTP Request,200,,Thread-Gruppe  1-21,text,true,,418,129,100,100,http://localhost:7000/randomRequest,715,0,0
1676157968253,1025,HTTP Request,200,,Thread-Gruppe  1-82,text,true,,489,129,100,100,http://localhost:7000/randomRequest,1025,0,0
1676157968562,724,HTTP Request,200,,Thread-Gruppe  1-36,text,true,,476,129,100,100,http://localhost:7000/randomRequest,724,0,0
1676157968581,721,HTTP Request,200,,Thread-Gruppe  1-65,text,true,,492,129,100,100,http://localhost:7000/randomRequest,721,0,0
1676157967999,1305,HTTP Request,200,,Thread-Gruppe  1-33,text,true,,647,129,100,100,http://localhost:7000/randomRequest,1305,0,0
1676157968021,1308,HTTP Request,200,,Thread-Gruppe  1-16,text,true,,641,129,100,100,http://localhost:7000/randomRequest,1308,0,0
1676157968227,1102,HTTP Request,200,,Thread-Gruppe  1-97,text,true,,537,129,100,100,http://localhost:7000/randomRequest,1102,0,0
1676157968151,1181,HTTP Request,200,,Thread-Gruppe  1-34,text,true,,537,129,100,100,http://localhost:7000/randomRequest,1181,0,1
1676157968632,722,HTTP Request,200,,Thread-Gruppe  1-99,text,true,,403,129,100,100,http://localhost:7000/randomRequest,722,0,0
1676157968533,821,HTTP Request,200,,Thread-Gruppe  1-38,text,true,,479,129,100,100,http://localhost:7000/randomRequest,821,0,0
1676157968852,521,HTTP Request,200,,Thread-Gruppe  1-29,text,true,,492,129,100,100,http://localhost:7000/randomRequest,521,0,0
1676157968551,824,HTTP Request,200,,Thread-Gruppe  1-66,text,true,,419,129,100,100,http://localhost:7000/randomRequest,824,0,0
1676157968395,995,HTTP Request,200,,Thread-Gruppe  1-98,text,true,,645,129,100,100,http://localhost:7000/randomRequest,995,0,0
1676157968776,616,HTTP Request,200,,Thread-Gruppe  1-56,text,true,,418,129,100,100,http://localhost:7000/randomRequest,616,0,0
1676157968480,925,HTTP Request,200,,Thread-Gruppe  1-39,text,true,,492,129,100,100,http://localhost:7000/randomRequest,925,0,1
1676157968685,720,HTTP Request,200,,Thread-Gruppe  1-88,text,true,,416,129,100,100,http://localhost:7000/randomRequest,720,0,0
1676157968482,925,HTTP Request,200,,Thread-Gruppe  1-42,text,true,,486,129,100,100,http://localhost:7000/randomRequest,925,0,0
1676157968685,722,HTTP Request,200,,Thread-Gruppe  1-2,text,true,,492,129,100,100,http://localhost:7000/randomRequest,722,0,0
1676157968806,614,HTTP Request,200,,Thread-Gruppe  1-7,text,true,,492,129,100,100,http://localhost:7000/randomRequest,614,0,0
1676157968499,921,HTTP Request,200,,Thread-Gruppe  1-1,text,true,,488,129,100,100,http://localhost:7000/randomRequest,921,0,1
1676157967914,1506,HTTP Request,200,,Thread-Gruppe  1-51,text,true,,526,129,100,100,http://localhost:7000/randomRequest,1506,0,1
1676157968612,820,HTTP Request,200,,Thread-Gruppe  1-93,text,true,,481,129,100,100,http://localhost:7000/randomRequest,820,0,0
1676157968234,1198,HTTP Request,200,,Thread-Gruppe  1-18,text,true,,643,129,100,100,http://localhost:7000/randomRequest,1198,0,1
1676157968331,1101,HTTP Request,200,,Thread-Gruppe  1-64,text,true,,628,129,100,100,http://localhost:7000/randomRequest,1101,0,1
1676157968839,612,HTTP Request,200,,Thread-Gruppe  1-41,text,true,,568,129,100,100,http://localhost:7000/randomRequest,612,0,0
1676157968961,517,HTTP Request,200,,Thread-Gruppe  1-96,text,true,,403,129,100,100,http://localhost:7000/randomRequest,517,0,0
1676157968757,721,HTTP Request,200,,Thread-Gruppe  1-58,text,true,,565,129,100,100,http://localhost:7000/randomRequest,721,0,1
1676157968967,515,HTTP Request,200,,Thread-Gruppe  1-91,text,true,,556,129,100,100,http://localhost:7000/randomRequest,515,0,1
1676157968361,1131,HTTP Request,200,,Thread-Gruppe  1-44,text,true,,481,129,100,100,http://localhost:7000/randomRequest,1131,0,0
1676157968662,830,HTTP Request,200,,Thread-Gruppe  1-27,text,true,,488,129,100,100,http://localhost:7000/randomRequest,830,0,0
1676157968782,713,HTTP Request,200,,Thread-Gruppe  1-5,text,true,,419,129,100,100,http://localhost:7000/randomRequest,713,0,0
1676157968889,618,HTTP Request,200,,Thread-Gruppe  1-24,text,true,,419,129,100,100,http://localhost:7000/randomRequest,618,0,0
1676157968693,816,HTTP Request,200,,Thread-Gruppe  1-49,text,true,,485,129,100,100,http://localhost:7000/randomRequest,816,0,0
1676157968069,1440,HTTP Request,200,,Thread-Gruppe  1-87,text,true,,537,129,100,100,http://localhost:7000/randomRequest,1440,0,1
1676157968411,1100,HTTP Request,200,,Thread-Gruppe  1-100,text,true,,537,129,100,100,http://localhost:7000/randomRequest,1100,0,1
1676157968919,610,HTTP Request,200,,Thread-Gruppe  1-68,text,true,,418,129,100,100,http://localhost:7000/randomRequest,610,0,0
1676157968601,934,HTTP Request,200,,Thread-Gruppe  1-83,text,true,,560,129,100,100,http://localhost:7000/randomRequest,934,0,0
1676157968652,926,HTTP Request,200,,Thread-Gruppe  1-59,text,true,,486,129,100,100,http://localhost:7000/randomRequest,926,0,0
1676157968181,1401,HTTP Request,200,,Thread-Gruppe  1-71,text,true,,540,129,100,100,http://localhost:7000/randomRequest,1401,0,0
1676157969079,516,HTTP Request,200,,Thread-Gruppe  1-80,text,true,,559,129,100,100,http://localhost:7000/randomRequest,516,0,0
1676157968069,1526,HTTP Request,200,,Thread-Gruppe  1-52,text,true,,537,129,100,100,http://localhost:7000/randomRequest,1526,0,1
1676157968581,1023,HTTP Request,200,,Thread-Gruppe  1-32,text,true,,492,129,100,100,http://localhost:7000/randomRequest,1023,0,0
1676157968121,1507,HTTP Request,200,,Thread-Gruppe  1-12,text,true,,540,129,100,100,http://localhost:7000/randomRequest,1507,0,1
1676157968927,712,HTTP Request,200,,Thread-Gruppe  1-89,text,true,,417,129,100,100,http://localhost:7000/randomRequest,712,0,0
1676157968834,829,HTTP Request,200,,Thread-Gruppe  1-17,text,true,,563,129,100,100,http://localhost:7000/randomRequest,829,0,0
1676157968944,722,HTTP Request,200,,Thread-Gruppe  1-31,text,true,,419,129,100,100,http://localhost:7000/randomRequest,722,0,0
1676157968454,1234,HTTP Request,200,,Thread-Gruppe  1-72,text,true,,492,129,100,100,http://localhost:7000/randomRequest,1234,0,0
1676157968855,846,HTTP Request,200,,Thread-Gruppe  1-37,text,true,,569,129,100,100,http://localhost:7000/randomRequest,846,0,0
1676157968578,1134,HTTP Request,200,,Thread-Gruppe  1-78,text,true,,403,129,100,100,http://localhost:7000/randomRequest,1134,0,1
1676157968342,1387,HTTP Request,200,,Thread-Gruppe  1-45,text,true,,539,129,100,100,http://localhost:7000/randomRequest,1387,0,0
1676157968917,812,HTTP Request,200,,Thread-Gruppe  1-14,text,true,,418,129,100,100,http://localhost:7000/randomRequest,812,0,0
1676157968933,820,HTTP Request,200,,Thread-Gruppe  1-94,text,true,,418,129,100,100,http://localhost:7000/randomRequest,820,0,0
1676157969042,724,HTTP Request,200,,Thread-Gruppe  1-74,text,true,,419,129,100,100,http://localhost:7000/randomRequest,724,0,0
1676157968667,1103,HTTP Request,200,,Thread-Gruppe  1-76,text,true,,527,129,100,100,http://localhost:7000/randomRequest,1103,0,1
1676157968480,1293,HTTP Request,200,,Thread-Gruppe  1-9,text,true,,527,129,100,100,http://localhost:7000/randomRequest,1293,0,1
1676157968479,1299,HTTP Request,200,,Thread-Gruppe  1-40,text,true,,527,129,100,100,http://localhost:7000/randomRequest,1299,0,0
1676157969166,617,HTTP Request,200,,Thread-Gruppe  1-48,text,true,,488,129,100,100,http://localhost:7000/randomRequest,617,0,0
1676157969065,718,HTTP Request,200,,Thread-Gruppe  1-10,text,true,,523,129,100,100,http://localhost:7000/randomRequest,718,0,0
1676157968871,933,HTTP Request,200,,Thread-Gruppe  1-84,text,true,,492,129,100,100,http://localhost:7000/randomRequest,933,0,0
1676157968982,822,HTTP Request,200,,Thread-Gruppe  1-75,text,true,,490,129,100,100,http://localhost:7000/randomRequest,822,0,0
1676157968889,917,HTTP Request,200,,Thread-Gruppe  1-70,text,true,,492,129,100,100,http://localhost:7000/randomRequest,917,0,0
1676157969198,615,HTTP Request,200,,Thread-Gruppe  1-22,text,true,,556,129,100,100,http://localhost:7000/randomRequest,615,0,0
1676157968995,822,HTTP Request,200,,Thread-Gruppe  1-8,text,true,,490,129,100,100,http://localhost:7000/randomRequest,822,0,0
1676157968795,1037,HTTP Request,200,,Thread-Gruppe  1-90,text,true,,417,129,100,100,http://localhost:7000/randomRequest,1037,0,0
1676157968733,1099,HTTP Request,200,,Thread-Gruppe  1-23,text,true,,643,129,100,100,http://localhost:7000/randomRequest,1099,0,1
1676157968895,939,HTTP Request,200,,Thread-Gruppe  1-86,text,true,,417,129,100,100,http://localhost:7000/randomRequest,939,0,1
1676157968222,1612,HTTP Request,200,,Thread-Gruppe  1-46,text,true,,527,129,100,100,http://localhost:7000/randomRequest,1612,0,0
1676157968923,919,HTTP Request,200,,Thread-Gruppe  1-11,text,true,,485,129,100,100,http://localhost:7000/randomRequest,919,0,0
1676157969329,513,HTTP Request,200,,Thread-Gruppe  1-16,text,true,,488,129,100,100,http://localhost:7000/randomRequest,513,0,0
1676157969231,614,HTTP Request,200,,Thread-Gruppe  1-21,text,true,,566,129,100,100,http://localhost:7000/randomRequest,614,0,1
1676157969151,716,HTTP Request,200,,Thread-Gruppe  1-85,text,true,,488,129,100,100,http://localhost:7000/randomRequest,716,0,0
1676157969147,728,HTTP Request,200,,Thread-Gruppe  1-25,text,true,,550,129,100,100,http://localhost:7000/randomRequest,728,0,0
1676157969354,521,HTTP Request,200,,Thread-Gruppe  1-99,text,true,,553,129,100,100,http://localhost:7000/randomRequest,521,0,0
1676157969278,617,HTTP Request,200,,Thread-Gruppe  1-82,text,true,,552,129,100,100,http://localhost:7000/randomRequest,617,0,0
1676157969173,722,HTTP Request,200,,Thread-Gruppe  1-81,text,true,,416,129,100,100,http://localhost:7000/randomRequest,722,0,0
1676157969184,720,HTTP Request,200,,Thread-Gruppe  1-26,text,true,,419,129,100,100,http://localhost:7000/randomRequest,720,0,0
1676157969286,618,HTTP Request,200,,Thread-Gruppe  1-36,text,true,,549,129,100,100,http://localhost:7000/randomRequest,618,0,1
1676157968713,1191,HTTP Request,200,,Thread-Gruppe  1-4,text,true,,643,129,100,100,http://localhost:7000/randomRequest,1191,0,1
1676157969082,822,HTTP Request,200,,Thread-Gruppe  1-57,text,true,,492,129,100,100,http://localhost:7000/randomRequest,822,0,0
1676157968976,928,HTTP Request,200,,Thread-Gruppe  1-19,text,true,,492,129,100,100,http://localhost:7000/randomRequest,928,0,0
1676157968838,1095,HTTP Request,200,,Thread-Gruppe  1-79,text,true,,647,129,100,100,http://localhost:7000/randomRequest,1095,0,1
1676157968895,1038,HTTP Request,200,,Thread-Gruppe  1-62,text,true,,489,129,100,100,http://localhost:7000/randomRequest,1038,0,1
1676157969354,625,HTTP Request,200,,Thread-Gruppe  1-38,text,true,,418,129,100,100,http://localhost:7000/randomRequest,625,0,0
1676157969373,619,HTTP Request,200,,Thread-Gruppe  1-29,text,true,,419,129,100,100,http://localhost:7000/randomRequest,619,0,0
1676157969375,617,HTTP Request,200,,Thread-Gruppe  1-66,text,true,,419,129,100,100,http://localhost:7000/randomRequest,617,0,1
1676157969182,827,HTTP Request,200,,Thread-Gruppe  1-50,text,true,,492,129,100,100,http://localhost:7000/randomRequest,827,0,1
1676157969304,722,HTTP Request,200,,Thread-Gruppe  1-33,text,true,,485,129,100,100,http://localhost:7000/randomRequest,722,0,0
1676157969220,822,HTTP Request,200,,Thread-Gruppe  1-43,text,true,,419,129,100,100,http://localhost:7000/randomRequest,822,0,0
1676157969639,414,HTTP Request,200,,Thread-Gruppe  1-89,text,true,,419,129,100,100,http://localhost:7000/randomRequest,414,0,0
1676157969392,721,HTTP Request,200,,Thread-Gruppe  1-56,text,true,,562,129,100,100,http://localhost:7000/randomRequest,721,0,0
1676157969595,518,HTTP Request,200,,Thread-Gruppe  1-80,text,true,,488,129,100,100,http://localhost:7000/randomRequest,518,0,0
1676157969390,723,HTTP Request,200,,Thread-Gruppe  1-98,text,true,,485,129,100,100,http://localhost:7000/randomRequest,723,0,0
1676157969405,719,HTTP Request,200,,Thread-Gruppe  1-88,text,true,,490,129,100,100,http://localhost:7000/randomRequest,719,0,0
1676157969405,719,HTTP Request,200,,Thread-Gruppe  1-39,text,true,,419,129,100,100,http://localhost:7000/randomRequest,719,0,0
1676157969420,713,HTTP Request,200,,Thread-Gruppe  1-1,text,true,,488,129,100,100,http://localhost:7000/randomRequest,713,0,0
1676157969420,720,HTTP Request,200,,Thread-Gruppe  1-51,text,true,,492,129,100,100,http://localhost:7000/randomRequest,720,0,0
1676157969730,433,HTTP Request,200,,Thread-Gruppe  1-14,text,true,,554,129,100,100,http://localhost:7000/randomRequest,433,0,0
1676157969432,731,HTTP Request,200,,Thread-Gruppe  1-93,text,true,,417,129,100,100,http://localhost:7000/randomRequest,731,0,0
1676157969663,519,HTTP Request,200,,Thread-Gruppe  1-17,text,true,,419,129,100,100,http://localhost:7000/randomRequest,519,0,1
1676157969666,516,HTTP Request,200,,Thread-Gruppe  1-31,text,true,,560,129,100,100,http://localhost:7000/randomRequest,516,0,0
1676157969478,720,HTTP Request,200,,Thread-Gruppe  1-96,text,true,,415,129,100,100,http://localhost:7000/randomRequest,720,0,1
1676157969482,722,HTTP Request,200,,Thread-Gruppe  1-91,text,true,,485,129,100,100,http://localhost:7000/randomRequest,722,0,1
1676157969712,512,HTTP Request,200,,Thread-Gruppe  1-78,text,true,,403,129,100,100,http://localhost:7000/randomRequest,512,0,0
1676157969509,715,HTTP Request,200,,Thread-Gruppe  1-87,text,true,,483,129,100,100,http://localhost:7000/randomRequest,715,0,0
1676157969094,1130,HTTP Request,200,,Thread-Gruppe  1-53,text,true,,492,129,100,100,http://localhost:7000/randomRequest,1130,0,1
1676157969407,826,HTTP Request,200,,Thread-Gruppe  1-42,text,true,,482,129,100,100,http://localhost:7000/randomRequest,826,0,1
1676157968655,1596,HTTP Request,200,,Thread-Gruppe  1-69,text,true,,527,129,100,100,http://localhost:7000/randomRequest,1596,0,1
1676157969031,1236,HTTP Request,200,,Thread-Gruppe  1-73,text,true,,492,129,100,100,http://localhost:7000/randomRequest,1236,0,1
1676157969753,514,HTTP Request,200,,Thread-Gruppe  1-94,text,true,,419,129,100,100,http://localhost:7000/randomRequest,514,0,1
1676157969451,820,HTTP Request,200,,Thread-Gruppe  1-41,text,true,,492,129,100,100,http://localhost:7000/randomRequest,820,0,0
1676157969578,714,HTTP Request,200,,Thread-Gruppe  1-59,text,true,,555,129,100,100,http://localhost:7000/randomRequest,714,0,0
1676157969492,825,HTTP Request,200,,Thread-Gruppe  1-44,text,true,,419,129,100,100,http://localhost:7000/randomRequest,825,0,0
1676157969511,817,HTTP Request,200,,Thread-Gruppe  1-100,text,true,,492,129,100,100,http://localhost:7000/randomRequest,817,0,1
1676157969507,821,HTTP Request,200,,Thread-Gruppe  1-24,text,true,,419,129,100,100,http://localhost:7000/randomRequest,821,0,1
1676157969420,923,HTTP Request,200,,Thread-Gruppe  1-7,text,true,,492,129,100,100,http://localhost:7000/randomRequest,923,0,0
1676157968939,1408,HTTP Request,200,,Thread-Gruppe  1-35,text,true,,527,129,100,100,http://localhost:7000/randomRequest,1408,0,0
1676157969730,617,HTTP Request,200,,Thread-Gruppe  1-45,text,true,,490,129,100,100,http://localhost:7000/randomRequest,617,0,0
1676157969529,824,HTTP Request,200,,Thread-Gruppe  1-68,text,true,,492,129,100,100,http://localhost:7000/randomRequest,824,0,1
1676157969834,519,HTTP Request,200,,Thread-Gruppe  1-86,text,true,,540,129,100,100,http://localhost:7000/randomRequest,519,0,0
1676157969329,1030,HTTP Request,200,,Thread-Gruppe  1-97,text,true,,403,129,100,100,http://localhost:7000/randomRequest,1030,0,0
1676157969766,616,HTTP Request,200,,Thread-Gruppe  1-74,text,true,,485,129,100,100,http://localhost:7000/randomRequest,616,0,0
1676157969875,508,HTTP Request,200,,Thread-Gruppe  1-99,text,true,,554,129,100,100,http://localhost:7000/randomRequest,508,0,0
1676157969770,613,HTTP Request,200,,Thread-Gruppe  1-76,text,true,,492,129,100,100,http://localhost:7000/randomRequest,613,0,0
1676157969099,1297,HTTP Request,200,,Thread-Gruppe  1-67,text,true,,537,129,100,100,http://localhost:7000/randomRequest,1297,0,0
1676157969783,624,HTTP Request,200,,Thread-Gruppe  1-10,text,true,,560,129,100,100,http://localhost:7000/randomRequest,624,0,1
1676157969582,825,HTTP Request,200,,Thread-Gruppe  1-71,text,true,,417,129,100,100,http://localhost:7000/randomRequest,825,0,1
1676157969689,722,HTTP Request,200,,Thread-Gruppe  1-72,text,true,,492,129,100,100,http://localhost:7000/randomRequest,722,0,0
1676157969895,522,HTTP Request,200,,Thread-Gruppe  1-81,text,true,,548,129,100,100,http://localhost:7000/randomRequest,522,0,1
1676157969495,924,HTTP Request,200,,Thread-Gruppe  1-5,text,true,,419,129,100,100,http://localhost:7000/randomRequest,924,0,0
1676157969701,718,HTTP Request,200,,Thread-Gruppe  1-37,text,true,,483,129,100,100,http://localhost:7000/randomRequest,718,0,0
1676157969432,1029,HTTP Request,200,,Thread-Gruppe  1-64,text,true,,492,129,100,100,http://localhost:7000/randomRequest,1029,0,0
1676157969407,1094,HTTP Request,200,,Thread-Gruppe  1-2,text,true,,541,129,100,100,http://localhost:7000/randomRequest,1094,0,0
1676157969773,728,HTTP Request,200,,Thread-Gruppe  1-9,text,true,,492,129,100,100,http://localhost:7000/randomRequest,728,0,1
1676157969904,620,HTTP Request,200,,Thread-Gruppe  1-4,text,true,,546,129,100,100,http://localhost:7000/randomRequest,620,0,0
1676157969904,620,HTTP Request,200,,Thread-Gruppe  1-26,text,true,,555,129,100,100,http://localhost:7000/randomRequest,620,0,0
1676157969492,1032,HTTP Request,200,,Thread-Gruppe  1-27,text,true,,488,129,100,100,http://localhost:7000/randomRequest,1032,0,0
1676157969806,723,HTTP Request,200,,Thread-Gruppe  1-70,text,true,,492,129,100,100,http://localhost:7000/randomRequest,723,0,1
1676157969509,1026,HTTP Request,200,,Thread-Gruppe  1-49,text,true,,403,129,100,100,http://localhost:7000/randomRequest,1026,0,0
1676157970141,413,HTTP Request,200,,Thread-Gruppe  1-51,text,true,,548,129,100,100,http://localhost:7000/randomRequest,413,0,0
1676157969933,621,HTTP Request,200,,Thread-Gruppe  1-62,text,true,,419,129,100,100,http://localhost:7000/randomRequest,621,0,1
1676157969842,721,HTTP Request,200,,Thread-Gruppe  1-11,text,true,,489,129,100,100,http://localhost:7000/randomRequest,721,0,1
1676157969842,725,HTTP Request,200,,Thread-Gruppe  1-16,text,true,,490,129,100,100,http://localhost:7000/randomRequest,725,0,1
1676157969804,779,HTTP Request,200,,Thread-Gruppe  1-84,text,true,,493,129,100,100,http://localhost:7000/randomRequest,779,0,0
1676157969604,1000,HTTP Request,200,,Thread-Gruppe  1-32,text,true,,633,129,100,100,http://localhost:7000/randomRequest,1000,0,0
1676157969992,621,HTTP Request,200,,Thread-Gruppe  1-29,text,true,,548,129,100,100,http://localhost:7000/randomRequest,621,0,1
1676157969992,621,HTTP Request,200,,Thread-Gruppe  1-66,text,true,,548,129,100,100,http://localhost:7000/randomRequest,621,0,1
1676157970204,413,HTTP Request,200,,Thread-Gruppe  1-91,text,true,,403,129,100,100,http://localhost:7000/randomRequest,413,0,0
1676157970124,515,HTTP Request,200,,Thread-Gruppe  1-39,text,true,,561,129,100,100,http://localhost:7000/randomRequest,515,0,1
1676157969432,1219,HTTP Request,200,,Thread-Gruppe  1-18,text,true,,644,129,100,100,http://localhost:7000/randomRequest,1219,0,0
1676157969302,1386,HTTP Request,200,,Thread-Gruppe  1-65,text,true,,541,129,100,100,http://localhost:7000/randomRequest,1386,0,0
1676157969875,813,HTTP Request,200,,Thread-Gruppe  1-25,text,true,,481,129,100,100,http://localhost:7000/randomRequest,813,0,0
1676157970183,521,HTTP Request,200,,Thread-Gruppe  1-17,text,true,,550,129,100,100,http://localhost:7000/randomRequest,521,0,0
1676157969804,920,HTTP Request,200,,Thread-Gruppe  1-75,text,true,,419,129,100,100,http://localhost:7000/randomRequest,920,0,0
1676157970113,617,HTTP Request,200,,Thread-Gruppe  1-56,text,true,,418,129,100,100,http://localhost:7000/randomRequest,617,0,0
1676157969904,826,HTTP Request,200,,Thread-Gruppe  1-36,text,true,,418,129,100,100,http://localhost:7000/randomRequest,826,0,0
1676157970224,515,HTTP Request,200,,Thread-Gruppe  1-78,text,true,,403,129,100,100,http://localhost:7000/randomRequest,515,0,1
1676157970347,416,HTTP Request,200,,Thread-Gruppe  1-45,text,true,,419,129,100,100,http://localhost:7000/randomRequest,416,0,0
1676157969536,1233,HTTP Request,200,,Thread-Gruppe  1-83,text,true,,492,129,100,100,http://localhost:7000/randomRequest,1233,0,0
1676157970343,426,HTTP Request,200,,Thread-Gruppe  1-7,text,true,,417,129,100,100,http://localhost:7000/randomRequest,426,0,1
1676157970267,517,HTTP Request,200,,Thread-Gruppe  1-94,text,true,,417,129,100,100,http://localhost:7000/randomRequest,517,0,1
1676157970383,418,HTTP Request,200,,Thread-Gruppe  1-76,text,true,,403,129,100,100,http://localhost:7000/randomRequest,418,0,1
1676157970383,418,HTTP Request,200,,Thread-Gruppe  1-99,text,true,,419,129,100,100,http://localhost:7000/randomRequest,418,0,1
1676157969904,908,HTTP Request,200,,Thread-Gruppe  1-57,text,true,,641,129,100,100,http://localhost:7000/randomRequest,908,0,0
1676157969778,1034,HTTP Request,200,,Thread-Gruppe  1-40,text,true,,492,129,100,100,http://localhost:7000/randomRequest,1034,0,1
1676157970199,620,HTTP Request,200,,Thread-Gruppe  1-96,text,true,,489,129,100,100,http://localhost:7000/randomRequest,620,0,0
1676157970407,412,HTTP Request,200,,Thread-Gruppe  1-10,text,true,,554,129,100,100,http://localhost:7000/randomRequest,412,0,0
1676157969833,995,HTTP Request,200,,Thread-Gruppe  1-23,text,true,,527,129,100,100,http://localhost:7000/randomRequest,995,0,0
1676157970113,719,HTTP Request,200,,Thread-Gruppe  1-98,text,true,,492,129,100,100,http://localhost:7000/randomRequest,719,0,0
1676157969904,928,HTTP Request,200,,Thread-Gruppe  1-19,text,true,,492,129,100,100,http://localhost:7000/randomRequest,928,0,0
1676157969813,1030,HTTP Request,200,,Thread-Gruppe  1-22,text,true,,492,129,100,100,http://localhost:7000/randomRequest,1030,0,0
1676157969818,1025,HTTP Request,200,,Thread-Gruppe  1-8,text,true,,488,129,100,100,http://localhost:7000/randomRequest,1025,0,0
1676157970328,515,HTTP Request,200,,Thread-Gruppe  1-100,text,true,,490,129,100,100,http://localhost:7000/randomRequest,515,0,1
1676157969868,994,HTTP Request,200,,Thread-Gruppe  1-85,text,true,,641,129,100,100,http://localhost:7000/randomRequest,994,0,0
1676157969332,1535,HTTP Request,200,,Thread-Gruppe  1-34,text,true,,533,129,100,100,http://localhost:7000/randomRequest,1535,0,0
1676157970133,734,HTTP Request,200,,Thread-Gruppe  1-1,text,true,,481,129,100,100,http://localhost:7000/randomRequest,734,0,0
1676157969933,935,HTTP Request,200,,Thread-Gruppe  1-79,text,true,,419,129,100,100,http://localhost:7000/randomRequest,934,0,1
1676157970359,513,HTTP Request,200,,Thread-Gruppe  1-97,text,true,,559,129,100,100,http://localhost:7000/randomRequest,513,0,1
1676157969845,1028,HTTP Request,200,,Thread-Gruppe  1-21,text,true,,492,129,100,100,http://localhost:7000/randomRequest,1028,0,1
1676157970271,617,HTTP Request,200,,Thread-Gruppe  1-41,text,true,,570,129,100,100,http://localhost:7000/randomRequest,617,0,0
1676157969478,1410,HTTP Request,200,,Thread-Gruppe  1-58,text,true,,537,129,100,100,http://localhost:7000/randomRequest,1410,0,1
1676157970164,743,HTTP Request,200,,Thread-Gruppe  1-93,text,true,,674,129,100,100,http://localhost:7000/randomRequest,743,0,0
1676157970328,625,HTTP Request,200,,Thread-Gruppe  1-24,text,true,,492,129,100,100,http://localhost:7000/randomRequest,625,0,1
1676157969895,1058,HTTP Request,200,,Thread-Gruppe  1-82,text,true,,664,129,100,100,http://localhost:7000/randomRequest,1058,0,0
1676157970026,937,HTTP Request,200,,Thread-Gruppe  1-33,text,true,,566,129,100,100,http://localhost:7000/randomRequest,937,0,0
1676157970183,792,HTTP Request,200,,Thread-Gruppe  1-31,text,true,,647,129,100,100,http://localhost:7000/randomRequest,792,0,0
1676157969783,1241,HTTP Request,200,,Thread-Gruppe  1-48,text,true,,485,129,100,100,http://localhost:7000/randomRequest,1241,0,1
1676157970411,614,HTTP Request,200,,Thread-Gruppe  1-72,text,true,,488,129,100,100,http://localhost:7000/randomRequest,614,0,1
1676157970419,621,HTTP Request,200,,Thread-Gruppe  1-37,text,true,,555,129,100,100,http://localhost:7000/randomRequest,621,0,0
1676157970124,924,HTTP Request,200,,Thread-Gruppe  1-88,text,true,,488,129,100,100,http://localhost:7000/randomRequest,924,0,1
1676157970042,1009,HTTP Request,200,,Thread-Gruppe  1-43,text,true,,495,129,100,100,http://localhost:7000/randomRequest,1009,0,0
1676157970347,725,HTTP Request,200,,Thread-Gruppe  1-35,text,true,,492,129,100,100,http://localhost:7000/randomRequest,725,0,0
1676157970461,619,HTTP Request,200,,Thread-Gruppe  1-64,text,true,,490,129,100,100,http://localhost:7000/randomRequest,619,0,1
1676157970267,813,HTTP Request,200,,Thread-Gruppe  1-73,text,true,,643,129,100,100,http://localhost:7000/randomRequest,813,0,1
1676157970688,413,HTTP Request,200,,Thread-Gruppe  1-65,text,true,,549,129,100,100,http://localhost:7000/randomRequest,413,0,1
1676157969979,1140,HTTP Request,200,,Thread-Gruppe  1-38,text,true,,489,129,100,100,http://localhost:7000/randomRequest,1140,0,0
1676157970419,719,HTTP Request,200,,Thread-Gruppe  1-5,text,true,,573,129,100,100,http://localhost:7000/randomRequest,719,0,0
1676157970524,614,HTTP Request,200,,Thread-Gruppe  1-26,text,true,,1209,129,100,100,http://localhost:7000/randomRequest,614,0,1
1676157970730,415,HTTP Request,200,,Thread-Gruppe  1-56,text,true,,492,129,100,100,http://localhost:7000/randomRequest,415,0,0
1676157970009,1166,HTTP Request,200,,Thread-Gruppe  1-50,text,true,,545,129,100,100,http://localhost:7000/randomRequest,1166,0,0
1676157970164,1012,HTTP Request,200,,Thread-Gruppe  1-14,text,true,,647,129,100,100,http://localhost:7000/randomRequest,1012,0,0
1676157970639,537,HTTP Request,200,,Thread-Gruppe  1-39,text,true,,570,129,100,100,http://localhost:7000/randomRequest,536,0,0
1676157970251,929,HTTP Request,200,,Thread-Gruppe  1-69,text,true,,556,129,100,100,http://localhost:7000/randomRequest,929,0,0
1676157970769,414,HTTP Request,200,,Thread-Gruppe  1-7,text,true,,418,129,100,100,http://localhost:7000/randomRequest,414,0,0
1676157970688,519,HTTP Request,200,,Thread-Gruppe  1-25,text,true,,492,129,100,100,http://localhost:7000/randomRequest,519,0,1
1676157970501,720,HTTP Request,200,,Thread-Gruppe  1-2,text,true,,485,129,100,100,http://localhost:7000/randomRequest,720,0,0
1676157970604,617,HTTP Request,200,,Thread-Gruppe  1-32,text,true,,547,129,100,100,http://localhost:7000/randomRequest,617,0,0
1676157970292,929,HTTP Request,200,,Thread-Gruppe  1-59,text,true,,489,129,100,100,http://localhost:7000/randomRequest,929,0,0
1676157970407,824,HTTP Request,200,,Thread-Gruppe  1-71,text,true,,561,129,100,100,http://localhost:7000/randomRequest,824,0,0
1676157970524,719,HTTP Request,200,,Thread-Gruppe  1-4,text,true,,419,129,100,100,http://localhost:7000/randomRequest,719,0,1
1676157970417,826,HTTP Request,200,,Thread-Gruppe  1-81,text,true,,492,129,100,100,http://localhost:7000/randomRequest,826,0,1
1676157970529,716,HTTP Request,200,,Thread-Gruppe  1-70,text,true,,413,129,100,100,http://localhost:7000/randomRequest,716,0,1
1676157970524,725,HTTP Request,200,,Thread-Gruppe  1-27,text,true,,419,129,100,100,http://localhost:7000/randomRequest,725,0,1
1676157970224,1030,HTTP Request,200,,Thread-Gruppe  1-53,text,true,,488,129,100,100,http://localhost:7000/randomRequest,1030,0,1
1676157969833,1437,HTTP Request,200,,Thread-Gruppe  1-90,text,true,,630,129,100,100,http://localhost:7000/randomRequest,1437,0,0
1676157970651,621,HTTP Request,200,,Thread-Gruppe  1-18,text,true,,488,129,100,100,http://localhost:7000/randomRequest,621,0,0
1676157970053,1225,HTTP Request,200,,Thread-Gruppe  1-89,text,true,,527,129,100,100,http://localhost:7000/randomRequest,1225,0,1
1676157970554,724,HTTP Request,200,,Thread-Gruppe  1-62,text,true,,552,129,100,100,http://localhost:7000/randomRequest,724,0,0
1676157970554,724,HTTP Request,200,,Thread-Gruppe  1-51,text,true,,485,129,100,100,http://localhost:7000/randomRequest,724,0,0
1676157970567,721,HTTP Request,200,,Thread-Gruppe  1-16,text,true,,555,129,100,100,http://localhost:7000/randomRequest,721,0,1
1676157969595,1714,HTTP Request,200,,Thread-Gruppe  1-52,text,true,,527,129,100,100,http://localhost:7000/randomRequest,1714,0,0
1676157970801,517,HTTP Request,200,,Thread-Gruppe  1-99,text,true,,419,129,100,100,http://localhost:7000/randomRequest,517,0,0
1676157970501,820,HTTP Request,200,,Thread-Gruppe  1-9,text,true,,487,129,100,100,http://localhost:7000/randomRequest,820,0,0
1676157970704,617,HTTP Request,200,,Thread-Gruppe  1-17,text,true,,419,129,100,100,http://localhost:7000/randomRequest,617,0,0
1676157970613,718,HTTP Request,200,,Thread-Gruppe  1-29,text,true,,418,129,100,100,http://localhost:7000/randomRequest,718,0,0
1676157969628,1703,HTTP Request,200,,Thread-Gruppe  1-12,text,true,,537,129,100,100,http://localhost:7000/randomRequest,1703,0,0
1676157970617,714,HTTP Request,200,,Thread-Gruppe  1-91,text,true,,559,129,100,100,http://localhost:7000/randomRequest,714,0,1
1676157970819,513,HTTP Request,200,,Thread-Gruppe  1-96,text,true,,564,129,100,100,http://localhost:7000/randomRequest,513,0,1
1676157970724,625,HTTP Request,200,,Thread-Gruppe  1-75,text,true,,419,129,100,100,http://localhost:7000/randomRequest,625,0,1
1676157970832,522,HTTP Request,200,,Thread-Gruppe  1-98,text,true,,554,129,100,100,http://localhost:7000/randomRequest,522,0,1
1676157970224,1130,HTTP Request,200,,Thread-Gruppe  1-87,text,true,,419,129,100,100,http://localhost:7000/randomRequest,1130,0,1
1676157970843,516,HTTP Request,200,,Thread-Gruppe  1-8,text,true,,562,129,100,100,http://localhost:7000/randomRequest,516,0,0
1676157970784,617,HTTP Request,200,,Thread-Gruppe  1-94,text,true,,550,129,100,100,http://localhost:7000/randomRequest,617,0,0
1676157970583,838,HTTP Request,200,,Thread-Gruppe  1-84,text,true,,562,129,100,100,http://localhost:7000/randomRequest,838,0,1
1676157970233,1199,HTTP Request,200,,Thread-Gruppe  1-42,text,true,,527,129,100,100,http://localhost:7000/randomRequest,1199,0,1
1676157941422,30031,HTTP Request,500,,Thread-Gruppe  1-63,text,false,,258,129,100,100,http://localhost:7000/randomRequest,30031,0,0
1676157970769,694,HTTP Request,200,,Thread-Gruppe  1-83,text,true,,643,129,100,100,http://localhost:7000/randomRequest,694,0,0
1676157970868,613,HTTP Request,200,,Thread-Gruppe  1-79,text,true,,403,129,100,100,http://localhost:7000/randomRequest,613,0,0
1676157970763,718,HTTP Request,200,,Thread-Gruppe  1-45,text,true,,492,129,100,100,http://localhost:7000/randomRequest,718,0,0
1676157970383,1098,HTTP Request,200,,Thread-Gruppe  1-74,text,true,,647,129,100,100,http://localhost:7000/randomRequest,1098,0,0
1676157970874,615,HTTP Request,200,,Thread-Gruppe  1-21,text,true,,418,129,100,100,http://localhost:7000/randomRequest,615,0,0
1676157970317,1175,HTTP Request,200,,Thread-Gruppe  1-44,text,true,,564,129,100,100,http://localhost:7000/randomRequest,1175,0,1
1676157970975,517,HTTP Request,200,,Thread-Gruppe  1-31,text,true,,419,129,100,100,http://localhost:7000/randomRequest,517,0,1
1676157970563,929,HTTP Request,200,,Thread-Gruppe  1-11,text,true,,492,129,100,100,http://localhost:7000/randomRequest,929,0,0
1676157971101,412,HTTP Request,200,,Thread-Gruppe  1-65,text,true,,492,129,100,100,http://localhost:7000/randomRequest,412,0,0
1676157970819,716,HTTP Request,200,,Thread-Gruppe  1-10,text,true,,492,129,100,100,http://localhost:7000/randomRequest,716,0,1
1676157970730,824,HTTP Request,200,,Thread-Gruppe  1-36,text,true,,486,129,100,100,http://localhost:7000/randomRequest,824,0,0
1676157971048,519,HTTP Request,200,,Thread-Gruppe  1-88,text,true,,419,129,100,100,http://localhost:7000/randomRequest,519,0,1
1676157970953,616,HTTP Request,200,,Thread-Gruppe  1-82,text,true,,492,129,100,100,http://localhost:7000/randomRequest,616,0,1
1676157970862,734,HTTP Request,200,,Thread-Gruppe  1-85,text,true,,633,129,100,100,http://localhost:7000/randomRequest,734,0,1
1676157970888,714,HTTP Request,200,,Thread-Gruppe  1-41,text,true,,492,129,100,100,http://localhost:7000/randomRequest,714,0,1
1676157970828,824,HTTP Request,200,,Thread-Gruppe  1-23,text,true,,419,129,100,100,http://localhost:7000/randomRequest,824,0,1
1676157970353,1308,HTTP Request,200,,Thread-Gruppe  1-68,text,true,,527,129,100,100,http://localhost:7000/randomRequest,1308,0,0
1676157970832,836,HTTP Request,200,,Thread-Gruppe  1-19,text,true,,401,129,100,100,http://localhost:7000/randomRequest,836,0,1
1676157971072,616,HTTP Request,200,,Thread-Gruppe  1-35,text,true,,485,129,100,100,http://localhost:7000/randomRequest,616,0,0
1676157971080,612,HTTP Request,200,,Thread-Gruppe  1-64,text,true,,550,129,100,100,http://localhost:7000/randomRequest,612,0,0
1676157970801,928,HTTP Request,200,,Thread-Gruppe  1-76,text,true,,485,129,100,100,http://localhost:7000/randomRequest,928,0,0
1676157970113,1629,HTTP Request,200,,Thread-Gruppe  1-80,text,true,,540,129,100,100,http://localhost:7000/randomRequest,1629,0,0
1676157971243,516,HTTP Request,200,,Thread-Gruppe  1-4,text,true,,490,129,100,100,http://localhost:7000/randomRequest,516,0,0
1676157971245,519,HTTP Request,200,,Thread-Gruppe  1-70,text,true,,554,129,100,100,http://localhost:7000/randomRequest,519,0,0
1676157971250,518,HTTP Request,200,,Thread-Gruppe  1-27,text,true,,561,129,100,100,http://localhost:7000/randomRequest,518,0,0
1676157970843,926,HTTP Request,200,,Thread-Gruppe  1-22,text,true,,403,129,100,100,http://localhost:7000/randomRequest,926,0,0
1676157970963,829,HTTP Request,200,,Thread-Gruppe  1-33,text,true,,485,129,100,100,http://localhost:7000/randomRequest,829,0,0
1676157971176,616,HTTP Request,200,,Thread-Gruppe  1-39,text,true,,419,129,100,100,http://localhost:7000/randomRequest,616,0,0
1676157970872,925,HTTP Request,200,,Thread-Gruppe  1-97,text,true,,492,129,100,100,http://localhost:7000/randomRequest,925,0,1
1676157970868,937,HTTP Request,200,,Thread-Gruppe  1-1,text,true,,647,129,100,100,http://localhost:7000/randomRequest,937,0,0
1676157970889,920,HTTP Request,200,,Thread-Gruppe  1-58,text,true,,489,129,100,100,http://localhost:7000/randomRequest,920,0,0
1676157971207,612,HTTP Request,200,,Thread-Gruppe  1-25,text,true,,564,129,100,100,http://localhost:7000/randomRequest,612,0,0
1676157971221,621,HTTP Request,200,,Thread-Gruppe  1-59,text,true,,549,129,100,100,http://localhost:7000/randomRequest,621,0,0
1676157971024,822,HTTP Request,200,,Thread-Gruppe  1-48,text,true,,570,129,100,100,http://localhost:7000/randomRequest,822,0,0
1676157971051,795,HTTP Request,200,,Thread-Gruppe  1-43,text,true,,633,129,100,100,http://localhost:7000/randomRequest,795,0,0
1676157971231,615,HTTP Request,200,,Thread-Gruppe  1-71,text,true,,563,129,100,100,http://localhost:7000/randomRequest,615,0,0
1676157971139,722,HTTP Request,200,,Thread-Gruppe  1-26,text,true,,550,129,100,100,http://localhost:7000/randomRequest,722,0,0
1676157970953,917,HTTP Request,200,,Thread-Gruppe  1-24,text,true,,545,129,100,100,http://localhost:7000/randomRequest,917,0,1
1676157971481,414,HTTP Request,200,,Thread-Gruppe  1-45,text,true,,419,129,100,100,http://localhost:7000/randomRequest,414,0,0
1676157970868,1027,HTTP Request,200,,Thread-Gruppe  1-34,text,true,,492,129,100,100,http://localhost:7000/randomRequest,1027,0,0
1676157971080,840,HTTP Request,200,,Thread-Gruppe  1-73,text,true,,417,129,100,100,http://localhost:7000/randomRequest,840,0,0
1676157971184,736,HTTP Request,200,,Thread-Gruppe  1-7,text,true,,554,129,100,100,http://localhost:7000/randomRequest,736,0,0
1676157971025,895,HTTP Request,200,,Thread-Gruppe  1-72,text,true,,489,129,100,100,http://localhost:7000/randomRequest,895,0,1
1676157970396,1535,HTTP Request,200,,Thread-Gruppe  1-67,text,true,,541,129,100,100,http://localhost:7000/randomRequest,1535,0,0
1676157971221,721,HTTP Request,200,,Thread-Gruppe  1-2,text,true,,554,129,100,100,http://localhost:7000/randomRequest,721,0,0
1676157971321,621,HTTP Request,200,,Thread-Gruppe  1-9,text,true,,417,129,100,100,http://localhost:7000/randomRequest,621,0,0
1676157971567,405,HTTP Request,200,,Thread-Gruppe  1-88,text,true,,547,129,100,100,http://localhost:7000/randomRequest,405,0,1
1676157971145,827,HTTP Request,200,,Thread-Gruppe  1-56,text,true,,417,129,100,100,http://localhost:7000/randomRequest,827,0,0
1676157971176,823,HTTP Request,200,,Thread-Gruppe  1-14,text,true,,492,129,100,100,http://localhost:7000/randomRequest,823,0,0
1676157971481,518,HTTP Request,200,,Thread-Gruppe  1-79,text,true,,554,129,100,100,http://localhost:7000/randomRequest,518,0,0
1676157971289,721,HTTP Request,200,,Thread-Gruppe  1-16,text,true,,419,129,100,100,http://localhost:7000/randomRequest,721,0,0
1676157970907,1114,HTTP Request,200,,Thread-Gruppe  1-93,text,true,,537,129,100,100,http://localhost:7000/randomRequest,1114,0,0
1676157970535,1511,HTTP Request,200,,Thread-Gruppe  1-49,text,true,,541,129,100,100,http://localhost:7000/randomRequest,1511,0,1
1676157971535,519,HTTP Request,200,,Thread-Gruppe  1-10,text,true,,416,129,100,100,http://localhost:7000/randomRequest,519,0,1
1676157971040,1014,HTTP Request,200,,Thread-Gruppe  1-37,text,true,,537,129,100,100,http://localhost:7000/randomRequest,1014,0,1
1676157971331,723,HTTP Request,200,,Thread-Gruppe  1-29,text,true,,418,129,100,100,http://localhost:7000/randomRequest,723,0,0
1676157971652,412,HTTP Request,200,,Thread-Gruppe  1-23,text,true,,485,129,100,100,http://localhost:7000/randomRequest,412,0,1
1676157971554,510,HTTP Request,200,,Thread-Gruppe  1-36,text,true,,419,129,100,100,http://localhost:7000/randomRequest,510,0,0
1676157971176,898,HTTP Request,200,,Thread-Gruppe  1-50,text,true,,537,129,100,100,http://localhost:7000/randomRequest,898,0,0
1676157971180,894,HTTP Request,200,,Thread-Gruppe  1-69,text,true,,537,129,100,100,http://localhost:7000/randomRequest,894,0,0
1676157970739,1335,HTTP Request,200,,Thread-Gruppe  1-78,text,true,,481,129,100,100,http://localhost:7000/randomRequest,1335,0,1
1676157971254,847,HTTP Request,200,,Thread-Gruppe  1-53,text,true,,665,129,100,100,http://localhost:7000/randomRequest,847,0,0
1676157971272,829,HTTP Request,200,,Thread-Gruppe  1-18,text,true,,559,129,100,100,http://localhost:7000/randomRequest,829,0,0
1676157971270,831,HTTP Request,200,,Thread-Gruppe  1-90,text,true,,490,129,100,100,http://localhost:7000/randomRequest,831,0,0
1676157971278,831,HTTP Request,200,,Thread-Gruppe  1-89,text,true,,419,129,100,100,http://localhost:7000/randomRequest,831,0,1
1676157971489,620,HTTP Request,200,,Thread-Gruppe  1-21,text,true,,539,129,100,100,http://localhost:7000/randomRequest,620,0,1
1676157971278,831,HTTP Request,200,,Thread-Gruppe  1-62,text,true,,492,129,100,100,http://localhost:7000/randomRequest,831,0,1
1676157971596,513,HTTP Request,200,,Thread-Gruppe  1-85,text,true,,417,129,100,100,http://localhost:7000/randomRequest,513,0,1
1676157971492,617,HTTP Request,200,,Thread-Gruppe  1-31,text,true,,570,129,100,100,http://localhost:7000/randomRequest,617,0,1
1676157971119,991,HTTP Request,200,,Thread-Gruppe  1-38,text,true,,541,129,100,100,http://localhost:7000/randomRequest,991,0,0
1676157971401,709,HTTP Request,200,,Thread-Gruppe  1-94,text,true,,492,129,100,100,http://localhost:7000/randomRequest,709,0,0
1676157971602,508,HTTP Request,200,,Thread-Gruppe  1-41,text,true,,543,129,100,100,http://localhost:7000/randomRequest,508,0,0
1676157971513,618,HTTP Request,200,,Thread-Gruppe  1-65,text,true,,416,129,100,100,http://localhost:7000/randomRequest,618,0,0
1676157971309,822,HTTP Request,200,,Thread-Gruppe  1-52,text,true,,527,129,100,100,http://localhost:7000/randomRequest,822,0,0
1676157970613,1518,HTTP Request,200,,Thread-Gruppe  1-66,text,true,,537,129,100,100,http://localhost:7000/randomRequest,1518,0,0
1676157971321,826,HTTP Request,200,,Thread-Gruppe  1-17,text,true,,559,129,100,100,http://localhost:7000/randomRequest,826,0,0
1676157971421,726,HTTP Request,200,,Thread-Gruppe  1-84,text,true,,419,129,100,100,http://localhost:7000/randomRequest,726,0,1
1676157971221,930,HTTP Request,200,,Thread-Gruppe  1-32,text,true,,492,129,100,100,http://localhost:7000/randomRequest,930,0,0
1676157971332,823,HTTP Request,200,,Thread-Gruppe  1-96,text,true,,535,129,100,100,http://localhost:7000/randomRequest,823,0,1
1676157971354,814,HTTP Request,200,,Thread-Gruppe  1-87,text,true,,527,129,100,100,http://localhost:7000/randomRequest,813,0,1
1676157971349,827,HTTP Request,200,,Thread-Gruppe  1-75,text,true,,551,129,100,100,http://localhost:7000/randomRequest,827,0,0
1676157971463,713,HTTP Request,200,,Thread-Gruppe  1-83,text,true,,563,129,100,100,http://localhost:7000/randomRequest,713,0,0
1676157971492,717,HTTP Request,200,,Thread-Gruppe  1-11,text,true,,419,129,100,100,http://localhost:7000/randomRequest,717,0,1
1676157971318,933,HTTP Request,200,,Thread-Gruppe  1-99,text,true,,417,129,100,100,http://localhost:7000/randomRequest,933,0,0
1676157971432,827,HTTP Request,200,,Thread-Gruppe  1-42,text,true,,417,129,100,100,http://localhost:7000/randomRequest,827,0,1
1676157971359,919,HTTP Request,200,,Thread-Gruppe  1-8,text,true,,492,129,100,100,http://localhost:7000/randomRequest,919,0,0
1676157971481,828,HTTP Request,200,,Thread-Gruppe  1-74,text,true,,419,129,100,100,http://localhost:7000/randomRequest,828,0,0
1676157971453,904,HTTP Request,200,,Thread-Gruppe  1-63,text,true,,647,129,100,100,http://localhost:7000/randomRequest,904,0,1
1676157971662,715,HTTP Request,200,,Thread-Gruppe  1-68,text,true,,485,129,100,100,http://localhost:7000/randomRequest,715,0,0
1676157971764,618,HTTP Request,200,,Thread-Gruppe  1-70,text,true,,547,129,100,100,http://localhost:7000/randomRequest,618,0,0
1676157971870,513,HTTP Request,200,,Thread-Gruppe  1-24,text,true,,418,129,100,100,http://localhost:7000/randomRequest,513,0,0
1676157972054,334,HTTP Request,200,,Thread-Gruppe  1-37,text,true,,685,129,100,100,http://localhost:7000/randomRequest,334,0,0
1676157971792,617,HTTP Request,200,,Thread-Gruppe  1-33,text,true,,486,129,100,100,http://localhost:7000/randomRequest,617,0,0
1676157971895,514,HTTP Request,200,,Thread-Gruppe  1-34,text,true,,575,129,100,100,http://localhost:7000/randomRequest,514,0,0
1676157971689,724,HTTP Request,200,,Thread-Gruppe  1-35,text,true,,490,129,100,100,http://localhost:7000/randomRequest,724,0,0
1676157971792,621,HTTP Request,200,,Thread-Gruppe  1-39,text,true,,555,129,100,100,http://localhost:7000/randomRequest,621,0,0
1676157971492,922,HTTP Request,200,,Thread-Gruppe  1-44,text,true,,492,129,100,100,http://localhost:7000/randomRequest,922,0,1
1676157971278,1137,HTTP Request,200,,Thread-Gruppe  1-51,text,true,,417,129,100,100,http://localhost:7000/randomRequest,1137,0,1
1676157971805,610,HTTP Request,200,,Thread-Gruppe  1-1,text,true,,419,129,100,100,http://localhost:7000/randomRequest,610,0,0
1676157971331,1095,HTTP Request,200,,Thread-Gruppe  1-12,text,true,,527,129,100,100,http://localhost:7000/randomRequest,1095,0,0
1676157970812,1614,HTTP Request,200,,Thread-Gruppe  1-57,text,true,,541,129,100,100,http://localhost:7000/randomRequest,1614,0,0
1676157970812,1620,HTTP Request,200,,Thread-Gruppe  1-40,text,true,,541,129,100,100,http://localhost:7000/randomRequest,1620,0,0
1676157971820,612,HTTP Request,200,,Thread-Gruppe  1-25,text,true,,558,129,100,100,http://localhost:7000/randomRequest,612,0,0
1676157971139,1299,HTTP Request,200,,Thread-Gruppe  1-5,text,true,,643,129,100,100,http://localhost:7000/randomRequest,1299,0,0
1676157971354,1101,HTTP Request,200,,Thread-Gruppe  1-98,text,true,,537,129,100,100,http://localhost:7000/randomRequest,1101,0,0
1676157970843,1612,HTTP Request,200,,Thread-Gruppe  1-100,text,true,,537,129,100,100,http://localhost:7000/randomRequest,1612,0,0
1676157971569,895,HTTP Request,200,,Thread-Gruppe  1-82,text,true,,541,129,100,100,http://localhost:7000/randomRequest,895,0,0
1676157971846,618,HTTP Request,200,,Thread-Gruppe  1-48,text,true,,557,129,100,100,http://localhost:7000/randomRequest,618,0,0
1676157971668,813,HTTP Request,200,,Thread-Gruppe  1-19,text,true,,488,129,100,100,http://localhost:7000/randomRequest,813,0,0
1676157971769,713,HTTP Request,200,,Thread-Gruppe  1-22,text,true,,403,129,100,100,http://localhost:7000/randomRequest,713,0,0
1676157971768,715,HTTP Request,200,,Thread-Gruppe  1-27,text,true,,485,129,100,100,http://localhost:7000/randomRequest,715,0,1
1676157971759,745,HTTP Request,200,,Thread-Gruppe  1-4,text,true,,671,129,100,100,http://localhost:7000/randomRequest,745,0,0
1676157971797,714,HTTP Request,200,,Thread-Gruppe  1-97,text,true,,417,129,100,100,http://localhost:7000/randomRequest,714,0,0
1676157971999,512,HTTP Request,200,,Thread-Gruppe  1-79,text,true,,419,129,100,100,http://localhost:7000/randomRequest,512,0,0
1676157971809,716,HTTP Request,200,,Thread-Gruppe  1-58,text,true,,490,129,100,100,http://localhost:7000/randomRequest,716,0,0
1676157971729,814,HTTP Request,200,,Thread-Gruppe  1-76,text,true,,556,129,100,100,http://localhost:7000/randomRequest,814,0,1
1676157971846,735,HTTP Request,200,,Thread-Gruppe  1-71,text,true,,417,129,100,100,http://localhost:7000/randomRequest,735,0,0
1676157971692,919,HTTP Request,200,,Thread-Gruppe  1-64,text,true,,484,129,100,100,http://localhost:7000/randomRequest,919,0,1
1676157972101,513,HTTP Request,200,,Thread-Gruppe  1-18,text,true,,566,129,100,100,http://localhost:7000/randomRequest,513,0,0
1676157972010,616,HTTP Request,200,,Thread-Gruppe  1-16,text,true,,485,129,100,100,http://localhost:7000/randomRequest,616,0,0
1676157971920,711,HTTP Request,200,,Thread-Gruppe  1-73,text,true,,419,129,100,100,http://localhost:7000/randomRequest,711,0,0
1676157972131,511,HTTP Request,200,,Thread-Gruppe  1-65,text,true,,492,129,100,100,http://localhost:7000/randomRequest,511,0,0
1676157972131,514,HTTP Request,200,,Thread-Gruppe  1-52,text,true,,485,129,100,100,http://localhost:7000/randomRequest,514,0,0
1676157972046,618,HTTP Request,200,,Thread-Gruppe  1-49,text,true,,490,129,100,100,http://localhost:7000/randomRequest,618,0,0
1676157971842,822,HTTP Request,200,,Thread-Gruppe  1-59,text,true,,403,129,100,100,http://localhost:7000/randomRequest,822,0,0
1676157971942,722,HTTP Request,200,,Thread-Gruppe  1-9,text,true,,492,129,100,100,http://localhost:7000/randomRequest,722,0,0
1676157972054,618,HTTP Request,200,,Thread-Gruppe  1-10,text,true,,559,129,100,100,http://localhost:7000/randomRequest,618,0,0
1676157971742,930,HTTP Request,200,,Thread-Gruppe  1-80,text,true,,481,129,100,100,http://localhost:7000/randomRequest,930,0,0
1676157972064,616,HTTP Request,200,,Thread-Gruppe  1-36,text,true,,490,129,100,100,http://localhost:7000/randomRequest,616,0,0
1676157972168,512,HTTP Request,200,,Thread-Gruppe  1-87,text,true,,419,129,100,100,http://localhost:7000/randomRequest,512,0,0
1676157972064,616,HTTP Request,200,,Thread-Gruppe  1-23,text,true,,546,129,100,100,http://localhost:7000/randomRequest,616,0,0
1676157972074,608,HTTP Request,200,,Thread-Gruppe  1-69,text,true,,419,129,100,100,http://localhost:7000/randomRequest,608,0,0
1676157972309,411,HTTP Request,200,,Thread-Gruppe  1-74,text,true,,419,129,100,100,http://localhost:7000/randomRequest,411,0,0
1676157972209,511,HTTP Request,200,,Thread-Gruppe  1-11,text,true,,418,129,100,100,http://localhost:7000/randomRequest,511,0,1
1676157972109,611,HTTP Request,200,,Thread-Gruppe  1-21,text,true,,488,129,100,100,http://localhost:7000/randomRequest,611,0,0
1676157972110,611,HTTP Request,200,,Thread-Gruppe  1-94,text,true,,559,129,100,100,http://localhost:7000/randomRequest,611,0,0
1676157971920,815,HTTP Request,200,,Thread-Gruppe  1-7,text,true,,419,129,100,100,http://localhost:7000/randomRequest,815,0,0
1676157971331,1428,HTTP Request,200,,Thread-Gruppe  1-91,text,true,,541,129,100,100,http://localhost:7000/randomRequest,1428,0,0
1676157971920,847,HTTP Request,200,,Thread-Gruppe  1-72,text,true,,689,129,100,100,http://localhost:7000/randomRequest,847,0,0
1676157972054,714,HTTP Request,200,,Thread-Gruppe  1-29,text,true,,485,129,100,100,http://localhost:7000/randomRequest,714,0,0
1676157972155,620,HTTP Request,200,,Thread-Gruppe  1-96,text,true,,416,129,100,100,http://localhost:7000/randomRequest,620,0,0
1676157972074,708,HTTP Request,200,,Thread-Gruppe  1-78,text,true,,486,129,100,100,http://localhost:7000/randomRequest,708,0,0
1676157972382,410,HTTP Request,200,,Thread-Gruppe  1-70,text,true,,419,129,100,100,http://localhost:7000/randomRequest,410,0,0
1676157971972,829,HTTP Request,200,,Thread-Gruppe  1-88,text,true,,492,129,100,100,http://localhost:7000/randomRequest,829,0,0
1676157972409,412,HTTP Request,200,,Thread-Gruppe  1-33,text,true,,417,129,100,100,http://localhost:7000/randomRequest,412,0,0
1676157972109,712,HTTP Request,200,,Thread-Gruppe  1-89,text,true,,419,129,100,100,http://localhost:7000/randomRequest,712,0,0
1676157972109,712,HTTP Request,200,,Thread-Gruppe  1-62,text,true,,417,129,100,100,http://localhost:7000/randomRequest,712,0,0
1676157972101,720,HTTP Request,200,,Thread-Gruppe  1-90,text,true,,418,129,100,100,http://localhost:7000/randomRequest,720,0,0
1676157972109,712,HTTP Request,200,,Thread-Gruppe  1-31,text,true,,417,129,100,100,http://localhost:7000/randomRequest,712,0,0
1676157972109,720,HTTP Request,200,,Thread-Gruppe  1-85,text,true,,490,129,100,100,http://localhost:7000/randomRequest,720,0,0
1676157972110,720,HTTP Request,200,,Thread-Gruppe  1-41,text,true,,554,129,100,100,http://localhost:7000/randomRequest,720,0,0
1676157972110,722,HTTP Request,200,,Thread-Gruppe  1-38,text,true,,486,129,100,100,http://localhost:7000/randomRequest,722,0,0
1676157972426,412,HTTP Request,200,,Thread-Gruppe  1-57,text,true,,416,129,100,100,http://localhost:7000/randomRequest,412,0,0
1676157971931,928,HTTP Request,200,,Thread-Gruppe  1-67,text,true,,403,129,100,100,http://localhost:7000/randomRequest,928,0,0
1676157972357,515,HTTP Request,200,,Thread-Gruppe  1-63,text,true,,547,129,100,100,http://localhost:7000/randomRequest,515,0,0
1676157971846,1026,HTTP Request,200,,Thread-Gruppe  1-43,text,true,,527,129,100,100,http://localhost:7000/randomRequest,1026,0,0
1676157972251,621,HTTP Request,200,,Thread-Gruppe  1-99,text,true,,492,129,100,100,http://localhost:7000/randomRequest,621,0,1
1676157972074,808,HTTP Request,200,,Thread-Gruppe  1-50,text,true,,492,129,100,100,http://localhost:7000/randomRequest,808,0,0
1676157972377,505,HTTP Request,200,,Thread-Gruppe  1-68,text,true,,546,129,100,100,http://localhost:7000/randomRequest,505,0,1
1676157972389,512,HTTP Request,200,,Thread-Gruppe  1-37,text,true,,548,129,100,100,http://localhost:7000/randomRequest,512,0,0
1676157972176,745,HTTP Request,200,,Thread-Gruppe  1-83,text,true,,417,129,100,100,http://localhost:7000/randomRequest,745,0,1
1676157972101,820,HTTP Request,200,,Thread-Gruppe  1-53,text,true,,492,129,100,100,http://localhost:7000/randomRequest,820,0,0
1676157971999,922,HTTP Request,200,,Thread-Gruppe  1-14,text,true,,549,129,100,100,http://localhost:7000/randomRequest,922,0,0
1676157972414,507,HTTP Request,200,,Thread-Gruppe  1-44,text,true,,551,129,100,100,http://localhost:7000/randomRequest,507,0,0
1676157971895,1026,HTTP Request,200,,Thread-Gruppe  1-45,text,true,,481,129,100,100,http://localhost:7000/randomRequest,1026,0,0
1676157972413,508,HTTP Request,200,,Thread-Gruppe  1-39,text,true,,418,129,100,100,http://localhost:7000/randomRequest,508,0,0
1676157971243,1708,HTTP Request,200,,Thread-Gruppe  1-81,text,true,,541,129,100,100,http://localhost:7000/randomRequest,1708,0,0
1676157972151,837,HTTP Request,200,,Thread-Gruppe  1-32,text,true,,419,129,100,100,http://localhost:7000/randomRequest,837,0,0
1676157971861,1127,HTTP Request,200,,Thread-Gruppe  1-26,text,true,,485,129,100,100,http://localhost:7000/randomRequest,1127,0,0
1676157971972,1033,HTTP Request,200,,Thread-Gruppe  1-56,text,true,,492,129,100,100,http://localhost:7000/randomRequest,1033,0,0
1676157972504,514,HTTP Request,200,,Thread-Gruppe  1-4,text,true,,403,129,100,100,http://localhost:7000/randomRequest,514,0,0
1676157972511,510,HTTP Request,200,,Thread-Gruppe  1-79,text,true,,419,129,100,100,http://localhost:7000/randomRequest,510,0,0
1676157972147,900,HTTP Request,200,,Thread-Gruppe  1-84,text,true,,647,129,100,100,http://localhost:7000/randomRequest,900,0,1
1676157971942,1109,HTTP Request,200,,Thread-Gruppe  1-2,text,true,,647,129,100,100,http://localhost:7000/randomRequest,1109,0,0
1676157972432,619,HTTP Request,200,,Thread-Gruppe  1-25,text,true,,486,129,100,100,http://localhost:7000/randomRequest,619,0,0
1676157972543,519,HTTP Request,200,,Thread-Gruppe  1-76,text,true,,419,129,100,100,http://localhost:7000/randomRequest,519,0,1
1676157972147,932,HTTP Request,200,,Thread-Gruppe  1-17,text,true,,403,129,100,100,http://localhost:7000/randomRequest,932,0,1
1676157972455,624,HTTP Request,200,,Thread-Gruppe  1-100,text,true,,554,129,100,100,http://localhost:7000/randomRequest,624,0,0
1676157972664,415,HTTP Request,200,,Thread-Gruppe  1-59,text,true,,554,129,100,100,http://localhost:7000/randomRequest,415,0,0
1676157972483,618,HTTP Request,200,,Thread-Gruppe  1-27,text,true,,418,129,100,100,http://localhost:7000/randomRequest,618,0,0
1676157972278,841,HTTP Request,200,,Thread-Gruppe  1-8,text,true,,665,129,100,100,http://localhost:7000/randomRequest,841,0,0
1676157972409,710,HTTP Request,200,,Thread-Gruppe  1-34,text,true,,419,129,100,100,http://localhost:7000/randomRequest,710,0,0
1676157972413,711,HTTP Request,200,,Thread-Gruppe  1-35,text,true,,419,129,100,100,http://localhost:7000/randomRequest,711,0,0
1676157972614,510,HTTP Request,200,,Thread-Gruppe  1-18,text,true,,417,129,100,100,http://localhost:7000/randomRequest,510,0,0
1676157972720,412,HTTP Request,200,,Thread-Gruppe  1-21,text,true,,492,129,100,100,http://localhost:7000/randomRequest,412,0,1
1676157972626,512,HTTP Request,200,,Thread-Gruppe  1-16,text,true,,419,129,100,100,http://localhost:7000/randomRequest,512,0,0
1676157972432,719,HTTP Request,200,,Thread-Gruppe  1-40,text,true,,553,129,100,100,http://localhost:7000/randomRequest,719,0,0
1676157972642,520,HTTP Request,200,,Thread-Gruppe  1-65,text,true,,492,129,100,100,http://localhost:7000/randomRequest,520,0,1
1676157972455,728,HTTP Request,200,,Thread-Gruppe  1-98,text,true,,485,129,100,100,http://localhost:7000/randomRequest,728,0,0
1676157972672,512,HTTP Request,200,,Thread-Gruppe  1-80,text,true,,418,129,100,100,http://localhost:7000/randomRequest,512,0,0
1676157972176,1012,HTTP Request,200,,Thread-Gruppe  1-75,text,true,,488,129,100,100,http://localhost:7000/randomRequest,1012,0,1
1676157972481,716,HTTP Request,200,,Thread-Gruppe  1-19,text,true,,418,129,100,100,http://localhost:7000/randomRequest,716,0,0
1676157972680,541,HTTP Request,200,,Thread-Gruppe  1-23,text,true,,417,129,100,100,http://localhost:7000/randomRequest,541,0,1
1676157972482,739,HTTP Request,200,,Thread-Gruppe  1-22,text,true,,417,129,100,100,http://localhost:7000/randomRequest,739,0,0
1676157972525,717,HTTP Request,200,,Thread-Gruppe  1-58,text,true,,547,129,100,100,http://localhost:7000/randomRequest,717,0,1
1676157972131,1134,HTTP Request,200,,Thread-Gruppe  1-66,text,true,,492,129,100,100,http://localhost:7000/randomRequest,1134,0,0
1676157972664,625,HTTP Request,200,,Thread-Gruppe  1-9,text,true,,490,129,100,100,http://localhost:7000/randomRequest,625,0,0
1676157972581,720,HTTP Request,200,,Thread-Gruppe  1-71,text,true,,401,129,100,100,http://localhost:7000/randomRequest,720,0,1
1676157972792,517,HTTP Request,200,,Thread-Gruppe  1-70,text,true,,419,129,100,100,http://localhost:7000/randomRequest,517,0,1
1676157972021,1304,HTTP Request,200,,Thread-Gruppe  1-93,text,true,,537,129,100,100,http://localhost:7000/randomRequest,1304,0,0
1676157972415,914,HTTP Request,200,,Thread-Gruppe  1-1,text,true,,630,129,100,100,http://localhost:7000/randomRequest,914,0,1
1676157972426,903,HTTP Request,200,,Thread-Gruppe  1-12,text,true,,643,129,100,100,http://localhost:7000/randomRequest,903,0,0
1676157972415,914,HTTP Request,200,,Thread-Gruppe  1-51,text,true,,492,129,100,100,http://localhost:7000/randomRequest,914,0,1
1676157972821,521,HTTP Request,200,,Thread-Gruppe  1-33,text,true,,419,129,100,100,http://localhost:7000/randomRequest,521,0,1
1676157972631,728,HTTP Request,200,,Thread-Gruppe  1-73,text,true,,492,129,100,100,http://localhost:7000/randomRequest,728,0,0
1676157972645,722,HTTP Request,200,,Thread-Gruppe  1-52,text,true,,403,129,100,100,http://localhost:7000/randomRequest,722,0,0
1676157972859,510,HTTP Request,200,,Thread-Gruppe  1-67,text,true,,540,129,100,100,http://localhost:7000/randomRequest,510,0,0
1676157972759,610,HTTP Request,200,,Thread-Gruppe  1-91,text,true,,492,129,100,100,http://localhost:7000/randomRequest,610,0,0
1676157972767,625,HTTP Request,200,,Thread-Gruppe  1-72,text,true,,536,129,100,100,http://localhost:7000/randomRequest,625,0,1
1676157972872,520,HTTP Request,200,,Thread-Gruppe  1-63,text,true,,553,129,100,100,http://localhost:7000/randomRequest,520,0,1
1676157972259,1133,HTTP Request,200,,Thread-Gruppe  1-42,text,true,,403,129,100,100,http://localhost:7000/randomRequest,1133,0,1
1676157972988,416,HTTP Request,200,,Thread-Gruppe  1-32,text,true,,488,129,100,100,http://localhost:7000/randomRequest,416,0,1
1676157972921,511,HTTP Request,200,,Thread-Gruppe  1-39,text,true,,572,129,100,100,http://localhost:7000/randomRequest,511,0,1
1676157972921,511,HTTP Request,200,,Thread-Gruppe  1-83,text,true,,559,129,100,100,http://localhost:7000/randomRequest,511,0,1
1676157972611,821,HTTP Request,200,,Thread-Gruppe  1-64,text,true,,555,129,100,100,http://localhost:7000/randomRequest,821,0,1
1676157972439,1022,HTTP Request,200,,Thread-Gruppe  1-5,text,true,,643,129,100,100,http://localhost:7000/randomRequest,1022,0,0
1676157972721,740,HTTP Request,200,,Thread-Gruppe  1-94,text,true,,417,129,100,100,http://localhost:7000/randomRequest,740,0,0
1676157972735,726,HTTP Request,200,,Thread-Gruppe  1-7,text,true,,416,129,100,100,http://localhost:7000/randomRequest,726,0,1
1676157973079,416,HTTP Request,200,,Thread-Gruppe  1-17,text,true,,548,129,100,100,http://localhost:7000/randomRequest,416,0,0
1676157972672,823,HTTP Request,200,,Thread-Gruppe  1-10,text,true,,492,129,100,100,http://localhost:7000/randomRequest,823,0,0
1676157972782,722,HTTP Request,200,,Thread-Gruppe  1-78,text,true,,556,129,100,100,http://localhost:7000/randomRequest,722,0,0
1676157973018,511,HTTP Request,200,,Thread-Gruppe  1-4,text,true,,403,129,100,100,http://localhost:7000/randomRequest,511,0,1
1676157973119,410,HTTP Request,200,,Thread-Gruppe  1-8,text,true,,419,129,100,100,http://localhost:7000/randomRequest,410,0,1
1676157972921,611,HTTP Request,200,,Thread-Gruppe  1-45,text,true,,478,129,100,100,http://localhost:7000/randomRequest,611,0,1
1676157972720,822,HTTP Request,200,,Thread-Gruppe  1-11,text,true,,539,129,100,100,http://localhost:7000/randomRequest,822,0,1
1676157972821,730,HTTP Request,200,,Thread-Gruppe  1-90,text,true,,492,129,100,100,http://localhost:7000/randomRequest,730,0,1
1676157972832,722,HTTP Request,200,,Thread-Gruppe  1-38,text,true,,485,129,100,100,http://localhost:7000/randomRequest,722,0,0
1676157972838,727,HTTP Request,200,,Thread-Gruppe  1-57,text,true,,569,129,100,100,http://localhost:7000/randomRequest,727,0,1
1676157973047,518,HTTP Request,200,,Thread-Gruppe  1-84,text,true,,419,129,100,100,http://localhost:7000/randomRequest,518,0,0
1676157972464,1135,HTTP Request,200,,Thread-Gruppe  1-82,text,true,,537,129,100,100,http://localhost:7000/randomRequest,1135,0,1
1676157973079,520,HTTP Request,200,,Thread-Gruppe  1-59,text,true,,419,129,100,100,http://localhost:7000/randomRequest,520,0,0
1676157943506,30094,HTTP Request,500,,Thread-Gruppe  1-20,text,false,,258,129,100,100,http://localhost:7000/randomRequest,30094,0,1
1676157973183,418,HTTP Request,200,,Thread-Gruppe  1-98,text,true,,553,129,100,100,http://localhost:7000/randomRequest,418,0,1
1676157973189,412,HTTP Request,200,,Thread-Gruppe  1-75,text,true,,555,129,100,100,http://localhost:7000/randomRequest,412,0,0
1676157972901,718,HTTP Request,200,,Thread-Gruppe  1-37,text,true,,418,129,100,100,http://localhost:7000/randomRequest,718,0,1
1676157972680,952,HTTP Request,200,,Thread-Gruppe  1-36,text,true,,678,129,100,100,http://localhost:7000/randomRequest,952,0,1
1676157972720,926,HTTP Request,200,,Thread-Gruppe  1-74,text,true,,488,129,100,100,http://localhost:7000/randomRequest,926,0,1
1676157973139,517,HTTP Request,200,,Thread-Gruppe  1-16,text,true,,550,129,100,100,http://localhost:7000/randomRequest,517,0,0
1676157973051,617,HTTP Request,200,,Thread-Gruppe  1-25,text,true,,419,129,100,100,http://localhost:7000/randomRequest,617,0,0
1676157973359,311,HTTP Request,200,,Thread-Gruppe  1-73,text,true,,415,129,100,100,http://localhost:7000/randomRequest,311,0,0
1676157972511,1190,HTTP Request,200,,Thread-Gruppe  1-97,text,true,,537,129,100,100,http://localhost:7000/randomRequest,1190,0,0
1676157972383,1318,HTTP Request,200,,Thread-Gruppe  1-24,text,true,,537,129,100,100,http://localhost:7000/randomRequest,1318,0,0
1676157972988,721,HTTP Request,200,,Thread-Gruppe  1-26,text,true,,490,129,100,100,http://localhost:7000/randomRequest,721,0,1
1676157972801,922,HTTP Request,200,,Thread-Gruppe  1-88,text,true,,488,129,100,100,http://localhost:7000/randomRequest,922,0,0
1676157973124,609,HTTP Request,200,,Thread-Gruppe  1-35,text,true,,558,129,100,100,http://localhost:7000/randomRequest,609,0,0
1676157973325,408,HTTP Request,200,,Thread-Gruppe  1-93,text,true,,548,129,100,100,http://localhost:7000/randomRequest,408,0,1
1676157972821,939,HTTP Request,200,,Thread-Gruppe  1-89,text,true,,419,129,100,100,http://localhost:7000/randomRequest,939,0,1
1676157972464,1306,HTTP Request,200,,Thread-Gruppe  1-48,text,true,,540,129,100,100,http://localhost:7000/randomRequest,1306,0,1
1676157973151,638,HTTP Request,200,,Thread-Gruppe  1-40,text,true,,559,129,100,100,http://localhost:7000/randomRequest,638,0,0
1676157973392,417,HTTP Request,200,,Thread-Gruppe  1-72,text,true,,555,129,100,100,http://localhost:7000/randomRequest,417,0,0
1676157973504,314,HTTP Request,200,,Thread-Gruppe  1-78,text,true,,572,129,100,100,http://localhost:7000/randomRequest,314,0,0
1676157973101,726,HTTP Request,200,,Thread-Gruppe  1-27,text,true,,492,129,100,100,http://localhost:7000/randomRequest,726,0,0
1676157973309,518,HTTP Request,200,,Thread-Gruppe  1-70,text,true,,419,129,100,100,http://localhost:7000/randomRequest,518,0,0
1676157973005,830,HTTP Request,200,,Thread-Gruppe  1-56,text,true,,488,129,100,100,http://localhost:7000/randomRequest,830,0,0
1676157972921,914,HTTP Request,200,,Thread-Gruppe  1-44,text,true,,554,129,100,100,http://localhost:7000/randomRequest,914,0,1
1676157972921,914,HTTP Request,200,,Thread-Gruppe  1-53,text,true,,2374,129,100,100,http://localhost:7000/randomRequest,914,0,1
1676157973221,614,HTTP Request,200,,Thread-Gruppe  1-22,text,true,,557,129,100,100,http://localhost:7000/randomRequest,614,0,1
1676157973062,792,HTTP Request,200,,Thread-Gruppe  1-76,text,true,,640,129,100,100,http://localhost:7000/randomRequest,792,0,1
1676157972768,1098,HTTP Request,200,,Thread-Gruppe  1-29,text,true,,526,129,100,100,http://localhost:7000/randomRequest,1098,0,0
1676157972775,1130,HTTP Request,200,,Thread-Gruppe  1-96,text,true,,488,129,100,100,http://localhost:7000/randomRequest,1130,0,1
1676157973079,826,HTTP Request,200,,Thread-Gruppe  1-100,text,true,,481,129,100,100,http://localhost:7000/randomRequest,826,0,0
1676157973184,725,HTTP Request,200,,Thread-Gruppe  1-80,text,true,,403,129,100,100,http://localhost:7000/randomRequest,725,0,0
1676157972821,1094,HTTP Request,200,,Thread-Gruppe  1-62,text,true,,647,129,100,100,http://localhost:7000/randomRequest,1094,0,1
1676157972830,1097,HTTP Request,200,,Thread-Gruppe  1-41,text,true,,479,129,100,100,http://localhost:7000/randomRequest,1097,0,1
1676157972821,1106,HTTP Request,200,,Thread-Gruppe  1-31,text,true,,541,129,100,100,http://localhost:7000/randomRequest,1106,0,1
1676157973289,638,HTTP Request,200,,Thread-Gruppe  1-9,text,true,,555,129,100,100,http://localhost:7000/randomRequest,638,0,0
1676157973432,523,HTTP Request,200,,Thread-Gruppe  1-64,text,true,,486,129,100,100,http://localhost:7000/randomRequest,523,0,1
1676157973051,924,HTTP Request,200,,Thread-Gruppe  1-2,text,true,,416,129,100,100,http://localhost:7000/randomRequest,924,0,0
1676157972872,1103,HTTP Request,200,,Thread-Gruppe  1-99,text,true,,633,129,100,100,http://localhost:7000/randomRequest,1103,0,1
1676157972829,1154,HTTP Request,200,,Thread-Gruppe  1-85,text,true,,670,129,100,100,http://localhost:7000/randomRequest,1154,0,0
1676157973392,617,HTTP Request,200,,Thread-Gruppe  1-42,text,true,,492,129,100,100,http://localhost:7000/randomRequest,617,0,0
1676157973197,820,HTTP Request,200,,Thread-Gruppe  1-19,text,true,,481,129,100,100,http://localhost:7000/randomRequest,820,0,1
1676157972882,1146,HTTP Request,200,,Thread-Gruppe  1-50,text,true,,417,129,100,100,http://localhost:7000/randomRequest,1146,0,0
1676157973221,818,HTTP Request,200,,Thread-Gruppe  1-23,text,true,,492,129,100,100,http://localhost:7000/randomRequest,818,0,1
1676157973432,626,HTTP Request,200,,Thread-Gruppe  1-83,text,true,,548,129,100,100,http://localhost:7000/randomRequest,626,0,1
1676157973342,730,HTTP Request,200,,Thread-Gruppe  1-33,text,true,,419,129,100,100,http://localhost:7000/randomRequest,730,0,0
1676157973461,619,HTTP Request,200,,Thread-Gruppe  1-5,text,true,,567,129,100,100,http://localhost:7000/randomRequest,619,0,0
1676157973265,818,HTTP Request,200,,Thread-Gruppe  1-66,text,true,,419,129,100,100,http://localhost:7000/randomRequest,818,0,0
1676157973600,512,HTTP Request,200,,Thread-Gruppe  1-20,text,true,,554,129,100,100,http://localhost:7000/randomRequest,512,0,1
1676157973392,720,HTTP Request,200,,Thread-Gruppe  1-63,text,true,,418,129,100,100,http://localhost:7000/randomRequest,720,0,0
1676157973599,514,HTTP Request,200,,Thread-Gruppe  1-59,text,true,,492,129,100,100,http://localhost:7000/randomRequest,514,0,0
1676157973529,614,HTTP Request,200,,Thread-Gruppe  1-8,text,true,,418,129,100,100,http://localhost:7000/randomRequest,614,0,1
1676157972921,1222,HTTP Request,200,,Thread-Gruppe  1-14,text,true,,419,129,100,100,http://localhost:7000/randomRequest,1222,0,1
1676157973329,822,HTTP Request,200,,Thread-Gruppe  1-51,text,true,,481,129,100,100,http://localhost:7000/randomRequest,822,0,0
1676157973533,621,HTTP Request,200,,Thread-Gruppe  1-45,text,true,,555,129,100,100,http://localhost:7000/randomRequest,621,0,0
1676157973432,731,HTTP Request,200,,Thread-Gruppe  1-39,text,true,,490,129,100,100,http://localhost:7000/randomRequest,731,0,1
1676157973119,1053,HTTP Request,200,,Thread-Gruppe  1-34,text,true,,664,129,100,100,http://localhost:7000/randomRequest,1053,0,1
1676157973370,802,HTTP Request,200,,Thread-Gruppe  1-91,text,true,,647,129,100,100,http://localhost:7000/randomRequest,802,0,0
1676157973461,722,HTTP Request,200,,Thread-Gruppe  1-94,text,true,,488,129,100,100,http://localhost:7000/randomRequest,722,0,0
1676157973701,532,HTTP Request,200,,Thread-Gruppe  1-97,text,true,,417,129,100,100,http://localhost:7000/randomRequest,532,0,0
1676157973620,613,HTTP Request,200,,Thread-Gruppe  1-37,text,true,,418,129,100,100,http://localhost:7000/randomRequest,613,0,0
1676157973733,515,HTTP Request,200,,Thread-Gruppe  1-35,text,true,,490,129,100,100,http://localhost:7000/randomRequest,515,0,0
1676157973542,725,HTTP Request,200,,Thread-Gruppe  1-11,text,true,,485,129,100,100,http://localhost:7000/randomRequest,725,0,0
1676157973551,725,HTTP Request,200,,Thread-Gruppe  1-90,text,true,,559,129,100,100,http://localhost:7000/randomRequest,725,0,0
1676157973565,723,HTTP Request,200,,Thread-Gruppe  1-84,text,true,,492,129,100,100,http://localhost:7000/randomRequest,723,0,1
1676157972664,1624,HTTP Request,200,,Thread-Gruppe  1-49,text,true,,643,129,100,100,http://localhost:7000/randomRequest,1624,0,0
1676157973554,739,HTTP Request,200,,Thread-Gruppe  1-38,text,true,,362,129,100,100,http://localhost:7000/randomRequest,739,0,0
1676157973301,1013,HTTP Request,200,,Thread-Gruppe  1-71,text,true,,643,129,100,100,http://localhost:7000/randomRequest,1013,0,0
1676157973495,823,HTTP Request,200,,Thread-Gruppe  1-17,text,true,,492,129,100,100,http://localhost:7000/randomRequest,823,0,1
1676157973495,823,HTTP Request,200,,Thread-Gruppe  1-10,text,true,,486,129,100,100,http://localhost:7000/randomRequest,823,0,1
1676157944267,30052,HTTP Request,500,,Thread-Gruppe  1-61,text,false,,258,129,100,100,http://localhost:7000/randomRequest,30052,0,1
1676157973404,920,HTTP Request,200,,Thread-Gruppe  1-32,text,true,,490,129,100,100,http://localhost:7000/randomRequest,920,0,0
1676157973927,411,HTTP Request,200,,Thread-Gruppe  1-41,text,true,,418,129,100,100,http://localhost:7000/randomRequest,411,0,1
1676157973021,1330,HTTP Request,200,,Thread-Gruppe  1-79,text,true,,643,129,100,100,http://localhost:7000/randomRequest,1330,0,1
1676157973529,822,HTTP Request,200,,Thread-Gruppe  1-4,text,true,,490,129,100,100,http://localhost:7000/randomRequest,822,0,1
1676157973329,1025,HTTP Request,200,,Thread-Gruppe  1-1,text,true,,403,129,100,100,http://localhost:7000/randomRequest,1025,0,0
1676157973760,620,HTTP Request,200,,Thread-Gruppe  1-89,text,true,,574,129,100,100,http://localhost:7000/randomRequest,620,0,1
1676157973866,514,HTTP Request,200,,Thread-Gruppe  1-29,text,true,,418,129,100,100,http://localhost:7000/randomRequest,514,0,0
1676157973461,928,HTTP Request,200,,Thread-Gruppe  1-7,text,true,,492,129,100,100,http://localhost:7000/randomRequest,928,0,0
1676157972872,1517,HTTP Request,200,,Thread-Gruppe  1-43,text,true,,537,129,100,100,http://localhost:7000/randomRequest,1517,0,1
1676157972680,1723,HTTP Request,200,,Thread-Gruppe  1-87,text,true,,525,129,100,100,http://localhost:7000/randomRequest,1723,0,1
1676157973915,509,HTTP Request,200,,Thread-Gruppe  1-62,text,true,,419,129,100,100,http://localhost:7000/randomRequest,509,0,0
1676157973818,606,HTTP Request,200,,Thread-Gruppe  1-78,text,true,,490,129,100,100,http://localhost:7000/randomRequest,606,0,1
1676157973329,1125,HTTP Request,200,,Thread-Gruppe  1-12,text,true,,492,129,100,100,http://localhost:7000/randomRequest,1125,0,0
1676157973733,721,HTTP Request,200,,Thread-Gruppe  1-93,text,true,,419,129,100,100,http://localhost:7000/randomRequest,721,0,0
1676157973836,618,HTTP Request,200,,Thread-Gruppe  1-56,text,true,,492,129,100,100,http://localhost:7000/randomRequest,618,0,0
1676157973955,515,HTTP Request,200,,Thread-Gruppe  1-64,text,true,,419,129,100,100,http://localhost:7000/randomRequest,515,0,0
1676157973367,1118,HTTP Request,200,,Thread-Gruppe  1-52,text,true,,537,129,100,100,http://localhost:7000/randomRequest,1118,0,1
1676157973668,824,HTTP Request,200,,Thread-Gruppe  1-25,text,true,,492,129,100,100,http://localhost:7000/randomRequest,824,0,0
1676157972951,1546,HTTP Request,200,,Thread-Gruppe  1-81,text,true,,541,129,100,100,http://localhost:7000/randomRequest,1546,0,0
1676157974017,511,HTTP Request,200,,Thread-Gruppe  1-19,text,true,,539,129,100,100,http://localhost:7000/randomRequest,511,0,1
1676157973927,618,HTTP Request,200,,Thread-Gruppe  1-31,text,true,,563,129,100,100,http://localhost:7000/randomRequest,618,0,1
1676157973827,718,HTTP Request,200,,Thread-Gruppe  1-27,text,true,,419,129,100,100,http://localhost:7000/randomRequest,718,0,1
1676157974039,517,HTTP Request,200,,Thread-Gruppe  1-23,text,true,,492,129,100,100,http://localhost:7000/randomRequest,517,0,0
1676157973646,925,HTTP Request,200,,Thread-Gruppe  1-74,text,true,,558,129,100,100,http://localhost:7000/randomRequest,925,0,0
1676157973854,717,HTTP Request,200,,Thread-Gruppe  1-76,text,true,,485,129,100,100,http://localhost:7000/randomRequest,717,0,0
1676157973370,1219,HTTP Request,200,,Thread-Gruppe  1-67,text,true,,541,129,100,100,http://localhost:7000/randomRequest,1219,0,0
1676157973132,1457,HTTP Request,200,,Thread-Gruppe  1-21,text,true,,541,129,100,100,http://localhost:7000/randomRequest,1457,0,1
1676157973601,995,HTTP Request,200,,Thread-Gruppe  1-98,text,true,,633,129,100,100,http://localhost:7000/randomRequest,995,0,0
1676157973242,1359,HTTP Request,200,,Thread-Gruppe  1-58,text,true,,672,129,100,100,http://localhost:7000/randomRequest,1359,0,0
1676157972882,1738,HTTP Request,200,,Thread-Gruppe  1-68,text,true,,527,129,100,100,http://localhost:7000/randomRequest,1738,0,0
1676157973124,1504,HTTP Request,200,,Thread-Gruppe  1-18,text,true,,647,129,100,100,http://localhost:7000/randomRequest,1504,0,0
1676157973809,836,HTTP Request,200,,Thread-Gruppe  1-72,text,true,,417,129,100,100,http://localhost:7000/randomRequest,836,0,0
1676157973836,823,HTTP Request,200,,Thread-Gruppe  1-53,text,true,,419,129,100,100,http://localhost:7000/randomRequest,823,0,0
1676157973836,823,HTTP Request,200,,Thread-Gruppe  1-44,text,true,,403,129,100,100,http://localhost:7000/randomRequest,823,0,0
1676157974058,613,HTTP Request,200,,Thread-Gruppe  1-83,text,true,,419,129,100,100,http://localhost:7000/randomRequest,613,0,0
1676157974172,520,HTTP Request,200,,Thread-Gruppe  1-34,text,true,,401,129,100,100,http://localhost:7000/randomRequest,520,0,1
1676157974072,620,HTTP Request,200,,Thread-Gruppe  1-33,text,true,,550,129,100,100,http://localhost:7000/randomRequest,620,0,0
1676157974080,621,HTTP Request,200,,Thread-Gruppe  1-5,text,true,,419,129,100,100,http://localhost:7000/randomRequest,621,0,1
1676157973975,726,HTTP Request,200,,Thread-Gruppe  1-99,text,true,,490,129,100,100,http://localhost:7000/randomRequest,726,0,1
1676157973671,1030,HTTP Request,200,,Thread-Gruppe  1-73,text,true,,489,129,100,100,http://localhost:7000/randomRequest,1030,0,0
1676157973983,726,HTTP Request,200,,Thread-Gruppe  1-85,text,true,,419,129,100,100,http://localhost:7000/randomRequest,726,0,0
1676157972682,2031,HTTP Request,200,,Thread-Gruppe  1-69,text,true,,538,129,100,100,http://localhost:7000/randomRequest,2031,0,0
1676157973789,929,HTTP Request,200,,Thread-Gruppe  1-40,text,true,,492,129,100,100,http://localhost:7000/randomRequest,929,0,0
1676157973709,1009,HTTP Request,200,,Thread-Gruppe  1-26,text,true,,541,129,100,100,http://localhost:7000/randomRequest,1009,0,0
1676157974009,717,HTTP Request,200,,Thread-Gruppe  1-42,text,true,,419,129,100,100,http://localhost:7000/randomRequest,717,0,1
1676157973724,1026,HTTP Request,200,,Thread-Gruppe  1-88,text,true,,492,129,100,100,http://localhost:7000/randomRequest,1026,0,0
1676157974234,516,HTTP Request,200,,Thread-Gruppe  1-37,text,true,,419,129,100,100,http://localhost:7000/randomRequest,516,0,0
1676157974154,618,HTTP Request,200,,Thread-Gruppe  1-45,text,true,,577,129,100,100,http://localhost:7000/randomRequest,618,0,0
1676157974028,747,HTTP Request,200,,Thread-Gruppe  1-50,text,true,,672,129,100,100,http://localhost:7000/randomRequest,747,0,0
1676157974183,622,HTTP Request,200,,Thread-Gruppe  1-94,text,true,,401,129,100,100,http://localhost:7000/randomRequest,622,0,1
1676157974403,415,HTTP Request,200,,Thread-Gruppe  1-87,text,true,,419,129,100,100,http://localhost:7000/randomRequest,415,0,1
1676157974424,406,HTTP Request,200,,Thread-Gruppe  1-78,text,true,,546,129,100,100,http://localhost:7000/randomRequest,406,0,1
1676157973599,1231,HTTP Request,200,,Thread-Gruppe  1-82,text,true,,492,129,100,100,http://localhost:7000/randomRequest,1231,0,0
1676157973601,1229,HTTP Request,200,,Thread-Gruppe  1-75,text,true,,486,129,100,100,http://localhost:7000/randomRequest,1229,0,0
1676157974324,506,HTTP Request,200,,Thread-Gruppe  1-32,text,true,,418,129,100,100,http://localhost:7000/randomRequest,506,0,0
1676157974319,511,HTTP Request,200,,Thread-Gruppe  1-61,text,true,,550,129,100,100,http://localhost:7000/randomRequest,511,0,0
1676157973927,924,HTTP Request,200,,Thread-Gruppe  1-9,text,true,,556,129,100,100,http://localhost:7000/randomRequest,924,0,1
1676157974151,721,HTTP Request,200,,Thread-Gruppe  1-51,text,true,,574,129,100,100,http://localhost:7000/randomRequest,721,0,0
1676157974163,721,HTTP Request,200,,Thread-Gruppe  1-39,text,true,,492,129,100,100,http://localhost:7000/randomRequest,721,0,0
1676157974389,520,HTTP Request,200,,Thread-Gruppe  1-7,text,true,,418,129,100,100,http://localhost:7000/randomRequest,520,0,0
1676157974289,620,HTTP Request,200,,Thread-Gruppe  1-49,text,true,,418,129,100,100,http://localhost:7000/randomRequest,620,0,0
1676157973632,1291,HTTP Request,200,,Thread-Gruppe  1-36,text,true,,537,129,100,100,http://localhost:7000/randomRequest,1291,0,0
1676157974318,613,HTTP Request,200,,Thread-Gruppe  1-10,text,true,,571,129,100,100,http://localhost:7000/randomRequest,613,0,0
1676157974113,818,HTTP Request,200,,Thread-Gruppe  1-20,text,true,,492,129,100,100,http://localhost:7000/randomRequest,818,0,0
1676157974234,720,HTTP Request,200,,Thread-Gruppe  1-97,text,true,,481,129,100,100,http://localhost:7000/randomRequest,720,0,0
1676157973656,1298,HTTP Request,200,,Thread-Gruppe  1-16,text,true,,633,129,100,100,http://localhost:7000/randomRequest,1298,0,0
1676157973565,1402,HTTP Request,200,,Thread-Gruppe  1-57,text,true,,527,129,100,100,http://localhost:7000/randomRequest,1402,0,1
1676157974470,507,HTTP Request,200,,Thread-Gruppe  1-64,text,true,,555,129,100,100,http://localhost:7000/randomRequest,507,0,1
1676157974571,418,HTTP Request,200,,Thread-Gruppe  1-74,text,true,,403,129,100,100,http://localhost:7000/randomRequest,418,0,0
1676157974268,721,HTTP Request,200,,Thread-Gruppe  1-11,text,true,,565,129,100,100,http://localhost:7000/randomRequest,721,0,0
1676157974289,712,HTTP Request,200,,Thread-Gruppe  1-84,text,true,,495,129,100,100,http://localhost:7000/randomRequest,712,0,0
1676157973771,1249,HTTP Request,200,,Thread-Gruppe  1-48,text,true,,563,129,100,100,http://localhost:7000/randomRequest,1249,0,0
1676157974498,522,HTTP Request,200,,Thread-Gruppe  1-81,text,true,,419,129,100,100,http://localhost:7000/randomRequest,522,0,0
1676157974172,848,HTTP Request,200,,Thread-Gruppe  1-91,text,true,,568,129,100,100,http://localhost:7000/randomRequest,848,0,1
1676157973905,1115,HTTP Request,200,,Thread-Gruppe  1-100,text,true,,537,129,100,100,http://localhost:7000/randomRequest,1115,0,1
1676157974293,727,HTTP Request,200,,Thread-Gruppe  1-38,text,true,,485,129,100,100,http://localhost:7000/randomRequest,727,0,0
1676157973905,1128,HTTP Request,200,,Thread-Gruppe  1-96,text,true,,492,129,100,100,http://localhost:7000/randomRequest,1128,0,1
1676157974351,718,HTTP Request,200,,Thread-Gruppe  1-79,text,true,,485,129,100,100,http://localhost:7000/randomRequest,718,0,0
1676157974143,926,HTTP Request,200,,Thread-Gruppe  1-14,text,true,,490,129,100,100,http://localhost:7000/randomRequest,926,0,1
1676157973827,1255,HTTP Request,200,,Thread-Gruppe  1-70,text,true,,672,129,100,100,http://localhost:7000/randomRequest,1255,0,1
1676157974571,521,HTTP Request,200,,Thread-Gruppe  1-76,text,true,,490,129,100,100,http://localhost:7000/randomRequest,521,0,0
1676157974589,515,HTTP Request,200,,Thread-Gruppe  1-67,text,true,,403,129,100,100,http://localhost:7000/randomRequest,515,0,0
1676157974492,619,HTTP Request,200,,Thread-Gruppe  1-25,text,true,,419,129,100,100,http://localhost:7000/randomRequest,619,0,0
1676157974596,515,HTTP Request,200,,Thread-Gruppe  1-98,text,true,,419,129,100,100,http://localhost:7000/randomRequest,515,0,0
1676157974389,722,HTTP Request,200,,Thread-Gruppe  1-43,text,true,,419,129,100,100,http://localhost:7000/randomRequest,722,0,0
1676157973701,1419,HTTP Request,200,,Thread-Gruppe  1-24,text,true,,527,129,100,100,http://localhost:7000/randomRequest,1419,0,0
1676157974314,824,HTTP Request,200,,Thread-Gruppe  1-71,text,true,,486,129,100,100,http://localhost:7000/randomRequest,824,0,0
1676157974528,641,HTTP Request,200,,Thread-Gruppe  1-19,text,true,,666,129,100,100,http://localhost:7000/randomRequest,641,0,0
1676157974354,817,HTTP Request,200,,Thread-Gruppe  1-1,text,true,,403,129,100,100,http://localhost:7000/randomRequest,817,0,0
1676157974276,929,HTTP Request,200,,Thread-Gruppe  1-90,text,true,,561,129,100,100,http://localhost:7000/randomRequest,929,0,0
1676157974485,720,HTTP Request,200,,Thread-Gruppe  1-52,text,true,,419,129,100,100,http://localhost:7000/randomRequest,720,0,0
1676157973162,2043,HTTP Request,200,,Thread-Gruppe  1-65,text,true,,537,129,100,100,http://localhost:7000/randomRequest,2043,0,0
1676157974701,514,HTTP Request,200,,Thread-Gruppe  1-5,text,true,,419,129,100,100,http://localhost:7000/randomRequest,514,0,0
1676157974084,1131,HTTP Request,200,,Thread-Gruppe  1-66,text,true,,488,129,100,100,http://localhost:7000/randomRequest,1131,0,0
1676157974718,502,HTTP Request,200,,Thread-Gruppe  1-40,text,true,,488,129,100,100,http://localhost:7000/randomRequest,502,0,0
1676157974338,923,HTTP Request,200,,Thread-Gruppe  1-41,text,true,,492,129,100,100,http://localhost:7000/randomRequest,923,0,1
1676157974454,825,HTTP Request,200,,Thread-Gruppe  1-56,text,true,,551,129,100,100,http://localhost:7000/randomRequest,825,0,0
1676157974671,619,HTTP Request,200,,Thread-Gruppe  1-83,text,true,,419,129,100,100,http://localhost:7000/randomRequest,619,0,1
1676157974805,512,HTTP Request,200,,Thread-Gruppe  1-94,text,true,,419,129,100,100,http://localhost:7000/randomRequest,512,0,0
1676157974701,616,HTTP Request,200,,Thread-Gruppe  1-99,text,true,,561,129,100,100,http://localhost:7000/randomRequest,616,0,0
1676157974113,1229,HTTP Request,200,,Thread-Gruppe  1-63,text,true,,492,129,100,100,http://localhost:7000/randomRequest,1229,0,0
1676157974830,512,HTTP Request,200,,Thread-Gruppe  1-61,text,true,,563,129,100,100,http://localhost:7000/randomRequest,512,0,1
1676157974750,616,HTTP Request,200,,Thread-Gruppe  1-88,text,true,,546,129,100,100,http://localhost:7000/randomRequest,616,0,0
1676157974851,521,HTTP Request,200,,Thread-Gruppe  1-9,text,true,,542,129,100,100,http://localhost:7000/randomRequest,521,0,0
1676157974143,1239,HTTP Request,200,,Thread-Gruppe  1-8,text,true,,492,129,100,100,http://localhost:7000/randomRequest,1239,0,1
1676157974659,723,HTTP Request,200,,Thread-Gruppe  1-53,text,true,,488,129,100,100,http://localhost:7000/randomRequest,723,0,0
1676157974380,1012,HTTP Request,200,,Thread-Gruppe  1-89,text,true,,541,129,100,100,http://localhost:7000/randomRequest,1012,0,1
1676157974775,635,HTTP Request,200,,Thread-Gruppe  1-50,text,true,,415,129,100,100,http://localhost:7000/randomRequest,635,0,1
1676157974620,790,HTTP Request,200,,Thread-Gruppe  1-68,text,true,,495,129,100,100,http://localhost:7000/randomRequest,790,0,0
1676157974601,819,HTTP Request,200,,Thread-Gruppe  1-58,text,true,,492,129,100,100,http://localhost:7000/randomRequest,819,0,1
1676157974113,1312,HTTP Request,200,,Thread-Gruppe  1-59,text,true,,640,129,100,100,http://localhost:7000/randomRequest,1312,0,0
1676157974424,1022,HTTP Request,200,,Thread-Gruppe  1-62,text,true,,492,129,100,100,http://localhost:7000/randomRequest,1022,0,0
1676157975139,310,HTTP Request,200,,Thread-Gruppe  1-71,text,true,,401,129,100,100,http://localhost:7000/randomRequest,310,0,0
1676157974545,923,HTTP Request,200,,Thread-Gruppe  1-31,text,true,,490,129,100,100,http://localhost:7000/randomRequest,923,0,0
1676157974454,1033,HTTP Request,200,,Thread-Gruppe  1-12,text,true,,419,129,100,100,http://localhost:7000/randomRequest,1033,0,0
1676157974454,1033,HTTP Request,200,,Thread-Gruppe  1-93,text,true,,490,129,100,100,http://localhost:7000/randomRequest,1033,0,0
1676157974873,622,HTTP Request,200,,Thread-Gruppe  1-51,text,true,,492,129,100,100,http://localhost:7000/randomRequest,622,0,0
1676157974692,819,HTTP Request,200,,Thread-Gruppe  1-34,text,true,,558,129,100,100,http://localhost:7000/randomRequest,819,0,0
1676157974701,823,HTTP Request,200,,Thread-Gruppe  1-73,text,true,,419,129,100,100,http://localhost:7000/randomRequest,823,0,0
1676157974909,616,HTTP Request,200,,Thread-Gruppe  1-7,text,true,,419,129,100,100,http://localhost:7000/randomRequest,616,0,0
1676157974909,616,HTTP Request,200,,Thread-Gruppe  1-49,text,true,,559,129,100,100,http://localhost:7000/randomRequest,616,0,0
1676157974718,812,HTTP Request,200,,Thread-Gruppe  1-26,text,true,,419,129,100,100,http://localhost:7000/randomRequest,812,0,0
1676157973909,1621,HTTP Request,200,,Thread-Gruppe  1-80,text,true,,541,129,100,100,http://localhost:7000/randomRequest,1621,0,0
1676157974709,821,HTTP Request,200,,Thread-Gruppe  1-85,text,true,,418,129,100,100,http://localhost:7000/randomRequest,821,0,0
1676157974750,795,HTTP Request,200,,Thread-Gruppe  1-37,text,true,,644,129,100,100,http://localhost:7000/randomRequest,795,0,0
1676157974830,719,HTTP Request,200,,Thread-Gruppe  1-78,text,true,,418,129,100,100,http://localhost:7000/randomRequest,719,0,1
1676157975034,515,HTTP Request,200,,Thread-Gruppe  1-96,text,true,,419,129,100,100,http://localhost:7000/randomRequest,515,0,0
1676157974318,1231,HTTP Request,200,,Thread-Gruppe  1-17,text,true,,492,129,100,100,http://localhost:7000/randomRequest,1231,0,0
1676157974248,1320,HTTP Request,200,,Thread-Gruppe  1-35,text,true,,527,129,100,100,http://localhost:7000/randomRequest,1320,0,0
1676157974954,614,HTTP Request,200,,Thread-Gruppe  1-16,text,true,,419,129,100,100,http://localhost:7000/randomRequest,614,0,1
1676157975171,421,HTTP Request,200,,Thread-Gruppe  1-1,text,true,,552,129,100,100,http://localhost:7000/randomRequest,421,0,0
1676157975082,517,HTTP Request,200,,Thread-Gruppe  1-70,text,true,,536,129,100,100,http://localhost:7000/randomRequest,517,0,1
1676157975205,411,HTTP Request,200,,Thread-Gruppe  1-65,text,true,,419,129,100,100,http://localhost:7000/randomRequest,411,0,0
1676157975112,517,HTTP Request,200,,Thread-Gruppe  1-25,text,true,,568,129,100,100,http://localhost:7000/randomRequest,517,0,0
1676157974830,822,HTTP Request,200,,Thread-Gruppe  1-32,text,true,,553,129,100,100,http://localhost:7000/randomRequest,822,0,1
1676157975342,314,HTTP Request,200,,Thread-Gruppe  1-63,text,true,,418,129,100,100,http://localhost:7000/randomRequest,314,0,0
1676157974545,1127,HTTP Request,200,,Thread-Gruppe  1-27,text,true,,528,129,100,100,http://localhost:7000/randomRequest,1127,0,0
1676157974968,727,HTTP Request,200,,Thread-Gruppe  1-57,text,true,,560,129,100,100,http://localhost:7000/randomRequest,727,0,0
1676157975290,411,HTTP Request,200,,Thread-Gruppe  1-83,text,true,,548,129,100,100,http://localhost:7000/randomRequest,411,0,0
1676157974818,890,HTTP Request,200,,Thread-Gruppe  1-87,text,true,,647,129,100,100,http://localhost:7000/randomRequest,890,0,0
1676157975205,514,HTTP Request,200,,Thread-Gruppe  1-90,text,true,,403,129,100,100,http://localhost:7000/randomRequest,514,0,0
1676157974923,828,HTTP Request,200,,Thread-Gruppe  1-36,text,true,,548,129,100,100,http://localhost:7000/randomRequest,828,0,0
1676157973836,1916,HTTP Request,200,,Thread-Gruppe  1-22,text,true,,541,129,100,100,http://localhost:7000/randomRequest,1916,0,0
1676157974556,1243,HTTP Request,200,,Thread-Gruppe  1-23,text,true,,485,129,100,100,http://localhost:7000/randomRequest,1243,0,0
1676157975279,520,HTTP Request,200,,Thread-Gruppe  1-56,text,true,,564,129,100,100,http://localhost:7000/randomRequest,520,0,0
1676157974989,810,HTTP Request,200,,Thread-Gruppe  1-11,text,true,,524,129,100,100,http://localhost:7000/randomRequest,810,0,0
1676157974351,1448,HTTP Request,200,,Thread-Gruppe  1-4,text,true,,481,129,100,100,http://localhost:7000/randomRequest,1448,0,0
1676157974772,1029,HTTP Request,200,,Thread-Gruppe  1-45,text,true,,485,129,100,100,http://localhost:7000/randomRequest,1029,0,1
1676157973975,1826,HTTP Request,200,,Thread-Gruppe  1-2,text,true,,541,129,100,100,http://localhost:7000/randomRequest,1826,0,1
1676157974692,1109,HTTP Request,200,,Thread-Gruppe  1-33,text,true,,541,129,100,100,http://localhost:7000/randomRequest,1109,0,0
1676157974884,925,HTTP Request,200,,Thread-Gruppe  1-39,text,true,,554,129,100,100,http://localhost:7000/randomRequest,925,0,1
1676157975020,799,HTTP Request,200,,Thread-Gruppe  1-100,text,true,,540,129,100,100,http://localhost:7000/randomRequest,799,0,0
1676157974931,888,HTTP Request,200,,Thread-Gruppe  1-20,text,true,,643,129,100,100,http://localhost:7000/randomRequest,888,0,0
1676157975105,720,HTTP Request,200,,Thread-Gruppe  1-67,text,true,,419,129,100,100,http://localhost:7000/randomRequest,720,0,0
1676157975318,511,HTTP Request,200,,Thread-Gruppe  1-94,text,true,,488,129,100,100,http://localhost:7000/randomRequest,511,0,0
1676157975318,511,HTTP Request,200,,Thread-Gruppe  1-99,text,true,,553,129,100,100,http://localhost:7000/randomRequest,511,0,0
1676157975112,717,HTTP Request,200,,Thread-Gruppe  1-43,text,true,,540,129,100,100,http://localhost:7000/randomRequest,717,0,0
1676157975215,614,HTTP Request,200,,Thread-Gruppe  1-5,text,true,,492,129,100,100,http://localhost:7000/randomRequest,614,0,0
1676157975020,824,HTTP Request,200,,Thread-Gruppe  1-81,text,true,,485,129,100,100,http://localhost:7000/randomRequest,824,0,0
1676157975120,724,HTTP Request,200,,Thread-Gruppe  1-24,text,true,,403,129,100,100,http://localhost:7000/randomRequest,724,0,0
1676157974830,1022,HTTP Request,200,,Thread-Gruppe  1-75,text,true,,401,129,100,100,http://localhost:7000/randomRequest,1022,0,1
1676157974726,1126,HTTP Request,200,,Thread-Gruppe  1-42,text,true,,403,129,100,100,http://localhost:7000/randomRequest,1126,0,0
1676157975449,412,HTTP Request,200,,Thread-Gruppe  1-71,text,true,,416,129,100,100,http://localhost:7000/randomRequest,412,0,1
1676157975446,415,HTTP Request,200,,Thread-Gruppe  1-62,text,true,,561,129,100,100,http://localhost:7000/randomRequest,415,0,0
1676157974628,1254,HTTP Request,200,,Thread-Gruppe  1-18,text,true,,570,129,100,100,http://localhost:7000/randomRequest,1254,0,0
1676157974645,1237,HTTP Request,200,,Thread-Gruppe  1-72,text,true,,542,129,100,100,http://localhost:7000/randomRequest,1237,0,0
1676157974659,1233,HTTP Request,200,,Thread-Gruppe  1-44,text,true,,565,129,100,100,http://localhost:7000/randomRequest,1233,0,0
1676157975382,519,HTTP Request,200,,Thread-Gruppe  1-8,text,true,,554,129,100,100,http://localhost:7000/randomRequest,519,0,1
1676157974589,1331,HTTP Request,200,,Thread-Gruppe  1-21,text,true,,490,129,100,100,http://localhost:7000/randomRequest,1331,0,0
1676157974713,1207,HTTP Request,200,,Thread-Gruppe  1-69,text,true,,537,129,100,100,http://localhost:7000/randomRequest,1207,0,1
1676157975020,925,HTTP Request,200,,Thread-Gruppe  1-48,text,true,,492,129,100,100,http://localhost:7000/randomRequest,925,0,0
1676157975530,419,HTTP Request,200,,Thread-Gruppe  1-26,text,true,,419,129,100,100,http://localhost:7000/randomRequest,419,0,0
1676157975468,508,HTTP Request,200,,Thread-Gruppe  1-31,text,true,,481,129,100,100,http://localhost:7000/randomRequest,508,0,0
1676157975069,932,HTTP Request,200,,Thread-Gruppe  1-14,text,true,,419,129,100,100,http://localhost:7000/randomRequest,932,0,0
1676157975069,932,HTTP Request,200,,Thread-Gruppe  1-79,text,true,,1023,129,100,100,http://localhost:7000/randomRequest,932,0,0
1676157975392,610,HTTP Request,200,,Thread-Gruppe  1-89,text,true,,419,129,100,100,http://localhost:7000/randomRequest,610,0,0
1676157974989,1023,HTTP Request,200,,Thread-Gruppe  1-74,text,true,,485,129,100,100,http://localhost:7000/randomRequest,1023,0,0
1676157975092,920,HTTP Request,200,,Thread-Gruppe  1-76,text,true,,418,129,100,100,http://localhost:7000/randomRequest,920,0,0
1676157975530,517,HTTP Request,200,,Thread-Gruppe  1-80,text,true,,418,129,100,100,http://localhost:7000/randomRequest,517,0,0
1676157975530,519,HTTP Request,200,,Thread-Gruppe  1-85,text,true,,418,129,100,100,http://localhost:7000/randomRequest,519,0,0
1676157975549,517,HTTP Request,200,,Thread-Gruppe  1-78,text,true,,418,129,100,100,http://localhost:7000/randomRequest,517,0,0
1676157975673,406,HTTP Request,200,,Thread-Gruppe  1-27,text,true,,558,129,100,100,http://localhost:7000/randomRequest,406,0,0
1676157975170,931,HTTP Request,200,,Thread-Gruppe  1-19,text,true,,492,129,100,100,http://localhost:7000/randomRequest,931,0,0
1676157975487,617,HTTP Request,200,,Thread-Gruppe  1-93,text,true,,570,129,100,100,http://localhost:7000/randomRequest,617,0,1
1676157975220,892,HTTP Request,200,,Thread-Gruppe  1-40,text,true,,643,129,100,100,http://localhost:7000/randomRequest,892,0,1
1676157975112,1010,HTTP Request,200,,Thread-Gruppe  1-98,text,true,,537,129,100,100,http://localhost:7000/randomRequest,1010,0,0
1676157975800,322,HTTP Request,200,,Thread-Gruppe  1-56,text,true,,417,129,100,100,http://localhost:7000/randomRequest,322,0,0
1676157974954,1177,HTTP Request,200,,Thread-Gruppe  1-97,text,true,,631,129,100,100,http://localhost:7000/randomRequest,1177,0,1
1676157975526,612,HTTP Request,200,,Thread-Gruppe  1-49,text,true,,492,129,100,100,http://localhost:7000/randomRequest,612,0,0
1676157975629,520,HTTP Request,200,,Thread-Gruppe  1-25,text,true,,418,129,100,100,http://localhost:7000/randomRequest,520,0,0
1676157975425,726,HTTP Request,200,,Thread-Gruppe  1-59,text,true,,418,129,100,100,http://localhost:7000/randomRequest,726,0,0
1676157975366,816,HTTP Request,200,,Thread-Gruppe  1-88,text,true,,490,129,100,100,http://localhost:7000/randomRequest,816,0,0
1676157975372,813,HTTP Request,200,,Thread-Gruppe  1-9,text,true,,492,129,100,100,http://localhost:7000/randomRequest,813,0,1
1676157974978,1218,HTTP Request,200,,Thread-Gruppe  1-64,text,true,,536,129,100,100,http://localhost:7000/randomRequest,1218,0,0
1676157975205,1019,HTTP Request,200,,Thread-Gruppe  1-52,text,true,,367,129,100,100,http://localhost:7000/randomRequest,1019,0,0
1676157975819,407,HTTP Request,200,,Thread-Gruppe  1-100,text,true,,560,129,100,100,http://localhost:7000/randomRequest,407,0,0
1676157975020,1232,HTTP Request,200,,Thread-Gruppe  1-38,text,true,,492,129,100,100,http://localhost:7000/randomRequest,1232,0,0
1676157974931,1326,HTTP Request,200,,Thread-Gruppe  1-10,text,true,,490,129,100,100,http://localhost:7000/randomRequest,1326,0,0
1676157975545,712,HTTP Request,200,,Thread-Gruppe  1-37,text,true,,488,129,100,100,http://localhost:7000/randomRequest,712,0,1
1676157975568,716,HTTP Request,200,,Thread-Gruppe  1-16,text,true,,481,129,100,100,http://localhost:7000/randomRequest,716,0,1
1676157975882,412,HTTP Request,200,,Thread-Gruppe  1-18,text,true,,401,129,100,100,http://localhost:7000/randomRequest,412,0,1
1676157975695,609,HTTP Request,200,,Thread-Gruppe  1-57,text,true,,549,129,100,100,http://localhost:7000/randomRequest,609,0,1
1676157975511,815,HTTP Request,200,,Thread-Gruppe  1-34,text,true,,419,129,100,100,http://localhost:7000/randomRequest,815,0,0
1676157975420,915,HTTP Request,200,,Thread-Gruppe  1-58,text,true,,552,129,100,100,http://localhost:7000/randomRequest,915,0,0
1676157975830,513,HTTP Request,200,,Thread-Gruppe  1-94,text,true,,416,129,100,100,http://localhost:7000/randomRequest,513,0,0
1676157975526,820,HTTP Request,200,,Thread-Gruppe  1-7,text,true,,492,129,100,100,http://localhost:7000/randomRequest,820,0,0
1676157975830,516,HTTP Request,200,,Thread-Gruppe  1-5,text,true,,418,129,100,100,http://localhost:7000/randomRequest,516,0,0
1676157975949,406,HTTP Request,200,,Thread-Gruppe  1-26,text,true,,419,129,100,100,http://localhost:7000/randomRequest,406,0,0
1676157975342,1026,HTTP Request,200,,Thread-Gruppe  1-61,text,true,,538,129,100,100,http://localhost:7000/randomRequest,1026,0,0
1676157975800,605,HTTP Request,200,,Thread-Gruppe  1-4,text,true,,418,129,100,100,http://localhost:7000/randomRequest,605,0,0
1676157975592,813,HTTP Request,200,,Thread-Gruppe  1-1,text,true,,403,129,100,100,http://localhost:7000/randomRequest,813,0,0
1676157975410,1019,HTTP Request,200,,Thread-Gruppe  1-68,text,true,,478,129,100,100,http://localhost:7000/randomRequest,1019,0,1
1676157975261,1195,HTTP Request,200,,Thread-Gruppe  1-41,text,true,,541,129,100,100,http://localhost:7000/randomRequest,1195,0,1
1676157975844,612,HTTP Request,200,,Thread-Gruppe  1-81,text,true,,485,129,100,100,http://localhost:7000/randomRequest,612,0,0
1676157975752,706,HTTP Request,200,,Thread-Gruppe  1-22,text,true,,483,129,100,100,http://localhost:7000/randomRequest,706,0,0
1676157975852,610,HTTP Request,200,,Thread-Gruppe  1-42,text,true,,418,129,100,100,http://localhost:7000/randomRequest,610,0,0
1676157975861,608,HTTP Request,200,,Thread-Gruppe  1-71,text,true,,485,129,100,100,http://localhost:7000/randomRequest,608,0,1
1676157975861,608,HTTP Request,200,,Thread-Gruppe  1-62,text,true,,490,129,100,100,http://localhost:7000/randomRequest,608,0,1
1676157975487,990,HTTP Request,200,,Thread-Gruppe  1-12,text,true,,534,129,100,100,http://localhost:7000/randomRequest,990,0,1
1676157975495,989,HTTP Request,200,,Thread-Gruppe  1-51,text,true,,537,129,100,100,http://localhost:7000/randomRequest,989,0,0
1676157975801,704,HTTP Request,200,,Thread-Gruppe  1-45,text,true,,550,129,100,100,http://localhost:7000/randomRequest,704,0,0
1676157976002,516,HTTP Request,200,,Thread-Gruppe  1-79,text,true,,482,129,100,100,http://localhost:7000/randomRequest,515,0,0
1676157975809,716,HTTP Request,200,,Thread-Gruppe  1-39,text,true,,489,129,100,100,http://localhost:7000/randomRequest,716,0,0
1676157975819,707,HTTP Request,200,,Thread-Gruppe  1-20,text,true,,492,129,100,100,http://localhost:7000/randomRequest,707,0,1
1676157975549,1020,HTTP Request,200,,Thread-Gruppe  1-17,text,true,,403,129,100,100,http://localhost:7000/randomRequest,1020,0,0
1676157975410,1192,HTTP Request,200,,Thread-Gruppe  1-50,text,true,,526,129,100,100,http://localhost:7000/randomRequest,1192,0,1
1676157975882,721,HTTP Request,200,,Thread-Gruppe  1-72,text,true,,548,129,100,100,http://localhost:7000/randomRequest,721,0,1
1676157975616,989,HTTP Request,200,,Thread-Gruppe  1-65,text,true,,631,129,100,100,http://localhost:7000/randomRequest,989,0,0
1676157975709,916,HTTP Request,200,,Thread-Gruppe  1-87,text,true,,492,129,100,100,http://localhost:7000/randomRequest,916,0,0
1676157976012,613,HTTP Request,200,,Thread-Gruppe  1-76,text,true,,403,129,100,100,http://localhost:7000/randomRequest,613,0,0
1676157975549,1080,HTTP Request,200,,Thread-Gruppe  1-96,text,true,,527,129,100,100,http://localhost:7000/randomRequest,1080,0,0
1676157976122,513,HTTP Request,200,,Thread-Gruppe  1-56,text,true,,492,129,100,100,http://localhost:7000/randomRequest,513,0,1
1676157975720,915,HTTP Request,200,,Thread-Gruppe  1-90,text,true,,554,129,100,100,http://localhost:7000/randomRequest,915,0,0
1676157975830,824,HTTP Request,200,,Thread-Gruppe  1-99,text,true,,417,129,100,100,http://localhost:7000/randomRequest,824,0,0
1676157975656,1013,HTTP Request,200,,Thread-Gruppe  1-63,text,true,,419,129,100,100,http://localhost:7000/randomRequest,1013,0,0
1676157976257,412,HTTP Request,200,,Thread-Gruppe  1-10,text,true,,570,129,100,100,http://localhost:7000/randomRequest,412,0,0
1676157975568,1124,HTTP Request,200,,Thread-Gruppe  1-35,text,true,,403,129,100,100,http://localhost:7000/randomRequest,1124,0,1
1676157975801,904,HTTP Request,200,,Thread-Gruppe  1-2,text,true,,537,129,100,100,http://localhost:7000/randomRequest,904,0,0
1676157976002,723,HTTP Request,200,,Thread-Gruppe  1-89,text,true,,419,129,100,100,http://localhost:7000/randomRequest,723,0,0
1676157976122,616,HTTP Request,200,,Thread-Gruppe  1-98,text,true,,550,129,100,100,http://localhost:7000/randomRequest,616,0,0
1676157975524,1233,HTTP Request,200,,Thread-Gruppe  1-73,text,true,,492,129,100,100,http://localhost:7000/randomRequest,1233,0,0
1676157975844,922,HTTP Request,200,,Thread-Gruppe  1-24,text,true,,483,129,100,100,http://localhost:7000/randomRequest,922,0,0
1676157976458,308,HTTP Request,200,,Thread-Gruppe  1-22,text,true,,419,129,100,100,http://localhost:7000/randomRequest,308,0,0
1676157975652,1114,HTTP Request,200,,Thread-Gruppe  1-32,text,true,,643,129,100,100,http://localhost:7000/randomRequest,1114,0,0
1676157976066,703,HTTP Request,200,,Thread-Gruppe  1-78,text,true,,419,129,100,100,http://localhost:7000/randomRequest,703,0,0
1676157975852,917,HTTP Request,200,,Thread-Gruppe  1-75,text,true,,566,129,100,100,http://localhost:7000/randomRequest,917,0,0
1676157976001,809,HTTP Request,200,,Thread-Gruppe  1-14,text,true,,560,129,100,100,http://localhost:7000/randomRequest,809,0,1
1676157975902,917,HTTP Request,200,,Thread-Gruppe  1-8,text,true,,555,129,100,100,http://localhost:7000/randomRequest,917,0,0
1676157976104,715,HTTP Request,200,,Thread-Gruppe  1-93,text,true,,419,129,100,100,http://localhost:7000/randomRequest,715,0,0
1676157976131,698,HTTP Request,200,,Thread-Gruppe  1-97,text,true,,495,129,100,100,http://localhost:7000/randomRequest,698,0,1
1676157975020,1809,HTTP Request,200,,Thread-Gruppe  1-91,text,true,,527,129,100,100,http://localhost:7000/randomRequest,1809,0,0
1676157975920,909,HTTP Request,200,,Thread-Gruppe  1-69,text,true,,417,129,100,100,http://localhost:7000/randomRequest,909,0,0
1676157976326,509,HTTP Request,200,,Thread-Gruppe  1-34,text,true,,416,129,100,100,http://localhost:7000/randomRequest,509,0,0
1676157976101,734,HTTP Request,200,,Thread-Gruppe  1-19,text,true,,417,129,100,100,http://localhost:7000/randomRequest,734,0,1
1676157975920,922,HTTP Request,200,,Thread-Gruppe  1-21,text,true,,419,129,100,100,http://localhost:7000/randomRequest,922,0,0
1676157976346,513,HTTP Request,200,,Thread-Gruppe  1-7,text,true,,492,129,100,100,http://localhost:7000/randomRequest,513,0,0
1676157976139,720,HTTP Request,200,,Thread-Gruppe  1-49,text,true,,418,129,100,100,http://localhost:7000/randomRequest,720,0,0
1676157976149,719,HTTP Request,200,,Thread-Gruppe  1-25,text,true,,553,129,100,100,http://localhost:7000/randomRequest,719,0,0
1676157975945,923,HTTP Request,200,,Thread-Gruppe  1-48,text,true,,492,129,100,100,http://localhost:7000/randomRequest,923,0,0
1676157975382,1492,HTTP Request,200,,Thread-Gruppe  1-53,text,true,,541,129,100,100,http://localhost:7000/randomRequest,1492,0,1
1676157976369,507,HTTP Request,200,,Thread-Gruppe  1-61,text,true,,418,129,100,100,http://localhost:7000/randomRequest,507,0,0
1676157976079,815,HTTP Request,200,,Thread-Gruppe  1-27,text,true,,1518,129,100,100,http://localhost:7000/randomRequest,815,0,0
1676157976185,717,HTTP Request,200,,Thread-Gruppe  1-9,text,true,,558,129,100,100,http://localhost:7000/randomRequest,717,0,0
1676157975800,1109,HTTP Request,200,,Thread-Gruppe  1-11,text,true,,1696,129,100,100,http://localhost:7000/randomRequest,1109,0,0
1676157976405,505,HTTP Request,200,,Thread-Gruppe  1-4,text,true,,554,129,100,100,http://localhost:7000/randomRequest,505,0,0
1676157976304,606,HTTP Request,200,,Thread-Gruppe  1-57,text,true,,490,129,100,100,http://localhost:7000/randomRequest,606,0,1
1676157946870,30039,HTTP Request,500,,Thread-Gruppe  1-28,text,false,,258,129,100,100,http://localhost:7000/randomRequest,30039,0,0
1676157976343,616,HTTP Request,200,,Thread-Gruppe  1-94,text,true,,418,129,100,100,http://localhost:7000/randomRequest,616,0,0
1676157974830,2141,HTTP Request,200,,Thread-Gruppe  1-82,text,true,,540,129,100,100,http://localhost:7000/randomRequest,2141,0,1
1676157975751,1225,HTTP Request,200,,Thread-Gruppe  1-36,text,true,,403,129,100,100,http://localhost:7000/randomRequest,1225,0,0
1676157976469,508,HTTP Request,200,,Thread-Gruppe  1-62,text,true,,488,129,100,100,http://localhost:7000/randomRequest,508,0,0
1676157976484,509,HTTP Request,200,,Thread-Gruppe  1-51,text,true,,492,129,100,100,http://localhost:7000/randomRequest,509,0,1
1676157976196,809,HTTP Request,200,,Thread-Gruppe  1-64,text,true,,544,129,100,100,http://localhost:7000/randomRequest,809,0,1
1676157975701,1308,HTTP Request,200,,Thread-Gruppe  1-83,text,true,,492,129,100,100,http://localhost:7000/randomRequest,1308,0,0
1676157976405,608,HTTP Request,200,,Thread-Gruppe  1-1,text,true,,417,129,100,100,http://localhost:7000/randomRequest,608,0,0
1676157975826,1197,HTTP Request,200,,Thread-Gruppe  1-67,text,true,,526,129,100,100,http://localhost:7000/randomRequest,1197,0,0
1676157976112,920,HTTP Request,200,,Thread-Gruppe  1-40,text,true,,483,129,100,100,http://localhost:7000/randomRequest,920,0,0
1676157976518,514,HTTP Request,200,,Thread-Gruppe  1-79,text,true,,489,129,100,100,http://localhost:7000/randomRequest,514,0,0
1676157976525,532,HTTP Request,200,,Thread-Gruppe  1-39,text,true,,554,129,100,100,http://localhost:7000/randomRequest,532,0,0
1676157976226,831,HTTP Request,200,,Thread-Gruppe  1-100,text,true,,481,129,100,100,http://localhost:7000/randomRequest,831,0,0
1676157975001,2056,HTTP Request,200,,Thread-Gruppe  1-84,text,true,,485,129,100,100,http://localhost:7000/randomRequest,2056,0,0
1676157976151,906,HTTP Request,200,,Thread-Gruppe  1-59,text,true,,535,129,100,100,http://localhost:7000/randomRequest,906,0,1
1676157976635,422,HTTP Request,200,,Thread-Gruppe  1-90,text,true,,419,129,100,100,http://localhost:7000/randomRequest,422,0,0
1676157976429,630,HTTP Request,200,,Thread-Gruppe  1-68,text,true,,415,129,100,100,http://localhost:7000/randomRequest,630,0,0
1676157976356,715,HTTP Request,200,,Thread-Gruppe  1-26,text,true,,419,129,100,100,http://localhost:7000/randomRequest,715,0,0
1676157976456,615,HTTP Request,200,,Thread-Gruppe  1-81,text,true,,492,129,100,100,http://localhost:7000/randomRequest,615,0,0
1676157976294,802,HTTP Request,200,,Thread-Gruppe  1-18,text,true,,495,129,100,100,http://localhost:7000/randomRequest,802,0,1
1676157976477,619,HTTP Request,200,,Thread-Gruppe  1-12,text,true,,419,129,100,100,http://localhost:7000/randomRequest,619,0,1
1676157976462,641,HTTP Request,200,,Thread-Gruppe  1-42,text,true,,554,129,100,100,http://localhost:7000/randomRequest,641,0,0
1676157976182,938,HTTP Request,200,,Thread-Gruppe  1-88,text,true,,582,129,100,100,http://localhost:7000/randomRequest,938,0,0
1676157976625,511,HTTP Request,200,,Thread-Gruppe  1-76,text,true,,554,129,100,100,http://localhost:7000/randomRequest,511,0,1
1676157947093,30044,HTTP Request,500,,Thread-Gruppe  1-30,text,false,,258,129,100,100,http://localhost:7000/randomRequest,30044,0,1
1676157976629,510,HTTP Request,200,,Thread-Gruppe  1-96,text,true,,560,129,100,100,http://localhost:7000/randomRequest,510,0,0
1676157976456,719,HTTP Request,200,,Thread-Gruppe  1-41,text,true,,481,129,100,100,http://localhost:7000/randomRequest,719,0,0
1676157976257,925,HTTP Request,200,,Thread-Gruppe  1-37,text,true,,492,129,100,100,http://localhost:7000/randomRequest,925,0,0
1676157976669,518,HTTP Request,200,,Thread-Gruppe  1-63,text,true,,419,129,100,100,http://localhost:7000/randomRequest,518,0,0
1676157976669,518,HTTP Request,200,,Thread-Gruppe  1-10,text,true,,561,129,100,100,http://localhost:7000/randomRequest,518,0,0
1676157976469,719,HTTP Request,200,,Thread-Gruppe  1-71,text,true,,419,129,100,100,http://localhost:7000/randomRequest,719,0,0
1676157976346,842,HTTP Request,200,,Thread-Gruppe  1-5,text,true,,556,129,100,100,http://localhost:7000/randomRequest,842,0,0
1676157976505,715,HTTP Request,200,,Thread-Gruppe  1-45,text,true,,556,129,100,100,http://localhost:7000/randomRequest,715,0,0
1676157976605,615,HTTP Request,200,,Thread-Gruppe  1-65,text,true,,402,129,100,100,http://localhost:7000/randomRequest,615,0,0
1676157976819,414,HTTP Request,200,,Thread-Gruppe  1-8,text,true,,418,129,100,100,http://localhost:7000/randomRequest,414,0,0
1676157976252,1017,HTTP Request,200,,Thread-Gruppe  1-38,text,true,,488,129,100,100,http://localhost:7000/randomRequest,1017,0,0
1676157976705,618,HTTP Request,200,,Thread-Gruppe  1-2,text,true,,481,129,100,100,http://localhost:7000/randomRequest,618,0,0
1676157976829,515,HTTP Request,200,,Thread-Gruppe  1-91,text,true,,419,129,100,100,http://localhost:7000/randomRequest,515,0,0
1676157976739,620,HTTP Request,200,,Thread-Gruppe  1-98,text,true,,485,129,100,100,http://localhost:7000/randomRequest,620,0,0
1676157976859,510,HTTP Request,200,,Thread-Gruppe  1-7,text,true,,419,129,100,100,http://localhost:7000/randomRequest,510,0,0
1676157976758,611,HTTP Request,200,,Thread-Gruppe  1-73,text,true,,552,129,100,100,http://localhost:7000/randomRequest,611,0,0
1676157976654,715,HTTP Request,200,,Thread-Gruppe  1-99,text,true,,492,129,100,100,http://localhost:7000/randomRequest,715,0,0
1676157976284,1107,HTTP Request,200,,Thread-Gruppe  1-16,text,true,,643,129,100,100,http://localhost:7000/randomRequest,1107,0,1
1676157976569,824,HTTP Request,200,,Thread-Gruppe  1-17,text,true,,418,129,100,100,http://localhost:7000/randomRequest,824,0,0
1676157976692,717,HTTP Request,200,,Thread-Gruppe  1-35,text,true,,566,129,100,100,http://localhost:7000/randomRequest,717,0,0
1676157976012,1397,HTTP Request,200,,Thread-Gruppe  1-74,text,true,,536,129,100,100,http://localhost:7000/randomRequest,1397,0,0
1676157976603,810,HTTP Request,200,,Thread-Gruppe  1-50,text,true,,419,129,100,100,http://localhost:7000/randomRequest,810,0,0
1676157976603,810,HTTP Request,200,,Thread-Gruppe  1-72,text,true,,484,129,100,100,http://localhost:7000/randomRequest,810,0,0
1676157976910,515,HTTP Request,200,,Thread-Gruppe  1-28,text,true,,417,129,100,100,http://localhost:7000/randomRequest,515,0,1
1676157975801,1628,HTTP Request,200,,Thread-Gruppe  1-33,text,true,,537,129,100,100,http://localhost:7000/randomRequest,1628,0,0
1676157976829,618,HTTP Request,200,,Thread-Gruppe  1-69,text,true,,416,129,100,100,http://localhost:7000/randomRequest,618,0,0
1676157976725,722,HTTP Request,200,,Thread-Gruppe  1-89,text,true,,492,129,100,100,http://localhost:7000/randomRequest,722,0,0
1676157976625,822,HTTP Request,200,,Thread-Gruppe  1-87,text,true,,492,129,100,100,http://localhost:7000/randomRequest,822,0,1
1676157976635,820,HTTP Request,200,,Thread-Gruppe  1-56,text,true,,530,129,100,100,http://localhost:7000/randomRequest,820,0,0
1676157975830,1642,HTTP Request,200,,Thread-Gruppe  1-43,text,true,,537,129,100,100,http://localhost:7000/randomRequest,1642,0,0
1676157976766,717,HTTP Request,200,,Thread-Gruppe  1-22,text,true,,551,129,100,100,http://localhost:7000/randomRequest,717,0,0
1676157976859,644,HTTP Request,200,,Thread-Gruppe  1-49,text,true,,554,129,100,100,http://localhost:7000/randomRequest,643,0,0
1676157976993,518,HTTP Request,200,,Thread-Gruppe  1-51,text,true,,492,129,100,100,http://localhost:7000/randomRequest,518,0,0
1676157976874,637,HTTP Request,200,,Thread-Gruppe  1-53,text,true,,559,129,100,100,http://localhost:7000/randomRequest,637,0,0
1676157976894,617,HTTP Request,200,,Thread-Gruppe  1-27,text,true,,482,129,100,100,http://localhost:7000/randomRequest,617,0,0
1676157976526,991,HTTP Request,200,,Thread-Gruppe  1-20,text,true,,541,129,100,100,http://localhost:7000/randomRequest,991,0,0
1676157976224,1293,HTTP Request,200,,Thread-Gruppe  1-52,text,true,,537,129,100,100,http://localhost:7000/randomRequest,1293,0,1
1676157976909,619,HTTP Request,200,,Thread-Gruppe  1-11,text,true,,492,129,100,100,http://localhost:7000/randomRequest,619,0,0
1676157977023,513,HTTP Request,200,,Thread-Gruppe  1-67,text,true,,419,129,100,100,http://localhost:7000/randomRequest,513,0,1
1676157976835,716,HTTP Request,200,,Thread-Gruppe  1-19,text,true,,555,129,100,100,http://localhost:7000/randomRequest,716,0,1
1676157976835,716,HTTP Request,200,,Thread-Gruppe  1-34,text,true,,558,129,100,100,http://localhost:7000/randomRequest,716,0,1
1676157977057,514,HTTP Request,200,,Thread-Gruppe  1-39,text,true,,492,129,100,100,http://localhost:7000/randomRequest,514,0,0
1676157976977,625,HTTP Request,200,,Thread-Gruppe  1-62,text,true,,417,129,100,100,http://localhost:7000/randomRequest,625,0,0
1676157976769,833,HTTP Request,200,,Thread-Gruppe  1-78,text,true,,490,129,100,100,http://localhost:7000/randomRequest,833,0,1
1676157976868,744,HTTP Request,200,,Thread-Gruppe  1-25,text,true,,559,129,100,100,http://localhost:7000/randomRequest,744,0,1
1676157975599,2022,HTTP Request,200,,Thread-Gruppe  1-70,text,true,,527,129,100,100,http://localhost:7000/randomRequest,2022,0,0
1676157977009,620,HTTP Request,200,,Thread-Gruppe  1-83,text,true,,482,129,100,100,http://localhost:7000/randomRequest,620,0,0
1676157977032,620,HTTP Request,200,,Thread-Gruppe  1-40,text,true,,488,129,100,100,http://localhost:7000/randomRequest,619,0,1
1676157976829,825,HTTP Request,200,,Thread-Gruppe  1-97,text,true,,492,129,100,100,http://localhost:7000/randomRequest,825,0,0
1676157975892,1825,HTTP Request,200,,Thread-Gruppe  1-44,text,true,,541,129,100,100,http://localhost:7000/randomRequest,1825,0,0
1676157977220,513,HTTP Request,200,,Thread-Gruppe  1-45,text,true,,419,129,100,100,http://localhost:7000/randomRequest,513,0,0
1676157976810,923,HTTP Request,200,,Thread-Gruppe  1-14,text,true,,419,129,100,100,http://localhost:7000/randomRequest,923,0,1
1676157976047,1712,HTTP Request,200,,Thread-Gruppe  1-80,text,true,,647,129,100,100,http://localhost:7000/randomRequest,1712,0,0
1676157976766,993,HTTP Request,200,,Thread-Gruppe  1-32,text,true,,641,129,100,100,http://localhost:7000/randomRequest,993,0,0
1676157977359,412,HTTP Request,200,,Thread-Gruppe  1-98,text,true,,483,129,100,100,http://localhost:7000/randomRequest,412,0,0
1676157976335,1436,HTTP Request,200,,Thread-Gruppe  1-58,text,true,,490,129,100,100,http://localhost:7000/randomRequest,1436,0,1
1676157977057,720,HTTP Request,200,,Thread-Gruppe  1-100,text,true,,492,129,100,100,http://localhost:7000/randomRequest,720,0,0
1676157976959,822,HTTP Request,200,,Thread-Gruppe  1-94,text,true,,485,129,100,100,http://localhost:7000/randomRequest,822,0,1
1676157976868,920,HTTP Request,200,,Thread-Gruppe  1-48,text,true,,488,129,100,100,http://localhost:7000/randomRequest,920,0,1
1676157976910,894,HTTP Request,200,,Thread-Gruppe  1-4,text,true,,643,129,100,100,http://localhost:7000/randomRequest,894,0,1
1676157976769,1035,HTTP Request,200,,Thread-Gruppe  1-75,text,true,,643,129,100,100,http://localhost:7000/randomRequest,1035,0,1
1676157977136,683,HTTP Request,200,,Thread-Gruppe  1-76,text,true,,481,129,100,100,http://localhost:7000/randomRequest,683,0,0
1676157977103,716,HTTP Request,200,,Thread-Gruppe  1-42,text,true,,485,129,100,100,http://localhost:7000/randomRequest,716,0,0
1676157977071,750,HTTP Request,200,,Thread-Gruppe  1-81,text,true,,571,129,100,100,http://localhost:7000/randomRequest,750,0,0
1676157977413,412,HTTP Request,200,,Thread-Gruppe  1-50,text,true,,548,129,100,100,http://localhost:7000/randomRequest,412,0,0
1676157977425,409,HTTP Request,200,,Thread-Gruppe  1-28,text,true,,550,129,100,100,http://localhost:7000/randomRequest,409,0,1
1676157976910,924,HTTP Request,200,,Thread-Gruppe  1-57,text,true,,418,129,100,100,http://localhost:7000/randomRequest,924,0,1
1676157977233,622,HTTP Request,200,,Thread-Gruppe  1-8,text,true,,419,129,100,100,http://localhost:7000/randomRequest,622,0,0
1676157976842,1025,HTTP Request,200,,Thread-Gruppe  1-21,text,true,,527,129,100,100,http://localhost:7000/randomRequest,1025,0,0
1676157977472,411,HTTP Request,200,,Thread-Gruppe  1-43,text,true,,492,129,100,100,http://localhost:7000/randomRequest,411,0,1
1676157977370,518,HTTP Request,200,,Thread-Gruppe  1-7,text,true,,416,129,100,100,http://localhost:7000/randomRequest,518,0,0
1676157977370,518,HTTP Request,200,,Thread-Gruppe  1-73,text,true,,419,129,100,100,http://localhost:7000/randomRequest,518,0,0
1676157977370,518,HTTP Request,200,,Thread-Gruppe  1-99,text,true,,551,129,100,100,http://localhost:7000/randomRequest,518,0,0
1676157977175,717,HTTP Request,200,,Thread-Gruppe  1-41,text,true,,419,129,100,100,http://localhost:7000/randomRequest,717,0,1
1676157975976,1919,HTTP Request,200,,Thread-Gruppe  1-31,text,true,,527,129,100,100,http://localhost:7000/randomRequest,1919,0,0
1676157977503,405,HTTP Request,200,,Thread-Gruppe  1-49,text,true,,419,129,100,100,http://localhost:7000/randomRequest,405,0,0
1676157977517,408,HTTP Request,200,,Thread-Gruppe  1-20,text,true,,419,129,100,100,http://localhost:7000/randomRequest,408,0,1
1676157977409,516,HTTP Request,200,,Thread-Gruppe  1-74,text,true,,547,129,100,100,http://localhost:7000/randomRequest,516,0,0
1676157977512,413,HTTP Request,200,,Thread-Gruppe  1-53,text,true,,416,129,100,100,http://localhost:7000/randomRequest,413,0,0
1676157977455,513,HTTP Request,200,,Thread-Gruppe  1-56,text,true,,419,129,100,100,http://localhost:7000/randomRequest,513,0,0
1676157977393,616,HTTP Request,200,,Thread-Gruppe  1-17,text,true,,478,129,100,100,http://localhost:7000/randomRequest,616,0,0
1676157977183,827,HTTP Request,200,,Thread-Gruppe  1-37,text,true,,492,129,100,100,http://localhost:7000/randomRequest,827,0,0
1676157977096,924,HTTP Request,200,,Thread-Gruppe  1-12,text,true,,559,129,100,100,http://localhost:7000/randomRequest,924,0,0
1676157975800,2220,HTTP Request,200,,Thread-Gruppe  1-23,text,true,,525,129,100,100,http://localhost:7000/randomRequest,2220,0,0
1676157977512,515,HTTP Request,200,,Thread-Gruppe  1-51,text,true,,403,129,100,100,http://localhost:7000/randomRequest,515,0,0
1676157977344,694,HTTP Request,200,,Thread-Gruppe  1-91,text,true,,643,129,100,100,http://localhost:7000/randomRequest,694,0,0
1676157977323,716,HTTP Request,200,,Thread-Gruppe  1-2,text,true,,419,129,100,100,http://localhost:7000/randomRequest,716,0,1
1676157977429,613,HTTP Request,200,,Thread-Gruppe  1-33,text,true,,1378,129,100,100,http://localhost:7000/randomRequest,613,0,0
1676157977057,1028,HTTP Request,200,,Thread-Gruppe  1-59,text,true,,555,129,100,100,http://localhost:7000/randomRequest,1028,0,0
1676157977603,509,HTTP Request,200,,Thread-Gruppe  1-62,text,true,,419,129,100,100,http://localhost:7000/randomRequest,509,0,0
1676157977603,509,HTTP Request,200,,Thread-Gruppe  1-78,text,true,,492,129,100,100,http://localhost:7000/randomRequest,509,0,0
1676157977612,508,HTTP Request,200,,Thread-Gruppe  1-25,text,true,,563,129,100,100,http://localhost:7000/randomRequest,508,0,0
1676157977096,1024,HTTP Request,200,,Thread-Gruppe  1-18,text,true,,492,129,100,100,http://localhost:7000/randomRequest,1024,0,0
1676157977032,1095,HTTP Request,200,,Thread-Gruppe  1-79,text,true,,537,129,100,100,http://localhost:7000/randomRequest,1095,0,1
1676157977005,1122,HTTP Request,200,,Thread-Gruppe  1-64,text,true,,479,129,100,100,http://localhost:7000/randomRequest,1122,0,0
1676157976903,1224,HTTP Request,200,,Thread-Gruppe  1-9,text,true,,492,129,100,100,http://localhost:7000/randomRequest,1224,0,0
1676157977447,721,HTTP Request,200,,Thread-Gruppe  1-69,text,true,,492,129,100,100,http://localhost:7000/randomRequest,721,0,0
1676157976976,1207,HTTP Request,200,,Thread-Gruppe  1-36,text,true,,541,129,100,100,http://localhost:7000/randomRequest,1207,0,0
1676157977057,1132,HTTP Request,200,,Thread-Gruppe  1-90,text,true,,492,129,100,100,http://localhost:7000/randomRequest,1132,0,0
1676157977269,928,HTTP Request,200,,Thread-Gruppe  1-38,text,true,,492,129,100,100,http://localhost:7000/randomRequest,928,0,0
1676157977483,721,HTTP Request,200,,Thread-Gruppe  1-22,text,true,,416,129,100,100,http://localhost:7000/randomRequest,721,0,0
1676157977391,817,HTTP Request,200,,Thread-Gruppe  1-16,text,true,,551,129,100,100,http://localhost:7000/randomRequest,817,0,1
1676157977512,717,HTTP Request,200,,Thread-Gruppe  1-27,text,true,,419,129,100,100,http://localhost:7000/randomRequest,717,0,0
1676157977120,1125,HTTP Request,200,,Thread-Gruppe  1-88,text,true,,492,129,100,100,http://localhost:7000/randomRequest,1125,0,1
1676157977013,1232,HTTP Request,200,,Thread-Gruppe  1-1,text,true,,536,129,100,100,http://localhost:7000/randomRequest,1232,0,0
1676157977220,1025,HTTP Request,200,,Thread-Gruppe  1-65,text,true,,488,129,100,100,http://localhost:7000/randomRequest,1025,0,0
1676157977654,616,HTTP Request,200,,Thread-Gruppe  1-97,text,true,,565,129,100,100,http://localhost:7000/randomRequest,616,0,0
1676157977788,513,HTTP Request,200,,Thread-Gruppe  1-48,text,true,,417,129,100,100,http://localhost:7000/randomRequest,513,0,1
1676157976766,1538,HTTP Request,200,,Thread-Gruppe  1-24,text,true,,537,129,100,100,http://localhost:7000/randomRequest,1538,0,0
1676157977187,1133,HTTP Request,200,,Thread-Gruppe  1-10,text,true,,419,129,100,100,http://localhost:7000/randomRequest,1133,0,0
1676157977517,817,HTTP Request,200,,Thread-Gruppe  1-52,text,true,,549,129,100,100,http://localhost:7000/randomRequest,817,0,1
1676157977821,513,HTTP Request,200,,Thread-Gruppe  1-81,text,true,,417,129,100,100,http://localhost:7000/randomRequest,513,0,0
1676157977834,513,HTTP Request,200,,Thread-Gruppe  1-57,text,true,,492,129,100,100,http://localhost:7000/randomRequest,513,0,0
1676157977733,622,HTTP Request,200,,Thread-Gruppe  1-45,text,true,,403,129,100,100,http://localhost:7000/randomRequest,622,0,0
1676157977057,1308,HTTP Request,200,,Thread-Gruppe  1-84,text,true,,631,129,100,100,http://localhost:7000/randomRequest,1308,0,0
1676157977759,614,HTTP Request,200,,Thread-Gruppe  1-80,text,true,,419,129,100,100,http://localhost:7000/randomRequest,614,0,0
1676157977138,1237,HTTP Request,200,,Thread-Gruppe  1-30,text,true,,492,129,100,100,http://localhost:7000/randomRequest,1237,0,0
1676157977139,1238,HTTP Request,200,,Thread-Gruppe  1-96,text,true,,492,129,100,100,http://localhost:7000/randomRequest,1238,0,1
1676157977968,409,HTTP Request,200,,Thread-Gruppe  1-56,text,true,,551,129,100,100,http://localhost:7000/randomRequest,409,0,0
1676157976971,1418,HTTP Request,200,,Thread-Gruppe  1-82,text,true,,640,129,100,100,http://localhost:7000/randomRequest,1418,0,0
1676157977892,512,HTTP Request,200,,Thread-Gruppe  1-41,text,true,,546,129,100,100,http://localhost:7000/randomRequest,512,0,0
1676157977888,516,HTTP Request,200,,Thread-Gruppe  1-99,text,true,,490,129,100,100,http://localhost:7000/randomRequest,516,0,1
1676157977804,621,HTTP Request,200,,Thread-Gruppe  1-4,text,true,,567,129,100,100,http://localhost:7000/randomRequest,621,0,0
1676157977187,1242,HTTP Request,200,,Thread-Gruppe  1-63,text,true,,403,129,100,100,http://localhost:7000/randomRequest,1242,0,0
1676157978020,409,HTTP Request,200,,Thread-Gruppe  1-12,text,true,,419,129,100,100,http://localhost:7000/randomRequest,409,0,0
1676157977188,1241,HTTP Request,200,,Thread-Gruppe  1-71,text,true,,418,129,100,100,http://localhost:7000/randomRequest,1241,0,1
1676157977536,902,HTTP Request,200,,Thread-Gruppe  1-67,text,true,,537,129,100,100,http://localhost:7000/randomRequest,902,0,0
1676157977413,1025,HTTP Request,200,,Thread-Gruppe  1-72,text,true,,492,129,100,100,http://localhost:7000/randomRequest,1025,0,0
1676157977926,516,HTTP Request,200,,Thread-Gruppe  1-20,text,true,,565,129,100,100,http://localhost:7000/randomRequest,516,0,0
1676157977621,821,HTTP Request,200,,Thread-Gruppe  1-70,text,true,,403,129,100,100,http://localhost:7000/randomRequest,821,0,0
1676157977909,533,HTTP Request,200,,Thread-Gruppe  1-49,text,true,,567,129,100,100,http://localhost:7000/randomRequest,533,0,0
1676157978038,414,HTTP Request,200,,Thread-Gruppe  1-91,text,true,,419,129,100,100,http://localhost:7000/randomRequest,414,0,1
1676157977855,620,HTTP Request,200,,Thread-Gruppe  1-8,text,true,,540,129,100,100,http://localhost:7000/randomRequest,620,0,1
1676157978085,416,HTTP Request,200,,Thread-Gruppe  1-59,text,true,,554,129,100,100,http://localhost:7000/randomRequest,416,0,0
1676157977888,616,HTTP Request,200,,Thread-Gruppe  1-7,text,true,,492,129,100,100,http://localhost:7000/randomRequest,616,0,1
1676157977059,1474,HTTP Request,200,,Thread-Gruppe  1-68,text,true,,537,129,100,100,http://localhost:7000/randomRequest,1474,0,1
1676157978027,515,HTTP Request,200,,Thread-Gruppe  1-51,text,true,,419,129,100,100,http://localhost:7000/randomRequest,515,0,0
1676157977926,618,HTTP Request,200,,Thread-Gruppe  1-74,text,true,,559,129,100,100,http://localhost:7000/randomRequest,618,0,0
1676157976819,1750,HTTP Request,200,,Thread-Gruppe  1-93,text,true,,492,129,100,100,http://localhost:7000/randomRequest,1750,0,0
1676157977551,1028,HTTP Request,200,,Thread-Gruppe  1-34,text,true,,557,129,100,100,http://localhost:7000/randomRequest,1028,0,0
1676157977883,726,HTTP Request,200,,Thread-Gruppe  1-43,text,true,,558,129,100,100,http://localhost:7000/randomRequest,726,0,0
1676157978112,520,HTTP Request,200,,Thread-Gruppe  1-78,text,true,,419,129,100,100,http://localhost:7000/randomRequest,520,0,1
1676157978010,626,HTTP Request,200,,Thread-Gruppe  1-37,text,true,,417,129,100,100,http://localhost:7000/randomRequest,626,0,1
1676157977447,1198,HTTP Request,200,,Thread-Gruppe  1-89,text,true,,643,129,100,100,http://localhost:7000/randomRequest,1198,0,0
1676157978039,616,HTTP Request,200,,Thread-Gruppe  1-2,text,true,,485,129,100,100,http://localhost:7000/randomRequest,616,0,0
1676157978042,622,HTTP Request,200,,Thread-Gruppe  1-33,text,true,,492,129,100,100,http://localhost:7000/randomRequest,622,0,0
1676157977888,790,HTTP Request,200,,Thread-Gruppe  1-73,text,true,,527,129,100,100,http://localhost:7000/randomRequest,790,0,1
1676157977071,1618,HTTP Request,200,,Thread-Gruppe  1-26,text,true,,527,129,100,100,http://localhost:7000/randomRequest,1618,0,0
1676157977895,818,HTTP Request,200,,Thread-Gruppe  1-31,text,true,,492,129,100,100,http://localhost:7000/randomRequest,818,0,0
1676157978189,524,HTTP Request,200,,Thread-Gruppe  1-90,text,true,,419,129,100,100,http://localhost:7000/randomRequest,524,0,0
1676157948684,30030,HTTP Request,500,,Thread-Gruppe  1-6,text,false,,258,129,100,100,http://localhost:7000/randomRequest,30030,0,1
1676157978304,413,HTTP Request,200,,Thread-Gruppe  1-24,text,true,,563,129,100,100,http://localhost:7000/randomRequest,413,0,1
1676157978009,725,HTTP Request,200,,Thread-Gruppe  1-17,text,true,,492,129,100,100,http://localhost:7000/randomRequest,725,0,0
1676157978020,718,HTTP Request,200,,Thread-Gruppe  1-23,text,true,,488,129,100,100,http://localhost:7000/randomRequest,718,0,0
1676157978120,618,HTTP Request,200,,Thread-Gruppe  1-18,text,true,,416,129,100,100,http://localhost:7000/randomRequest,618,0,1
1676157977652,1094,HTTP Request,200,,Thread-Gruppe  1-40,text,true,,633,129,100,100,http://localhost:7000/randomRequest,1094,0,0
1676157978128,621,HTTP Request,200,,Thread-Gruppe  1-9,text,true,,485,129,100,100,http://localhost:7000/randomRequest,621,0,0
1676157977717,1032,HTTP Request,200,,Thread-Gruppe  1-44,text,true,,419,129,100,100,http://localhost:7000/randomRequest,1032,0,0
1676157977819,930,HTTP Request,200,,Thread-Gruppe  1-76,text,true,,490,129,100,100,http://localhost:7000/randomRequest,930,0,0
1676157978128,621,HTTP Request,200,,Thread-Gruppe  1-79,text,true,,418,129,100,100,http://localhost:7000/randomRequest,621,0,0
1676157978245,516,HTTP Request,200,,Thread-Gruppe  1-1,text,true,,548,129,100,100,http://localhost:7000/randomRequest,516,0,1
1676157978245,516,HTTP Request,200,,Thread-Gruppe  1-88,text,true,,418,129,100,100,http://localhost:7000/randomRequest,516,0,1
1676157977759,1029,HTTP Request,200,,Thread-Gruppe  1-32,text,true,,488,129,100,100,http://localhost:7000/randomRequest,1029,0,0
1676157977447,1341,HTTP Request,200,,Thread-Gruppe  1-87,text,true,,563,129,100,100,http://localhost:7000/randomRequest,1341,0,0
1676157976876,1919,HTTP Request,200,,Thread-Gruppe  1-61,text,true,,541,129,100,100,http://localhost:7000/randomRequest,1919,0,1
1676157978183,621,HTTP Request,200,,Thread-Gruppe  1-36,text,true,,419,129,100,100,http://localhost:7000/randomRequest,621,0,1
1676157978404,413,HTTP Request,200,,Thread-Gruppe  1-41,text,true,,555,129,100,100,http://localhost:7000/randomRequest,413,0,0
1676157978204,613,HTTP Request,200,,Thread-Gruppe  1-22,text,true,,553,129,100,100,http://localhost:7000/randomRequest,613,0,0
1676157978197,620,HTTP Request,200,,Thread-Gruppe  1-38,text,true,,488,129,100,100,http://localhost:7000/randomRequest,620,0,0
1676157978209,622,HTTP Request,200,,Thread-Gruppe  1-16,text,true,,488,129,100,100,http://localhost:7000/randomRequest,622,0,0
1676157978321,517,HTTP Request,200,,Thread-Gruppe  1-10,text,true,,419,129,100,100,http://localhost:7000/randomRequest,517,0,0
1676157978120,722,HTTP Request,200,,Thread-Gruppe  1-25,text,true,,492,129,100,100,http://localhost:7000/randomRequest,722,0,1
1676157977409,1442,HTTP Request,200,,Thread-Gruppe  1-35,text,true,,485,129,100,100,http://localhost:7000/randomRequest,1442,0,0
1676157977733,1118,HTTP Request,200,,Thread-Gruppe  1-14,text,true,,536,129,100,100,http://localhost:7000/randomRequest,1118,0,0
1676157977629,1232,HTTP Request,200,,Thread-Gruppe  1-83,text,true,,535,129,100,100,http://localhost:7000/randomRequest,1232,0,1
1676157978245,620,HTTP Request,200,,Thread-Gruppe  1-65,text,true,,485,129,100,100,http://localhost:7000/randomRequest,620,0,1
1676157978373,519,HTTP Request,200,,Thread-Gruppe  1-80,text,true,,558,129,100,100,http://localhost:7000/randomRequest,519,0,1
1676157978377,519,HTTP Request,200,,Thread-Gruppe  1-56,text,true,,558,129,100,100,http://localhost:7000/randomRequest,519,0,1
1676157977771,1133,HTTP Request,200,,Thread-Gruppe  1-98,text,true,,556,129,100,100,http://localhost:7000/randomRequest,1133,0,0
1676157977188,1756,HTTP Request,200,,Thread-Gruppe  1-5,text,true,,523,129,100,100,http://localhost:7000/randomRequest,1756,0,1
1676157978438,517,HTTP Request,200,,Thread-Gruppe  1-72,text,true,,416,129,100,100,http://localhost:7000/randomRequest,517,0,1
1676157977926,1029,HTTP Request,200,,Thread-Gruppe  1-53,text,true,,481,129,100,100,http://localhost:7000/randomRequest,1029,0,0
1676157977834,1133,HTTP Request,200,,Thread-Gruppe  1-28,text,true,,559,129,100,100,http://localhost:7000/randomRequest,1133,0,0
1676157978355,620,HTTP Request,200,,Thread-Gruppe  1-45,text,true,,478,129,100,100,http://localhost:7000/randomRequest,620,0,1
1676157977867,1108,HTTP Request,200,,Thread-Gruppe  1-21,text,true,,643,129,100,100,http://localhost:7000/randomRequest,1108,0,1
1676157977551,1446,HTTP Request,200,,Thread-Gruppe  1-19,text,true,,488,129,100,100,http://localhost:7000/randomRequest,1446,0,0
1676157977771,1236,HTTP Request,200,,Thread-Gruppe  1-58,text,true,,492,129,100,100,http://localhost:7000/randomRequest,1236,0,0
1676157978404,621,HTTP Request,200,,Thread-Gruppe  1-99,text,true,,403,129,100,100,http://localhost:7000/randomRequest,621,0,0
1676157978301,724,HTTP Request,200,,Thread-Gruppe  1-48,text,true,,551,129,100,100,http://localhost:7000/randomRequest,724,0,0
1676157978501,524,HTTP Request,200,,Thread-Gruppe  1-59,text,true,,547,129,100,100,http://localhost:7000/randomRequest,524,0,0
1676157977825,1214,HTTP Request,200,,Thread-Gruppe  1-50,text,true,,541,129,100,100,http://localhost:7000/randomRequest,1214,0,0
1676157978425,620,HTTP Request,200,,Thread-Gruppe  1-4,text,true,,481,129,100,100,http://localhost:7000/randomRequest,620,0,0
1676157977528,1520,HTTP Request,200,,Thread-Gruppe  1-11,text,true,,526,129,100,100,http://localhost:7000/randomRequest,1520,0,0
1676157978842,206,HTTP Request,200,,Thread-Gruppe  1-25,text,true,,563,129,100,100,http://localhost:7000/randomRequest,206,0,0
1676157977804,1244,HTTP Request,200,,Thread-Gruppe  1-75,text,true,,419,129,100,100,http://localhost:7000/randomRequest,1244,0,0
1676157978229,822,HTTP Request,200,,Thread-Gruppe  1-27,text,true,,492,129,100,100,http://localhost:7000/randomRequest,822,0,0
1676157978442,613,HTTP Request,200,,Thread-Gruppe  1-49,text,true,,416,129,100,100,http://localhost:7000/randomRequest,613,0,0
1676157978375,726,HTTP Request,200,,Thread-Gruppe  1-30,text,true,,483,129,100,100,http://localhost:7000/randomRequest,726,0,0
1676157978270,831,HTTP Request,200,,Thread-Gruppe  1-97,text,true,,419,129,100,100,http://localhost:7000/randomRequest,831,0,1
1676157949033,30069,HTTP Request,500,,Thread-Gruppe  1-54,text,false,,258,129,100,100,http://localhost:7000/randomRequest,30069,0,0
1676157977819,1310,HTTP Request,200,,Thread-Gruppe  1-42,text,true,,541,129,100,100,http://localhost:7000/randomRequest,1310,0,0
1676157978438,716,HTTP Request,200,,Thread-Gruppe  1-67,text,true,,418,129,100,100,http://localhost:7000/randomRequest,716,0,1
1676157978542,615,HTTP Request,200,,Thread-Gruppe  1-51,text,true,,488,129,100,100,http://localhost:7000/randomRequest,615,0,0
1676157978334,823,HTTP Request,200,,Thread-Gruppe  1-81,text,true,,492,129,100,100,http://localhost:7000/randomRequest,823,0,0
1676157978442,715,HTTP Request,200,,Thread-Gruppe  1-70,text,true,,419,129,100,100,http://localhost:7000/randomRequest,715,0,0
1676157978664,520,HTTP Request,200,,Thread-Gruppe  1-33,text,true,,419,129,100,100,http://localhost:7000/randomRequest,520,0,1
1676157977777,1407,HTTP Request,200,,Thread-Gruppe  1-100,text,true,,541,129,100,100,http://localhost:7000/randomRequest,1407,0,0
1676157978365,827,HTTP Request,200,,Thread-Gruppe  1-84,text,true,,485,129,100,100,http://localhost:7000/randomRequest,827,0,1
1676157977572,1632,HTTP Request,200,,Thread-Gruppe  1-39,text,true,,537,129,100,100,http://localhost:7000/randomRequest,1632,0,0
1676157978818,414,HTTP Request,200,,Thread-Gruppe  1-22,text,true,,419,129,100,100,http://localhost:7000/randomRequest,414,0,0
1676157978533,721,HTTP Request,200,,Thread-Gruppe  1-68,text,true,,419,129,100,100,http://localhost:7000/randomRequest,721,0,0
1676157978429,825,HTTP Request,200,,Thread-Gruppe  1-12,text,true,,492,129,100,100,http://localhost:7000/randomRequest,825,0,0
1676157978544,717,HTTP Request,200,,Thread-Gruppe  1-74,text,true,,481,129,100,100,http://localhost:7000/randomRequest,717,0,0
1676157978168,1138,HTTP Request,200,,Thread-Gruppe  1-69,text,true,,487,129,100,100,http://localhost:7000/randomRequest,1138,0,0
1676157978609,727,HTTP Request,200,,Thread-Gruppe  1-43,text,true,,419,129,100,100,http://localhost:7000/randomRequest,727,0,0
1676157978348,1001,HTTP Request,200,,Thread-Gruppe  1-57,text,true,,527,129,100,100,http://localhost:7000/randomRequest,1001,0,0
1676157978645,714,HTTP Request,200,,Thread-Gruppe  1-89,text,true,,490,129,100,100,http://localhost:7000/randomRequest,714,0,0
1676157978715,644,HTTP Request,200,,Thread-Gruppe  1-6,text,true,,411,129,100,100,http://localhost:7000/randomRequest,644,0,0
1676157978475,890,HTTP Request,200,,Thread-Gruppe  1-8,text,true,,491,129,100,100,http://localhost:7000/randomRequest,890,0,1
1676157978749,616,HTTP Request,200,,Thread-Gruppe  1-44,text,true,,562,129,100,100,http://localhost:7000/randomRequest,616,0,0
1676157978749,616,HTTP Request,200,,Thread-Gruppe  1-76,text,true,,566,129,100,100,http://localhost:7000/randomRequest,616,0,0
1676157978389,990,HTTP Request,200,,Thread-Gruppe  1-82,text,true,,539,129,100,100,http://localhost:7000/randomRequest,990,0,0
1676157978761,618,HTTP Request,200,,Thread-Gruppe  1-88,text,true,,547,129,100,100,http://localhost:7000/randomRequest,618,0,0
1676157978851,541,HTTP Request,200,,Thread-Gruppe  1-35,text,true,,415,129,100,100,http://localhost:7000/randomRequest,541,0,0
1676157978788,623,HTTP Request,200,,Thread-Gruppe  1-87,text,true,,419,129,100,100,http://localhost:7000/randomRequest,623,0,1
1676157978429,988,HTTP Request,200,,Thread-Gruppe  1-63,text,true,,633,129,100,100,http://localhost:7000/randomRequest,988,0,0
1676157978632,785,HTTP Request,200,,Thread-Gruppe  1-78,text,true,,633,129,100,100,http://localhost:7000/randomRequest,785,0,0
1676157978818,621,HTTP Request,200,,Thread-Gruppe  1-41,text,true,,419,129,100,100,http://localhost:7000/randomRequest,621,0,0
1676157978944,518,HTTP Request,200,,Thread-Gruppe  1-5,text,true,,570,129,100,100,http://localhost:7000/randomRequest,518,0,0
1676157978968,511,HTTP Request,200,,Thread-Gruppe  1-28,text,true,,415,129,100,100,http://localhost:7000/randomRequest,511,0,0
1676157978865,614,HTTP Request,200,,Thread-Gruppe  1-65,text,true,,417,129,100,100,http://localhost:7000/randomRequest,614,0,1
1676157978504,997,HTTP Request,200,,Thread-Gruppe  1-7,text,true,,491,129,100,100,http://localhost:7000/randomRequest,997,0,1
1676157979101,415,HTTP Request,200,,Thread-Gruppe  1-97,text,true,,418,129,100,100,http://localhost:7000/randomRequest,415,0,0
1676157978892,624,HTTP Request,200,,Thread-Gruppe  1-80,text,true,,492,129,100,100,http://localhost:7000/randomRequest,624,0,1
1676157978997,519,HTTP Request,200,,Thread-Gruppe  1-19,text,true,,554,129,100,100,http://localhost:7000/randomRequest,519,0,0
1676157978896,620,HTTP Request,200,,Thread-Gruppe  1-56,text,true,,419,129,100,100,http://localhost:7000/randomRequest,620,0,1
1676157978377,1139,HTTP Request,200,,Thread-Gruppe  1-96,text,true,,492,129,100,100,http://localhost:7000/randomRequest,1139,0,1
1676157978128,1414,HTTP Request,200,,Thread-Gruppe  1-64,text,true,,541,129,100,100,http://localhost:7000/randomRequest,1414,0,0
1676157978334,1208,HTTP Request,200,,Thread-Gruppe  1-52,text,true,,527,129,100,100,http://localhost:7000/randomRequest,1208,0,0
1676157978112,1430,HTTP Request,200,,Thread-Gruppe  1-62,text,true,,643,129,100,100,http://localhost:7000/randomRequest,1430,0,1
1676157977781,1761,HTTP Request,200,,Thread-Gruppe  1-94,text,true,,401,129,100,100,http://localhost:7000/randomRequest,1761,0,0
1676157978831,721,HTTP Request,200,,Thread-Gruppe  1-16,text,true,,492,129,100,100,http://localhost:7000/randomRequest,721,0,0
1676157979045,517,HTTP Request,200,,Thread-Gruppe  1-4,text,true,,492,129,100,100,http://localhost:7000/randomRequest,517,0,0
1676157979048,517,HTTP Request,200,,Thread-Gruppe  1-11,text,true,,546,129,100,100,http://localhost:7000/randomRequest,517,0,0
1676157978738,827,HTTP Request,200,,Thread-Gruppe  1-23,text,true,,557,129,100,100,http://localhost:7000/randomRequest,827,0,1
1676157978838,727,HTTP Request,200,,Thread-Gruppe  1-10,text,true,,492,129,100,100,http://localhost:7000/randomRequest,727,0,1
1676157978749,820,HTTP Request,200,,Thread-Gruppe  1-9,text,true,,419,129,100,100,http://localhost:7000/randomRequest,820,0,0
1676157978442,1127,HTTP Request,200,,Thread-Gruppe  1-20,text,true,,492,129,100,100,http://localhost:7000/randomRequest,1127,0,0
1676157978955,614,HTTP Request,200,,Thread-Gruppe  1-72,text,true,,403,129,100,100,http://localhost:7000/randomRequest,614,0,0
1676157978861,718,HTTP Request,200,,Thread-Gruppe  1-83,text,true,,419,129,100,100,http://localhost:7000/randomRequest,718,0,1
1676157978655,924,HTTP Request,200,,Thread-Gruppe  1-2,text,true,,554,129,100,100,http://localhost:7000/randomRequest,924,0,1
1676157978761,822,HTTP Request,200,,Thread-Gruppe  1-1,text,true,,558,129,100,100,http://localhost:7000/randomRequest,822,0,0
1676157978788,830,HTTP Request,200,,Thread-Gruppe  1-32,text,true,,482,129,100,100,http://localhost:7000/randomRequest,830,0,1
1676157978713,930,HTTP Request,200,,Thread-Gruppe  1-31,text,true,,419,129,100,100,http://localhost:7000/randomRequest,930,0,0
1676157978452,1201,HTTP Request,200,,Thread-Gruppe  1-91,text,true,,527,129,100,100,http://localhost:7000/randomRequest,1201,0,0
1676157978734,931,HTTP Request,200,,Thread-Gruppe  1-17,text,true,,481,129,100,100,http://localhost:7000/randomRequest,931,0,0
1676157978975,729,HTTP Request,200,,Thread-Gruppe  1-45,text,true,,419,129,100,100,http://localhost:7000/randomRequest,729,0,1
1676157978579,1140,HTTP Request,200,,Thread-Gruppe  1-34,text,true,,403,129,100,100,http://localhost:7000/randomRequest,1140,0,1
1676157979025,722,HTTP Request,200,,Thread-Gruppe  1-59,text,true,,523,129,100,100,http://localhost:7000/randomRequest,722,0,0
1676157978636,1111,HTTP Request,200,,Thread-Gruppe  1-37,text,true,,643,129,100,100,http://localhost:7000/randomRequest,1111,0,0
1676157949738,30019,HTTP Request,500,,Thread-Gruppe  1-3,text,false,,258,129,100,100,http://localhost:7000/randomRequest,30019,0,0
1676157978738,1030,HTTP Request,200,,Thread-Gruppe  1-18,text,true,,519,129,100,100,http://localhost:7000/randomRequest,1030,0,1
1676157978429,1340,HTTP Request,200,,Thread-Gruppe  1-71,text,true,,492,129,100,100,http://localhost:7000/randomRequest,1340,0,0
1676157979359,410,HTTP Request,200,,Thread-Gruppe  1-89,text,true,,555,129,100,100,http://localhost:7000/randomRequest,410,0,0
1676157979048,721,HTTP Request,200,,Thread-Gruppe  1-25,text,true,,419,129,100,100,http://localhost:7000/randomRequest,721,0,0
1676157979157,612,HTTP Request,200,,Thread-Gruppe  1-81,text,true,,418,129,100,100,http://localhost:7000/randomRequest,612,0,0
1676157978689,1091,HTTP Request,200,,Thread-Gruppe  1-26,text,true,,643,129,100,100,http://localhost:7000/randomRequest,1091,0,0
1676157978795,994,HTTP Request,200,,Thread-Gruppe  1-61,text,true,,527,129,100,100,http://localhost:7000/randomRequest,994,0,1
1676157979379,418,HTTP Request,200,,Thread-Gruppe  1-88,text,true,,417,129,100,100,http://localhost:7000/randomRequest,418,0,1
1676157979184,620,HTTP Request,200,,Thread-Gruppe  1-33,text,true,,555,129,100,100,http://localhost:7000/randomRequest,620,0,0
1676157978569,1235,HTTP Request,200,,Thread-Gruppe  1-93,text,true,,492,129,100,100,http://localhost:7000/randomRequest,1235,0,0
1676157978717,1102,HTTP Request,200,,Thread-Gruppe  1-24,text,true,,633,129,100,100,http://localhost:7000/randomRequest,1102,0,1
1676157978905,924,HTTP Request,200,,Thread-Gruppe  1-98,text,true,,419,129,100,100,http://localhost:7000/randomRequest,924,0,0
1676157979025,826,HTTP Request,200,,Thread-Gruppe  1-99,text,true,,418,129,100,100,http://localhost:7000/randomRequest,826,0,0
1676157979232,619,HTTP Request,200,,Thread-Gruppe  1-22,text,true,,418,129,100,100,http://localhost:7000/randomRequest,619,0,1
1676157979039,822,HTTP Request,200,,Thread-Gruppe  1-50,text,true,,419,129,100,100,http://localhost:7000/randomRequest,822,0,0
1676157979048,822,HTTP Request,200,,Thread-Gruppe  1-75,text,true,,549,129,100,100,http://localhost:7000/randomRequest,822,0,0
1676157979254,616,HTTP Request,200,,Thread-Gruppe  1-12,text,true,,485,129,100,100,http://localhost:7000/randomRequest,616,0,0
1676157979154,716,HTTP Request,200,,Thread-Gruppe  1-67,text,true,,492,129,100,100,http://localhost:7000/randomRequest,716,0,0
1676157978955,916,HTTP Request,200,,Thread-Gruppe  1-53,text,true,,401,129,100,100,http://localhost:7000/randomRequest,916,0,0
1676157979417,515,HTTP Request,200,,Thread-Gruppe  1-63,text,true,,418,129,100,100,http://localhost:7000/randomRequest,515,0,1
1676157979101,846,HTTP Request,200,,Thread-Gruppe  1-30,text,true,,472,129,100,100,http://localhost:7000/randomRequest,846,0,0
1676157979157,797,HTTP Request,200,,Thread-Gruppe  1-70,text,true,,630,129,100,100,http://localhost:7000/randomRequest,797,0,0
1676157979552,418,HTTP Request,200,,Thread-Gruppe  1-16,text,true,,488,129,100,100,http://localhost:7000/randomRequest,418,0,0
1676157979562,408,HTTP Request,200,,Thread-Gruppe  1-4,text,true,,547,129,100,100,http://localhost:7000/randomRequest,408,0,0
1676157979462,508,HTTP Request,200,,Thread-Gruppe  1-5,text,true,,550,129,100,100,http://localhost:7000/randomRequest,508,0,0
1676157979261,710,HTTP Request,200,,Thread-Gruppe  1-74,text,true,,492,129,100,100,http://localhost:7000/randomRequest,710,0,0
1676157979479,513,HTTP Request,200,,Thread-Gruppe  1-28,text,true,,486,129,100,100,http://localhost:7000/randomRequest,513,0,1
1676157979103,907,HTTP Request,200,,Thread-Gruppe  1-54,text,true,,489,129,100,100,http://localhost:7000/randomRequest,907,0,0
1676157979025,985,HTTP Request,200,,Thread-Gruppe  1-48,text,true,,643,129,100,100,http://localhost:7000/randomRequest,985,0,0
1676157979516,508,HTTP Request,200,,Thread-Gruppe  1-96,text,true,,419,129,100,100,http://localhost:7000/randomRequest,508,0,0
1676157979516,508,HTTP Request,200,,Thread-Gruppe  1-19,text,true,,541,129,100,100,http://localhost:7000/randomRequest,508,0,0
1676157979643,412,HTTP Request,200,,Thread-Gruppe  1-31,text,true,,419,129,100,100,http://localhost:7000/randomRequest,412,0,0
1676157979542,513,HTTP Request,200,,Thread-Gruppe  1-62,text,true,,419,129,100,100,http://localhost:7000/randomRequest,513,0,1
1676157979051,1023,HTTP Request,200,,Thread-Gruppe  1-27,text,true,,419,129,100,100,http://localhost:7000/randomRequest,1023,0,1
1676157979055,1019,HTTP Request,200,,Thread-Gruppe  1-49,text,true,,492,129,100,100,http://localhost:7000/randomRequest,1019,0,1
1676157979565,509,HTTP Request,200,,Thread-Gruppe  1-11,text,true,,418,129,100,100,http://localhost:7000/randomRequest,509,0,0
1676157979579,531,HTTP Request,200,,Thread-Gruppe  1-2,text,true,,560,129,100,100,http://localhost:7000/randomRequest,531,0,1
1676157979479,631,HTTP Request,200,,Thread-Gruppe  1-65,text,true,,488,129,100,100,http://localhost:7000/randomRequest,631,0,1
1676157979184,928,HTTP Request,200,,Thread-Gruppe  1-100,text,true,,485,129,100,100,http://localhost:7000/randomRequest,928,0,0
1676157979516,609,HTTP Request,200,,Thread-Gruppe  1-97,text,true,,419,129,100,100,http://localhost:7000/randomRequest,609,0,0
1676157978804,1331,HTTP Request,200,,Thread-Gruppe  1-36,text,true,,492,129,100,100,http://localhost:7000/randomRequest,1331,0,1
1676157979542,613,HTTP Request,200,,Thread-Gruppe  1-94,text,true,,418,129,100,100,http://localhost:7000/randomRequest,613,0,1
1676157979653,518,HTTP Request,200,,Thread-Gruppe  1-91,text,true,,546,129,100,100,http://localhost:7000/randomRequest,518,0,0
1676157979565,609,HTTP Request,200,,Thread-Gruppe  1-10,text,true,,560,129,100,100,http://localhost:7000/randomRequest,609,0,0
1676157979569,612,HTTP Request,200,,Thread-Gruppe  1-9,text,true,,419,129,100,100,http://localhost:7000/randomRequest,612,0,1
1676157979769,412,HTTP Request,200,,Thread-Gruppe  1-89,text,true,,419,129,100,100,http://localhost:7000/randomRequest,412,0,1
1676157979569,613,HTTP Request,200,,Thread-Gruppe  1-72,text,true,,558,129,100,100,http://localhost:7000/randomRequest,613,0,1
1676157979569,613,HTTP Request,200,,Thread-Gruppe  1-20,text,true,,419,129,100,100,http://localhost:7000/randomRequest,613,0,1
1676157979307,881,HTTP Request,200,,Thread-Gruppe  1-69,text,true,,527,129,100,100,http://localhost:7000/randomRequest,881,0,0
1676157979583,610,HTTP Request,200,,Thread-Gruppe  1-1,text,true,,552,129,100,100,http://localhost:7000/randomRequest,610,0,1
1676157979704,512,HTTP Request,200,,Thread-Gruppe  1-45,text,true,,556,129,100,100,http://localhost:7000/randomRequest,512,0,0
1676157979542,715,HTTP Request,200,,Thread-Gruppe  1-52,text,true,,709,129,100,100,http://localhost:7000/randomRequest,715,0,1
1676157978851,1418,HTTP Request,200,,Thread-Gruppe  1-14,text,true,,541,129,100,100,http://localhost:7000/randomRequest,1418,0,0
1676157979565,710,HTTP Request,200,,Thread-Gruppe  1-23,text,true,,418,129,100,100,http://localhost:7000/randomRequest,710,0,0
1676157979365,910,HTTP Request,200,,Thread-Gruppe  1-76,text,true,,491,129,100,100,http://localhost:7000/randomRequest,910,0,1
1676157978749,1526,HTTP Request,200,,Thread-Gruppe  1-79,text,true,,485,129,100,100,http://localhost:7000/randomRequest,1526,0,0
1676157979129,1146,HTTP Request,200,,Thread-Gruppe  1-42,text,true,,417,129,100,100,http://localhost:7000/randomRequest,1146,0,0
1676157979365,910,HTTP Request,200,,Thread-Gruppe  1-8,text,true,,490,129,100,100,http://localhost:7000/randomRequest,910,0,1
1676157979780,516,HTTP Request,200,,Thread-Gruppe  1-26,text,true,,403,129,100,100,http://localhost:7000/randomRequest,516,0,0
1676157979769,540,HTTP Request,200,,Thread-Gruppe  1-18,text,true,,676,129,100,100,http://localhost:7000/randomRequest,540,0,0
1676157979789,520,HTTP Request,200,,Thread-Gruppe  1-61,text,true,,557,129,100,100,http://localhost:7000/randomRequest,520,0,1
1676157978975,1344,HTTP Request,200,,Thread-Gruppe  1-21,text,true,,484,129,100,100,http://localhost:7000/randomRequest,1344,0,1
1676157979204,1129,HTTP Request,200,,Thread-Gruppe  1-39,text,true,,489,129,100,100,http://localhost:7000/randomRequest,1129,0,0
1676157979516,817,HTTP Request,200,,Thread-Gruppe  1-80,text,true,,485,129,100,100,http://localhost:7000/randomRequest,817,0,0
1676157979970,409,HTTP Request,200,,Thread-Gruppe  1-16,text,true,,418,129,100,100,http://localhost:7000/randomRequest,409,0,0
1676157979192,1187,HTTP Request,200,,Thread-Gruppe  1-84,text,true,,540,129,100,100,http://localhost:7000/randomRequest,1187,0,0
1676157978818,1602,HTTP Request,200,,Thread-Gruppe  1-38,text,true,,541,129,100,100,http://localhost:7000/randomRequest,1602,0,0
1676157979719,716,HTTP Request,200,,Thread-Gruppe  1-34,text,true,,485,129,100,100,http://localhost:7000/randomRequest,716,0,0
1676157979819,620,HTTP Request,200,,Thread-Gruppe  1-24,text,true,,492,129,100,100,http://localhost:7000/randomRequest,620,0,1
1676157979829,618,HTTP Request,200,,Thread-Gruppe  1-98,text,true,,572,129,100,100,http://localhost:7000/randomRequest,618,0,0
1676157978746,1714,HTTP Request,200,,Thread-Gruppe  1-40,text,true,,536,129,100,100,http://localhost:7000/randomRequest,1714,0,0
1676157979852,608,HTTP Request,200,,Thread-Gruppe  1-99,text,true,,555,129,100,100,http://localhost:7000/randomRequest,608,0,0
1676157979542,918,HTTP Request,200,,Thread-Gruppe  1-64,text,true,,485,129,100,100,http://localhost:7000/randomRequest,918,0,1
1676157950390,30086,HTTP Request,500,,Thread-Gruppe  1-95,text,false,,258,129,100,100,http://localhost:7000/randomRequest,30086,0,1
1676157979769,719,HTTP Request,200,,Thread-Gruppe  1-81,text,true,,492,129,100,100,http://localhost:7000/randomRequest,719,0,1
1676157979769,719,HTTP Request,200,,Thread-Gruppe  1-71,text,true,,555,129,100,100,http://localhost:7000/randomRequest,719,0,1
1676157979970,547,HTTP Request,200,,Thread-Gruppe  1-4,text,true,,676,129,100,100,http://localhost:7000/randomRequest,547,0,0
1676157979439,1096,HTTP Request,200,,Thread-Gruppe  1-41,text,true,,540,129,100,100,http://localhost:7000/randomRequest,1096,0,0
1676157979516,1023,HTTP Request,200,,Thread-Gruppe  1-56,text,true,,481,129,100,100,http://localhost:7000/randomRequest,1023,0,0
1676157950429,30110,HTTP Request,500,,Thread-Gruppe  1-60,text,false,,258,129,100,100,http://localhost:7000/randomRequest,30110,0,0
1676157979947,614,HTTP Request,200,,Thread-Gruppe  1-30,text,true,,488,129,100,100,http://localhost:7000/randomRequest,614,0,0
1676157979852,709,HTTP Request,200,,Thread-Gruppe  1-22,text,true,,517,129,100,100,http://localhost:7000/randomRequest,709,0,0
1676157979665,896,HTTP Request,200,,Thread-Gruppe  1-17,text,true,,540,129,100,100,http://localhost:7000/randomRequest,896,0,1
1676157979157,1417,HTTP Request,200,,Thread-Gruppe  1-51,text,true,,540,129,100,100,http://localhost:7000/randomRequest,1417,0,0
1676157979970,611,HTTP Request,200,,Thread-Gruppe  1-5,text,true,,419,129,100,100,http://localhost:7000/randomRequest,611,0,0
1676157979359,1222,HTTP Request,200,,Thread-Gruppe  1-6,text,true,,492,129,100,100,http://localhost:7000/randomRequest,1222,0,0
1676157979747,834,HTTP Request,200,,Thread-Gruppe  1-37,text,true,,568,129,100,100,http://localhost:7000/randomRequest,834,0,0
1676157979758,823,HTTP Request,200,,Thread-Gruppe  1-3,text,true,,488,129,100,100,http://localhost:7000/randomRequest,823,0,1
1676157979365,1216,HTTP Request,200,,Thread-Gruppe  1-44,text,true,,485,129,100,100,http://localhost:7000/randomRequest,1216,0,1
1676157979501,1103,HTTP Request,200,,Thread-Gruppe  1-7,text,true,,643,129,100,100,http://localhost:7000/randomRequest,1103,0,1
1676157979993,626,HTTP Request,200,,Thread-Gruppe  1-28,text,true,,418,129,100,100,http://localhost:7000/randomRequest,626,0,0
1676157979797,824,HTTP Request,200,,Thread-Gruppe  1-88,text,true,,492,129,100,100,http://localhost:7000/randomRequest,824,0,0
1676157979392,1233,HTTP Request,200,,Thread-Gruppe  1-35,text,true,,419,129,100,100,http://localhost:7000/randomRequest,1233,0,0
1676157980112,513,HTTP Request,200,,Thread-Gruppe  1-100,text,true,,419,129,100,100,http://localhost:7000/randomRequest,513,0,0
1676157980110,515,HTTP Request,200,,Thread-Gruppe  1-2,text,true,,485,129,100,100,http://localhost:7000/randomRequest,515,0,0
1676157980024,615,HTTP Request,200,,Thread-Gruppe  1-96,text,true,,560,129,100,100,http://localhost:7000/randomRequest,615,0,1
1676157979411,1228,HTTP Request,200,,Thread-Gruppe  1-87,text,true,,492,129,100,100,http://localhost:7000/randomRequest,1228,0,1
1676157980024,615,HTTP Request,200,,Thread-Gruppe  1-19,text,true,,492,129,100,100,http://localhost:7000/randomRequest,615,0,1
1676157979955,706,HTTP Request,200,,Thread-Gruppe  1-70,text,true,,403,129,100,100,http://localhost:7000/randomRequest,706,0,0
1676157979870,813,HTTP Request,200,,Thread-Gruppe  1-75,text,true,,403,129,100,100,http://localhost:7000/randomRequest,813,0,0
1676157979861,822,HTTP Request,200,,Thread-Gruppe  1-50,text,true,,418,129,100,100,http://localhost:7000/randomRequest,822,0,0
1676157980182,511,HTTP Request,200,,Thread-Gruppe  1-20,text,true,,492,129,100,100,http://localhost:7000/randomRequest,511,0,0
1676157980188,520,HTTP Request,200,,Thread-Gruppe  1-69,text,true,,492,129,100,100,http://localhost:7000/randomRequest,520,0,1
1676157979379,1341,HTTP Request,200,,Thread-Gruppe  1-82,text,true,,697,129,100,100,http://localhost:7000/randomRequest,1341,0,1
1676157979579,1143,HTTP Request,200,,Thread-Gruppe  1-83,text,true,,403,129,100,100,http://localhost:7000/randomRequest,1143,0,1
1676157980135,618,HTTP Request,200,,Thread-Gruppe  1-36,text,true,,555,129,100,100,http://localhost:7000/randomRequest,618,0,0
1676157980055,710,HTTP Request,200,,Thread-Gruppe  1-31,text,true,,547,129,100,100,http://localhost:7000/randomRequest,710,0,1
1676157980055,714,HTTP Request,200,,Thread-Gruppe  1-62,text,true,,403,129,100,100,http://localhost:7000/randomRequest,714,0,1
1676157979337,1448,HTTP Request,200,,Thread-Gruppe  1-43,text,true,,681,129,100,100,http://localhost:7000/randomRequest,1448,0,0
1676157979870,918,HTTP Request,200,,Thread-Gruppe  1-12,text,true,,546,129,100,100,http://localhost:7000/randomRequest,918,0,0
1676157980257,535,HTTP Request,200,,Thread-Gruppe  1-52,text,true,,559,129,100,100,http://localhost:7000/randomRequest,535,0,0
1676157980074,718,HTTP Request,200,,Thread-Gruppe  1-11,text,true,,549,129,100,100,http://localhost:7000/randomRequest,718,0,1
1676157980182,640,HTTP Request,200,,Thread-Gruppe  1-72,text,true,,561,129,100,100,http://localhost:7000/randomRequest,640,0,0
1676157980181,641,HTTP Request,200,,Thread-Gruppe  1-9,text,true,,415,129,100,100,http://localhost:7000/randomRequest,641,0,0
1676157979804,1018,HTTP Request,200,,Thread-Gruppe  1-33,text,true,,641,129,100,100,http://localhost:7000/randomRequest,1018,0,0
1676157979804,1025,HTTP Request,200,,Thread-Gruppe  1-93,text,true,,483,129,100,100,http://localhost:7000/randomRequest,1025,0,0
1676157980319,510,HTTP Request,200,,Thread-Gruppe  1-21,text,true,,551,129,100,100,http://localhost:7000/randomRequest,510,0,0
1676157979008,1845,HTTP Request,200,,Thread-Gruppe  1-58,text,true,,488,129,100,100,http://localhost:7000/randomRequest,1845,0,0
1676157979417,1452,HTTP Request,200,,Thread-Gruppe  1-78,text,true,,415,129,100,100,http://localhost:7000/randomRequest,1452,0,1
1676157980155,714,HTTP Request,200,,Thread-Gruppe  1-94,text,true,,485,129,100,100,http://localhost:7000/randomRequest,714,0,1
1676157979870,1019,HTTP Request,200,,Thread-Gruppe  1-67,text,true,,419,129,100,100,http://localhost:7000/randomRequest,1019,0,0
1676157980275,614,HTTP Request,200,,Thread-Gruppe  1-79,text,true,,554,129,100,100,http://localhost:7000/randomRequest,614,0,1
1676157980074,818,HTTP Request,200,,Thread-Gruppe  1-49,text,true,,492,129,100,100,http://localhost:7000/randomRequest,818,0,1
1676157980110,819,HTTP Request,200,,Thread-Gruppe  1-65,text,true,,481,129,100,100,http://localhost:7000/randomRequest,819,0,0
1676157980216,713,HTTP Request,200,,Thread-Gruppe  1-45,text,true,,492,129,100,100,http://localhost:7000/randomRequest,713,0,0
1676157979618,1325,HTTP Request,200,,Thread-Gruppe  1-32,text,true,,485,129,100,100,http://localhost:7000/randomRequest,1325,0,0
1676157980333,621,HTTP Request,200,,Thread-Gruppe  1-39,text,true,,550,129,100,100,http://localhost:7000/randomRequest,621,0,0
1676157979769,1201,HTTP Request,200,,Thread-Gruppe  1-25,text,true,,647,129,100,100,http://localhost:7000/randomRequest,1201,0,1
1676157980275,716,HTTP Request,200,,Thread-Gruppe  1-76,text,true,,564,129,100,100,http://localhost:7000/randomRequest,716,0,1
1676157980380,611,HTTP Request,200,,Thread-Gruppe  1-16,text,true,,560,129,100,100,http://localhost:7000/randomRequest,611,0,0
1676157980275,716,HTTP Request,200,,Thread-Gruppe  1-8,text,true,,1334,129,100,100,http://localhost:7000/randomRequest,716,0,1
1676157980275,717,HTTP Request,200,,Thread-Gruppe  1-42,text,true,,549,129,100,100,http://localhost:7000/randomRequest,717,0,1
1676157980074,952,HTTP Request,200,,Thread-Gruppe  1-27,text,true,,574,129,100,100,http://localhost:7000/randomRequest,952,0,1
1676157980310,716,HTTP Request,200,,Thread-Gruppe  1-61,text,true,,555,129,100,100,http://localhost:7000/randomRequest,716,0,0
1676157980296,738,HTTP Request,200,,Thread-Gruppe  1-26,text,true,,543,129,100,100,http://localhost:7000/randomRequest,738,0,0
1676157980639,404,HTTP Request,200,,Thread-Gruppe  1-19,text,true,,557,129,100,100,http://localhost:7000/randomRequest,404,0,0
1676157980539,504,HTTP Request,200,,Thread-Gruppe  1-56,text,true,,550,129,100,100,http://localhost:7000/randomRequest,504,0,0
1676157980333,723,HTTP Request,200,,Thread-Gruppe  1-80,text,true,,403,129,100,100,http://localhost:7000/randomRequest,723,0,0
1676157980174,882,HTTP Request,200,,Thread-Gruppe  1-10,text,true,,645,129,100,100,http://localhost:7000/randomRequest,882,0,0
1676157980380,677,HTTP Request,200,,Thread-Gruppe  1-84,text,true,,481,129,100,100,http://localhost:7000/randomRequest,677,0,0
1676157980461,611,HTTP Request,200,,Thread-Gruppe  1-40,text,true,,492,129,100,100,http://localhost:7000/randomRequest,611,0,0
1676157979349,1723,HTTP Request,200,,Thread-Gruppe  1-57,text,true,,491,129,100,100,http://localhost:7000/randomRequest,1723,0,0
1676157980461,611,HTTP Request,200,,Thread-Gruppe  1-99,text,true,,559,129,100,100,http://localhost:7000/randomRequest,611,0,0
1676157980010,1091,HTTP Request,200,,Thread-Gruppe  1-54,text,true,,633,129,100,100,http://localhost:7000/randomRequest,1091,0,0
1676157980181,920,HTTP Request,200,,Thread-Gruppe  1-89,text,true,,492,129,100,100,http://localhost:7000/randomRequest,920,0,0
1676157980581,545,HTTP Request,200,,Thread-Gruppe  1-6,text,true,,417,129,100,100,http://localhost:7000/randomRequest,545,0,0
1676157980193,933,HTTP Request,200,,Thread-Gruppe  1-1,text,true,,557,129,100,100,http://localhost:7000/randomRequest,933,0,1
1676157979933,1206,HTTP Request,200,,Thread-Gruppe  1-63,text,true,,644,129,100,100,http://localhost:7000/randomRequest,1206,0,0
1676157979747,1400,HTTP Request,200,,Thread-Gruppe  1-59,text,true,,537,129,100,100,http://localhost:7000/randomRequest,1400,0,0
1676157980619,537,HTTP Request,200,,Thread-Gruppe  1-28,text,true,,417,129,100,100,http://localhost:7000/randomRequest,537,0,1
1676157980574,609,HTTP Request,200,,Thread-Gruppe  1-51,text,true,,419,129,100,100,http://localhost:7000/randomRequest,609,0,0
1676157980581,614,HTTP Request,200,,Thread-Gruppe  1-37,text,true,,551,129,100,100,http://localhost:7000/randomRequest,614,0,0
1676157980477,718,HTTP Request,200,,Thread-Gruppe  1-95,text,true,,419,129,100,100,http://localhost:7000/randomRequest,718,0,0
1676157980581,614,HTTP Request,200,,Thread-Gruppe  1-3,text,true,,557,129,100,100,http://localhost:7000/randomRequest,614,0,0
1676157980720,512,HTTP Request,200,,Thread-Gruppe  1-82,text,true,,418,129,100,100,http://localhost:7000/randomRequest,512,0,0
1676157980625,614,HTTP Request,200,,Thread-Gruppe  1-2,text,true,,492,129,100,100,http://localhost:7000/randomRequest,614,0,0
1676157980010,1229,HTTP Request,200,,Thread-Gruppe  1-48,text,true,,481,129,100,100,http://localhost:7000/randomRequest,1229,0,0
1676157980435,813,HTTP Request,200,,Thread-Gruppe  1-34,text,true,,540,129,100,100,http://localhost:7000/randomRequest,813,0,0
1676157980125,1126,HTTP Request,200,,Thread-Gruppe  1-97,text,true,,488,129,100,100,http://localhost:7000/randomRequest,1126,0,0
1676157980439,817,HTTP Request,200,,Thread-Gruppe  1-24,text,true,,490,129,100,100,http://localhost:7000/randomRequest,817,0,1
1676157980753,503,HTTP Request,200,,Thread-Gruppe  1-36,text,true,,549,129,100,100,http://localhost:7000/randomRequest,503,0,0
1676157979871,1404,HTTP Request,200,,Thread-Gruppe  1-53,text,true,,535,129,100,100,http://localhost:7000/randomRequest,1404,0,0
1676157980171,1128,HTTP Request,200,,Thread-Gruppe  1-91,text,true,,492,129,100,100,http://localhost:7000/randomRequest,1128,0,0
1676157980581,718,HTTP Request,200,,Thread-Gruppe  1-44,text,true,,492,129,100,100,http://localhost:7000/randomRequest,718,0,0
1676157980604,718,HTTP Request,200,,Thread-Gruppe  1-7,text,true,,419,129,100,100,http://localhost:7000/randomRequest,718,0,0
1676157980310,1012,HTTP Request,200,,Thread-Gruppe  1-18,text,true,,640,129,100,100,http://localhost:7000/randomRequest,1012,0,0
1676157980517,819,HTTP Request,200,,Thread-Gruppe  1-4,text,true,,486,129,100,100,http://localhost:7000/randomRequest,819,0,1
1676157980420,922,HTTP Request,200,,Thread-Gruppe  1-38,text,true,,481,129,100,100,http://localhost:7000/randomRequest,922,0,0
1676157980822,520,HTTP Request,200,,Thread-Gruppe  1-9,text,true,,481,129,100,100,http://localhost:7000/randomRequest,520,0,0
1676157980829,513,HTTP Request,200,,Thread-Gruppe  1-21,text,true,,413,129,100,100,http://localhost:7000/randomRequest,513,0,1
1676157980625,717,HTTP Request,200,,Thread-Gruppe  1-100,text,true,,557,129,100,100,http://localhost:7000/randomRequest,717,0,0
1676157980461,893,HTTP Request,200,,Thread-Gruppe  1-64,text,true,,535,129,100,100,http://localhost:7000/randomRequest,893,0,0
1676157980269,1090,HTTP Request,200,,Thread-Gruppe  1-14,text,true,,641,129,100,100,http://localhost:7000/randomRequest,1090,0,0
1676157980540,819,HTTP Request,200,,Thread-Gruppe  1-60,text,true,,492,129,100,100,http://localhost:7000/randomRequest,819,0,1
1676157979971,1405,HTTP Request,200,,Thread-Gruppe  1-74,text,true,,541,129,100,100,http://localhost:7000/randomRequest,1405,0,0
1676157980661,715,HTTP Request,200,,Thread-Gruppe  1-70,text,true,,419,129,100,100,http://localhost:7000/randomRequest,715,0,0
1676157980869,507,HTTP Request,200,,Thread-Gruppe  1-94,text,true,,417,129,100,100,http://localhost:7000/randomRequest,507,0,1
1676157980561,842,HTTP Request,200,,Thread-Gruppe  1-22,text,true,,417,129,100,100,http://localhost:7000/randomRequest,842,0,0
1676157980889,514,HTTP Request,200,,Thread-Gruppe  1-67,text,true,,418,129,100,100,http://localhost:7000/randomRequest,514,0,0
1676157980684,719,HTTP Request,200,,Thread-Gruppe  1-50,text,true,,492,129,100,100,http://localhost:7000/randomRequest,719,0,0
1676157980792,614,HTTP Request,200,,Thread-Gruppe  1-11,text,true,,419,129,100,100,http://localhost:7000/randomRequest,614,0,0
1676157980489,917,HTTP Request,200,,Thread-Gruppe  1-81,text,true,,485,129,100,100,http://localhost:7000/randomRequest,917,0,0
1676157980829,613,HTTP Request,200,,Thread-Gruppe  1-93,text,true,,555,129,100,100,http://localhost:7000/randomRequest,613,0,1
1676157981044,416,HTTP Request,200,,Thread-Gruppe  1-56,text,true,,546,129,100,100,http://localhost:7000/randomRequest,416,0,0
1676157980275,1204,HTTP Request,200,,Thread-Gruppe  1-23,text,true,,537,129,100,100,http://localhost:7000/randomRequest,1204,0,1
1676157980766,713,HTTP Request,200,,Thread-Gruppe  1-31,text,true,,481,129,100,100,http://localhost:7000/randomRequest,713,0,0
1676157980561,918,HTTP Request,200,,Thread-Gruppe  1-30,text,true,,492,129,100,100,http://localhost:7000/randomRequest,918,0,0
1676157980869,610,HTTP Request,200,,Thread-Gruppe  1-78,text,true,,554,129,100,100,http://localhost:7000/randomRequest,610,0,1
1676157980992,512,HTTP Request,200,,Thread-Gruppe  1-42,text,true,,549,129,100,100,http://localhost:7000/randomRequest,512,0,0
1676157980581,923,HTTP Request,200,,Thread-Gruppe  1-5,text,true,,567,129,100,100,http://localhost:7000/randomRequest,923,0,0
1676157980992,512,HTTP Request,200,,Thread-Gruppe  1-76,text,true,,492,129,100,100,http://localhost:7000/randomRequest,512,0,0
1676157981101,407,HTTP Request,200,,Thread-Gruppe  1-54,text,true,,561,129,100,100,http://localhost:7000/randomRequest,407,0,0
1676157980786,741,HTTP Request,200,,Thread-Gruppe  1-43,text,true,,548,129,100,100,http://localhost:7000/randomRequest,741,0,0
1676157980639,915,HTTP Request,200,,Thread-Gruppe  1-96,text,true,,419,129,100,100,http://localhost:7000/randomRequest,915,0,0
1676157981056,504,HTTP Request,200,,Thread-Gruppe  1-80,text,true,,565,129,100,100,http://localhost:7000/randomRequest,504,0,0
1676157981044,516,HTTP Request,200,,Thread-Gruppe  1-19,text,true,,553,129,100,100,http://localhost:7000/randomRequest,516,0,0
1676157980970,609,HTTP Request,200,,Thread-Gruppe  1-25,text,true,,419,129,100,100,http://localhost:7000/randomRequest,609,0,1
1676157980770,823,HTTP Request,200,,Thread-Gruppe  1-62,text,true,,418,129,100,100,http://localhost:7000/randomRequest,823,0,0
1676157980992,613,HTTP Request,200,,Thread-Gruppe  1-8,text,true,,489,129,100,100,http://localhost:7000/randomRequest,613,0,0
1676157980693,917,HTTP Request,200,,Thread-Gruppe  1-20,text,true,,489,129,100,100,http://localhost:7000/randomRequest,917,0,0
1676157980535,1097,HTTP Request,200,,Thread-Gruppe  1-41,text,true,,633,129,100,100,http://localhost:7000/randomRequest,1097,0,1
1676157980930,721,HTTP Request,200,,Thread-Gruppe  1-65,text,true,,412,129,100,100,http://localhost:7000/randomRequest,721,0,0
1676157981027,624,HTTP Request,200,,Thread-Gruppe  1-61,text,true,,418,129,100,100,http://localhost:7000/randomRequest,624,0,0
1676157980722,929,HTTP Request,200,,Thread-Gruppe  1-83,text,true,,565,129,100,100,http://localhost:7000/randomRequest,929,0,0
1676157980822,829,HTTP Request,200,,Thread-Gruppe  1-33,text,true,,556,129,100,100,http://localhost:7000/randomRequest,829,0,0
1676157981027,624,HTTP Request,200,,Thread-Gruppe  1-27,text,true,,492,129,100,100,http://localhost:7000/randomRequest,624,0,0
1676157980625,1026,HTTP Request,200,,Thread-Gruppe  1-35,text,true,,492,129,100,100,http://localhost:7000/randomRequest,1026,0,0
1676157980639,1016,HTTP Request,200,,Thread-Gruppe  1-87,text,true,,488,129,100,100,http://localhost:7000/randomRequest,1016,0,0
1676157981147,517,HTTP Request,200,,Thread-Gruppe  1-59,text,true,,419,129,100,100,http://localhost:7000/randomRequest,517,0,0
1676157981072,632,HTTP Request,200,,Thread-Gruppe  1-57,text,true,,417,129,100,100,http://localhost:7000/randomRequest,632,0,1
1676157980684,1020,HTTP Request,200,,Thread-Gruppe  1-75,text,true,,562,129,100,100,http://localhost:7000/randomRequest,1020,0,0
1676157980792,921,HTTP Request,200,,Thread-Gruppe  1-52,text,true,,554,129,100,100,http://localhost:7000/randomRequest,921,0,0
1676157980708,1019,HTTP Request,200,,Thread-Gruppe  1-69,text,true,,419,129,100,100,http://localhost:7000/randomRequest,1019,0,0
1676157981126,618,HTTP Request,200,,Thread-Gruppe  1-1,text,true,,416,129,100,100,http://localhost:7000/randomRequest,618,0,0
1676157981376,423,HTTP Request,200,,Thread-Gruppe  1-94,text,true,,417,129,100,100,http://localhost:7000/randomRequest,423,0,0
1676157981183,616,HTTP Request,200,,Thread-Gruppe  1-51,text,true,,492,129,100,100,http://localhost:7000/randomRequest,616,0,1
1676157980992,815,HTTP Request,200,,Thread-Gruppe  1-16,text,true,,419,129,100,100,http://localhost:7000/randomRequest,815,0,0
1676157981299,508,HTTP Request,200,,Thread-Gruppe  1-91,text,true,,570,129,100,100,http://localhost:7000/randomRequest,508,0,0
1676157981196,613,HTTP Request,200,,Thread-Gruppe  1-95,text,true,,553,129,100,100,http://localhost:7000/randomRequest,613,0,0
1676157980892,925,HTTP Request,200,,Thread-Gruppe  1-49,text,true,,417,129,100,100,http://localhost:7000/randomRequest,925,0,0
1676157981101,716,HTTP Request,200,,Thread-Gruppe  1-89,text,true,,492,129,100,100,http://localhost:7000/randomRequest,716,0,0
1676157981034,791,HTTP Request,200,,Thread-Gruppe  1-26,text,true,,647,129,100,100,http://localhost:7000/randomRequest,791,0,0
1676157981323,509,HTTP Request,200,,Thread-Gruppe  1-18,text,true,,419,129,100,100,http://localhost:7000/randomRequest,509,0,0
1676157980447,1400,HTTP Request,200,,Thread-Gruppe  1-98,text,true,,647,129,100,100,http://localhost:7000/randomRequest,1400,0,0
1676157981342,511,HTTP Request,200,,Thread-Gruppe  1-9,text,true,,557,129,100,100,http://localhost:7000/randomRequest,511,0,0
1676157981248,608,HTTP Request,200,,Thread-Gruppe  1-34,text,true,,419,129,100,100,http://localhost:7000/randomRequest,608,0,0
1676157981072,818,HTTP Request,200,,Thread-Gruppe  1-40,text,true,,487,129,100,100,http://localhost:7000/randomRequest,818,0,1
1676157981479,411,HTTP Request,200,,Thread-Gruppe  1-30,text,true,,416,129,100,100,http://localhost:7000/randomRequest,411,0,1
1676157980789,1120,HTTP Request,200,,Thread-Gruppe  1-12,text,true,,485,129,100,100,http://localhost:7000/randomRequest,1120,0,0
1676157980889,1020,HTTP Request,200,,Thread-Gruppe  1-79,text,true,,403,129,100,100,http://localhost:7000/randomRequest,1020,0,0
1676157981072,837,HTTP Request,200,,Thread-Gruppe  1-99,text,true,,668,129,100,100,http://localhost:7000/randomRequest,837,0,1
1676157981299,610,HTTP Request,200,,Thread-Gruppe  1-44,text,true,,418,129,100,100,http://localhost:7000/randomRequest,610,0,0
1676157981403,506,HTTP Request,200,,Thread-Gruppe  1-50,text,true,,417,129,100,100,http://localhost:7000/randomRequest,506,0,0
1676157981504,415,HTTP Request,200,,Thread-Gruppe  1-42,text,true,,418,129,100,100,http://localhost:7000/randomRequest,415,0,0
1676157981323,610,HTTP Request,200,,Thread-Gruppe  1-7,text,true,,418,129,100,100,http://localhost:7000/randomRequest,610,0,0
1676157981126,826,HTTP Request,200,,Thread-Gruppe  1-6,text,true,,419,129,100,100,http://localhost:7000/randomRequest,826,0,0
1676157981239,714,HTTP Request,200,,Thread-Gruppe  1-2,text,true,,481,129,100,100,http://localhost:7000/randomRequest,714,0,1
1676157980822,1131,HTTP Request,200,,Thread-Gruppe  1-72,text,true,,492,129,100,100,http://localhost:7000/randomRequest,1131,0,0
1676157981139,814,HTTP Request,200,,Thread-Gruppe  1-63,text,true,,399,129,100,100,http://localhost:7000/randomRequest,814,0,0
1676157980561,1396,HTTP Request,200,,Thread-Gruppe  1-17,text,true,,527,129,100,100,http://localhost:7000/randomRequest,1396,0,0
1676157981056,901,HTTP Request,200,,Thread-Gruppe  1-10,text,true,,527,129,100,100,http://localhost:7000/randomRequest,901,0,0
1676157980943,1025,HTTP Request,200,,Thread-Gruppe  1-32,text,true,,541,129,100,100,http://localhost:7000/randomRequest,1025,0,0
1676157981256,715,HTTP Request,200,,Thread-Gruppe  1-24,text,true,,552,129,100,100,http://localhost:7000/randomRequest,715,0,1
1676157981359,614,HTTP Request,200,,Thread-Gruppe  1-14,text,true,,419,129,100,100,http://localhost:7000/randomRequest,614,0,0
1676157980489,1503,HTTP Request,200,,Thread-Gruppe  1-71,text,true,,640,129,100,100,http://localhost:7000/randomRequest,1503,0,0
1676157981196,813,HTTP Request,200,,Thread-Gruppe  1-37,text,true,,492,129,100,100,http://localhost:7000/randomRequest,813,0,0
1676157981196,813,HTTP Request,200,,Thread-Gruppe  1-3,text,true,,569,129,100,100,http://localhost:7000/randomRequest,813,0,0
1676157981504,517,HTTP Request,200,,Thread-Gruppe  1-5,text,true,,570,129,100,100,http://localhost:7000/randomRequest,517,0,0
1676157981337,716,HTTP Request,200,,Thread-Gruppe  1-4,text,true,,492,129,100,100,http://localhost:7000/randomRequest,716,0,0
1676157981232,821,HTTP Request,200,,Thread-Gruppe  1-82,text,true,,418,129,100,100,http://localhost:7000/randomRequest,821,0,1
1676157981442,611,HTTP Request,200,,Thread-Gruppe  1-93,text,true,,492,129,100,100,http://localhost:7000/randomRequest,611,0,0
1676157980930,1127,HTTP Request,200,,Thread-Gruppe  1-45,text,true,,403,129,100,100,http://localhost:7000/randomRequest,1127,0,0
1676157981554,503,HTTP Request,200,,Thread-Gruppe  1-96,text,true,,492,129,100,100,http://localhost:7000/randomRequest,503,0,1
1676157981251,808,HTTP Request,200,,Thread-Gruppe  1-97,text,true,,561,129,100,100,http://localhost:7000/randomRequest,808,0,0
1676157981561,511,HTTP Request,200,,Thread-Gruppe  1-19,text,true,,551,129,100,100,http://localhost:7000/randomRequest,511,0,0
1676157981276,817,HTTP Request,200,,Thread-Gruppe  1-53,text,true,,530,129,100,100,http://localhost:7000/randomRequest,817,0,0
1676157981403,709,HTTP Request,200,,Thread-Gruppe  1-67,text,true,,415,129,100,100,http://localhost:7000/randomRequest,709,0,0
1676157981508,615,HTTP Request,200,,Thread-Gruppe  1-54,text,true,,490,129,100,100,http://localhost:7000/randomRequest,615,0,1
1676157981527,616,HTTP Request,200,,Thread-Gruppe  1-43,text,true,,488,129,100,100,http://localhost:7000/randomRequest,616,0,1
1676157981632,519,HTTP Request,200,,Thread-Gruppe  1-41,text,true,,419,129,100,100,http://localhost:7000/randomRequest,519,0,0
1676157981479,678,HTTP Request,200,,Thread-Gruppe  1-31,text,true,,417,129,100,100,http://localhost:7000/randomRequest,678,0,1
1676157981504,655,HTTP Request,200,,Thread-Gruppe  1-76,text,true,,417,129,100,100,http://localhost:7000/randomRequest,655,0,0
1676157980621,1538,HTTP Request,200,,Thread-Gruppe  1-88,text,true,,537,129,100,100,http://localhost:7000/randomRequest,1538,0,1
1676157981354,815,HTTP Request,200,,Thread-Gruppe  1-64,text,true,,403,129,100,100,http://localhost:7000/randomRequest,815,0,1
1676157981651,522,HTTP Request,200,,Thread-Gruppe  1-65,text,true,,417,129,100,100,http://localhost:7000/randomRequest,522,0,1
1676157981359,814,HTTP Request,200,,Thread-Gruppe  1-60,text,true,,416,129,100,100,http://localhost:7000/randomRequest,814,0,0
1676157981342,831,HTTP Request,200,,Thread-Gruppe  1-38,text,true,,556,129,100,100,http://localhost:7000/randomRequest,831,0,0
1676157981376,815,HTTP Request,200,,Thread-Gruppe  1-70,text,true,,492,129,100,100,http://localhost:7000/randomRequest,815,0,0
1676157981156,1053,HTTP Request,200,,Thread-Gruppe  1-28,text,true,,683,129,100,100,http://localhost:7000/randomRequest,1053,0,0
1676157981593,618,HTTP Request,200,,Thread-Gruppe  1-62,text,true,,490,129,100,100,http://localhost:7000/randomRequest,618,0,0
1676157981610,613,HTTP Request,200,,Thread-Gruppe  1-20,text,true,,489,129,100,100,http://localhost:7000/randomRequest,613,0,0
1676157981727,517,HTTP Request,200,,Thread-Gruppe  1-69,text,true,,554,129,100,100,http://localhost:7000/randomRequest,517,0,1
1676157980954,1321,HTTP Request,200,,Thread-Gruppe  1-39,text,true,,486,129,100,100,http://localhost:7000/randomRequest,1321,0,0
1676157981651,643,HTTP Request,200,,Thread-Gruppe  1-27,text,true,,417,129,100,100,http://localhost:7000/randomRequest,643,0,1
1676157981376,918,HTTP Request,200,,Thread-Gruppe  1-74,text,true,,570,129,100,100,http://localhost:7000/randomRequest,918,0,0
1676157981705,612,HTTP Request,200,,Thread-Gruppe  1-75,text,true,,521,129,100,100,http://localhost:7000/randomRequest,612,0,0
1676157981406,926,HTTP Request,200,,Thread-Gruppe  1-11,text,true,,485,129,100,100,http://localhost:7000/randomRequest,926,0,0
1676157980853,1496,HTTP Request,200,,Thread-Gruppe  1-58,text,true,,541,129,100,100,http://localhost:7000/randomRequest,1496,0,0
1676157981651,706,HTTP Request,200,,Thread-Gruppe  1-61,text,true,,555,129,100,100,http://localhost:7000/randomRequest,706,0,1
1676157981561,817,HTTP Request,200,,Thread-Gruppe  1-80,text,true,,560,129,100,100,http://localhost:7000/randomRequest,817,0,0
1676157981479,920,HTTP Request,200,,Thread-Gruppe  1-78,text,true,,555,129,100,100,http://localhost:7000/randomRequest,920,0,1
1676157981479,920,HTTP Request,200,,Thread-Gruppe  1-23,text,true,,403,129,100,100,http://localhost:7000/randomRequest,920,0,1
1676157981890,509,HTTP Request,200,,Thread-Gruppe  1-30,text,true,,418,129,100,100,http://localhost:7000/randomRequest,509,0,0
1676157981605,817,HTTP Request,200,,Thread-Gruppe  1-8,text,true,,546,129,100,100,http://localhost:7000/randomRequest,817,0,0
1676157981403,1019,HTTP Request,200,,Thread-Gruppe  1-22,text,true,,401,129,100,100,http://localhost:7000/randomRequest,1019,0,0
1676157981342,1090,HTTP Request,200,,Thread-Gruppe  1-100,text,true,,540,129,100,100,http://localhost:7000/randomRequest,1090,0,0
1676157981651,806,HTTP Request,200,,Thread-Gruppe  1-83,text,true,,419,129,100,100,http://localhost:7000/randomRequest,806,0,1
1676157981953,504,HTTP Request,200,,Thread-Gruppe  1-6,text,true,,560,129,100,100,http://localhost:7000/randomRequest,504,0,0
1676157981460,1022,HTTP Request,200,,Thread-Gruppe  1-56,text,true,,492,129,100,100,http://localhost:7000/randomRequest,1022,0,0
1676157981957,536,HTTP Request,200,,Thread-Gruppe  1-10,text,true,,417,129,100,100,http://localhost:7000/randomRequest,536,0,0
1676157981705,819,HTTP Request,200,,Thread-Gruppe  1-57,text,true,,489,129,100,100,http://localhost:7000/randomRequest,819,0,0
1676157981651,909,HTTP Request,200,,Thread-Gruppe  1-33,text,true,,418,129,100,100,http://localhost:7000/randomRequest,909,0,1
1676157982054,513,HTTP Request,200,,Thread-Gruppe  1-82,text,true,,419,129,100,100,http://localhost:7000/randomRequest,513,0,0
1676157981664,919,HTTP Request,200,,Thread-Gruppe  1-59,text,true,,488,129,100,100,http://localhost:7000/randomRequest,919,0,0
1676157981799,784,HTTP Request,200,,Thread-Gruppe  1-94,text,true,,641,129,100,100,http://localhost:7000/randomRequest,784,0,0
1676157982093,517,HTTP Request,200,,Thread-Gruppe  1-53,text,true,,492,129,100,100,http://localhost:7000/randomRequest,517,0,0
1676157982209,413,HTTP Request,200,,Thread-Gruppe  1-28,text,true,,416,129,100,100,http://localhost:7000/randomRequest,413,0,0
1676157982112,515,HTTP Request,200,,Thread-Gruppe  1-67,text,true,,419,129,100,100,http://localhost:7000/randomRequest,515,0,0
1676157981919,708,HTTP Request,200,,Thread-Gruppe  1-42,text,true,,419,129,100,100,http://localhost:7000/randomRequest,708,0,1
1676157981825,826,HTTP Request,200,,Thread-Gruppe  1-26,text,true,,492,129,100,100,http://localhost:7000/randomRequest,826,0,1
1676157982151,510,HTTP Request,200,,Thread-Gruppe  1-41,text,true,,547,129,100,100,http://localhost:7000/randomRequest,510,0,0
1676157982158,511,HTTP Request,200,,Thread-Gruppe  1-31,text,true,,492,129,100,100,http://localhost:7000/randomRequest,511,0,0
1676157981953,717,HTTP Request,200,,Thread-Gruppe  1-2,text,true,,536,129,100,100,http://localhost:7000/randomRequest,717,0,1
1676157981256,1415,HTTP Request,200,,Thread-Gruppe  1-36,text,true,,541,129,100,100,http://localhost:7000/randomRequest,1415,0,1
1676157982054,617,HTTP Request,200,,Thread-Gruppe  1-93,text,true,,573,129,100,100,http://localhost:7000/randomRequest,617,0,0
1676157982059,618,HTTP Request,200,,Thread-Gruppe  1-97,text,true,,571,129,100,100,http://localhost:7000/randomRequest,618,0,0
1676157981971,716,HTTP Request,200,,Thread-Gruppe  1-24,text,true,,418,129,100,100,http://localhost:7000/randomRequest,716,0,1
1676157982072,615,HTTP Request,200,,Thread-Gruppe  1-19,text,true,,485,129,100,100,http://localhost:7000/randomRequest,615,0,0
1676157981807,915,HTTP Request,200,,Thread-Gruppe  1-16,text,true,,419,129,100,100,http://localhost:7000/randomRequest,915,0,0
1676157981909,822,HTTP Request,200,,Thread-Gruppe  1-44,text,true,,492,129,100,100,http://localhost:7000/randomRequest,822,0,0
1676157981817,914,HTTP Request,200,,Thread-Gruppe  1-89,text,true,,558,129,100,100,http://localhost:7000/randomRequest,914,0,1
1676157981847,884,HTTP Request,200,,Thread-Gruppe  1-98,text,true,,647,129,100,100,http://localhost:7000/randomRequest,884,0,1
1676157981745,986,HTTP Request,200,,Thread-Gruppe  1-1,text,true,,647,129,100,100,http://localhost:7000/randomRequest,986,0,0
1676157981239,1492,HTTP Request,200,,Thread-Gruppe  1-48,text,true,,643,129,100,100,http://localhost:7000/randomRequest,1492,0,1
1676157981342,1400,HTTP Request,200,,Thread-Gruppe  1-21,text,true,,647,129,100,100,http://localhost:7000/randomRequest,1400,0,0
1676157981655,1110,HTTP Request,200,,Thread-Gruppe  1-87,text,true,,541,129,100,100,http://localhost:7000/randomRequest,1110,0,0
1676157981579,1192,HTTP Request,200,,Thread-Gruppe  1-25,text,true,,541,129,100,100,http://localhost:7000/randomRequest,1192,0,0
1676157982057,714,HTTP Request,200,,Thread-Gruppe  1-45,text,true,,492,129,100,100,http://localhost:7000/randomRequest,714,0,1
1676157982159,612,HTTP Request,200,,Thread-Gruppe  1-88,text,true,,488,129,100,100,http://localhost:7000/randomRequest,612,0,1
1676157981957,814,HTTP Request,200,,Thread-Gruppe  1-17,text,true,,492,129,100,100,http://localhost:7000/randomRequest,814,0,0
1676157982169,608,HTTP Request,200,,Thread-Gruppe  1-64,text,true,,419,129,100,100,http://localhost:7000/randomRequest,608,0,0
1676157981856,921,HTTP Request,200,,Thread-Gruppe  1-34,text,true,,492,129,100,100,http://localhost:7000/randomRequest,921,0,0
1676157982173,617,HTTP Request,200,,Thread-Gruppe  1-38,text,true,,492,129,100,100,http://localhost:7000/randomRequest,617,0,1
1676157981807,998,HTTP Request,200,,Thread-Gruppe  1-91,text,true,,541,129,100,100,http://localhost:7000/randomRequest,998,0,0
1676157981992,841,HTTP Request,200,,Thread-Gruppe  1-71,text,true,,677,129,100,100,http://localhost:7000/randomRequest,841,0,0
1676157982009,824,HTTP Request,200,,Thread-Gruppe  1-37,text,true,,481,129,100,100,http://localhost:7000/randomRequest,824,0,0
1676157982021,812,HTTP Request,200,,Thread-Gruppe  1-5,text,true,,492,129,100,100,http://localhost:7000/randomRequest,812,0,0
1676157982433,411,HTTP Request,200,,Thread-Gruppe  1-100,text,true,,481,129,100,100,http://localhost:7000/randomRequest,411,0,0
1676157981651,1202,HTTP Request,200,,Thread-Gruppe  1-35,text,true,,647,129,100,100,http://localhost:7000/randomRequest,1202,0,1
1676157982054,819,HTTP Request,200,,Thread-Gruppe  1-4,text,true,,863,129,100,100,http://localhost:7000/randomRequest,819,0,0
1676157982057,816,HTTP Request,200,,Thread-Gruppe  1-96,text,true,,419,129,100,100,http://localhost:7000/randomRequest,816,0,1
1676157982159,714,HTTP Request,200,,Thread-Gruppe  1-76,text,true,,481,129,100,100,http://localhost:7000/randomRequest,714,0,1
1676157982275,616,HTTP Request,200,,Thread-Gruppe  1-39,text,true,,418,129,100,100,http://localhost:7000/randomRequest,616,0,1
1676157982294,617,HTTP Request,200,,Thread-Gruppe  1-74,text,true,,548,129,100,100,http://localhost:7000/randomRequest,617,0,0
1676157982400,511,HTTP Request,200,,Thread-Gruppe  1-23,text,true,,492,129,100,100,http://localhost:7000/randomRequest,511,0,0
1676157982191,720,HTTP Request,200,,Thread-Gruppe  1-70,text,true,,419,129,100,100,http://localhost:7000/randomRequest,720,0,0
1676157982224,709,HTTP Request,200,,Thread-Gruppe  1-20,text,true,,419,129,100,100,http://localhost:7000/randomRequest,709,0,0
1676157982349,609,HTTP Request,200,,Thread-Gruppe  1-58,text,true,,481,129,100,100,http://localhost:7000/randomRequest,609,0,0
1676157982457,517,HTTP Request,200,,Thread-Gruppe  1-83,text,true,,483,129,100,100,http://localhost:7000/randomRequest,517,0,0
1676157982457,517,HTTP Request,200,,Thread-Gruppe  1-6,text,true,,567,129,100,100,http://localhost:7000/randomRequest,517,0,0
1676157981953,1022,HTTP Request,200,,Thread-Gruppe  1-72,text,true,,417,129,100,100,http://localhost:7000/randomRequest,1022,0,1
1676157982378,616,HTTP Request,200,,Thread-Gruppe  1-80,text,true,,419,129,100,100,http://localhost:7000/randomRequest,616,0,0
1676157981910,1097,HTTP Request,200,,Thread-Gruppe  1-50,text,true,,643,129,100,100,http://localhost:7000/randomRequest,1097,0,0
1676157981713,1310,HTTP Request,200,,Thread-Gruppe  1-52,text,true,,537,129,100,100,http://localhost:7000/randomRequest,1310,0,0
1676157982610,413,HTTP Request,200,,Thread-Gruppe  1-53,text,true,,492,129,100,100,http://localhost:7000/randomRequest,413,0,0
1676157982211,812,HTTP Request,200,,Thread-Gruppe  1-62,text,true,,560,129,100,100,http://localhost:7000/randomRequest,812,0,0
1676157982524,509,HTTP Request,200,,Thread-Gruppe  1-57,text,true,,492,129,100,100,http://localhost:7000/randomRequest,509,0,1
1676157982332,712,HTTP Request,200,,Thread-Gruppe  1-11,text,true,,419,129,100,100,http://localhost:7000/randomRequest,712,0,0
1676157982661,413,HTTP Request,200,,Thread-Gruppe  1-41,text,true,,568,129,100,100,http://localhost:7000/randomRequest,413,0,0
1676157982357,717,HTTP Request,200,,Thread-Gruppe  1-61,text,true,,546,129,100,100,http://localhost:7000/randomRequest,717,0,0
1676157982677,406,HTTP Request,200,,Thread-Gruppe  1-97,text,true,,492,129,100,100,http://localhost:7000/randomRequest,406,0,0
1676157981973,1135,HTTP Request,200,,Thread-Gruppe  1-14,text,true,,417,129,100,100,http://localhost:7000/randomRequest,1135,0,0
1676157982400,718,HTTP Request,200,,Thread-Gruppe  1-78,text,true,,553,129,100,100,http://localhost:7000/randomRequest,718,0,0
1676157981909,1224,HTTP Request,200,,Thread-Gruppe  1-99,text,true,,572,129,100,100,http://localhost:7000/randomRequest,1224,0,0
1676157982731,428,HTTP Request,200,,Thread-Gruppe  1-98,text,true,,419,129,100,100,http://localhost:7000/randomRequest,428,0,0
1676157982627,532,HTTP Request,200,,Thread-Gruppe  1-42,text,true,,418,129,100,100,http://localhost:7000/randomRequest,532,0,0
1676157981832,1333,HTTP Request,200,,Thread-Gruppe  1-18,text,true,,527,129,100,100,http://localhost:7000/randomRequest,1333,0,0
1676157982766,415,HTTP Request,200,,Thread-Gruppe  1-87,text,true,,565,129,100,100,http://localhost:7000/randomRequest,415,0,0
1676157981953,1228,HTTP Request,200,,Thread-Gruppe  1-63,text,true,,403,129,100,100,http://localhost:7000/randomRequest,1228,0,1
1676157982771,410,HTTP Request,200,,Thread-Gruppe  1-17,text,true,,419,129,100,100,http://localhost:7000/randomRequest,410,0,1
1676157982687,516,HTTP Request,200,,Thread-Gruppe  1-24,text,true,,492,129,100,100,http://localhost:7000/randomRequest,516,0,0
1676157982583,622,HTTP Request,200,,Thread-Gruppe  1-59,text,true,,419,129,100,100,http://localhost:7000/randomRequest,622,0,1
1676157982400,822,HTTP Request,200,,Thread-Gruppe  1-30,text,true,,492,129,100,100,http://localhost:7000/randomRequest,822,0,0
1676157981909,1330,HTTP Request,200,,Thread-Gruppe  1-12,text,true,,490,129,100,100,http://localhost:7000/randomRequest,1330,0,0
1676157982422,817,HTTP Request,200,,Thread-Gruppe  1-8,text,true,,490,129,100,100,http://localhost:7000/randomRequest,817,0,0
1676157982731,518,HTTP Request,200,,Thread-Gruppe  1-44,text,true,,481,129,100,100,http://localhost:7000/randomRequest,518,0,0
1676157981909,1353,HTTP Request,200,,Thread-Gruppe  1-79,text,true,,417,129,100,100,http://localhost:7000/randomRequest,1353,0,0
1676157982853,415,HTTP Request,200,,Thread-Gruppe  1-35,text,true,,557,129,100,100,http://localhost:7000/randomRequest,415,0,0
1676157982560,724,HTTP Request,200,,Thread-Gruppe  1-33,text,true,,490,129,100,100,http://localhost:7000/randomRequest,724,0,1
1676157982568,716,HTTP Request,200,,Thread-Gruppe  1-82,text,true,,403,129,100,100,http://localhost:7000/randomRequest,716,0,0
1676157982173,1133,HTTP Request,200,,Thread-Gruppe  1-60,text,true,,564,129,100,100,http://localhost:7000/randomRequest,1133,0,1
1676157982891,415,HTTP Request,200,,Thread-Gruppe  1-39,text,true,,489,129,100,100,http://localhost:7000/randomRequest,415,0,1
1676157982791,515,HTTP Request,200,,Thread-Gruppe  1-38,text,true,,554,129,100,100,http://localhost:7000/randomRequest,515,0,0
1676157981799,1507,HTTP Request,200,,Thread-Gruppe  1-51,text,true,,536,129,100,100,http://localhost:7000/randomRequest,1507,0,0
1676157981890,1432,HTTP Request,200,,Thread-Gruppe  1-40,text,true,,489,129,100,100,http://localhost:7000/randomRequest,1432,0,0
1676157981817,1505,HTTP Request,200,,Thread-Gruppe  1-49,text,true,,541,129,100,100,http://localhost:7000/randomRequest,1505,0,1
1676157981809,1530,HTTP Request,200,,Thread-Gruppe  1-95,text,true,,492,129,100,100,http://localhost:7000/randomRequest,1530,0,1
1676157982009,1330,HTTP Request,200,,Thread-Gruppe  1-3,text,true,,485,129,100,100,http://localhost:7000/randomRequest,1330,0,0
1676157982731,620,HTTP Request,200,,Thread-Gruppe  1-48,text,true,,481,129,100,100,http://localhost:7000/randomRequest,620,0,0
1676157982731,620,HTTP Request,200,,Thread-Gruppe  1-1,text,true,,553,129,100,100,http://localhost:7000/randomRequest,620,0,0
1676157982731,620,HTTP Request,200,,Thread-Gruppe  1-89,text,true,,492,129,100,100,http://localhost:7000/randomRequest,620,0,0
1676157982844,516,HTTP Request,200,,Thread-Gruppe  1-100,text,true,,419,129,100,100,http://localhost:7000/randomRequest,516,0,0
1676157982173,1199,HTTP Request,200,,Thread-Gruppe  1-65,text,true,,527,129,100,100,http://localhost:7000/randomRequest,1199,0,1
1676157981933,1439,HTTP Request,200,,Thread-Gruppe  1-7,text,true,,403,129,100,100,http://localhost:7000/randomRequest,1439,0,1
1676157982670,719,HTTP Request,200,,Thread-Gruppe  1-31,text,true,,419,129,100,100,http://localhost:7000/randomRequest,719,0,0
1676157981853,1536,HTTP Request,200,,Thread-Gruppe  1-9,text,true,,489,129,100,100,http://localhost:7000/randomRequest,1536,0,0
1676157982771,618,HTTP Request,200,,Thread-Gruppe  1-45,text,true,,563,129,100,100,http://localhost:7000/randomRequest,618,0,1
1676157982771,618,HTTP Request,200,,Thread-Gruppe  1-88,text,true,,551,129,100,100,http://localhost:7000/randomRequest,618,0,1
1676157982771,618,HTTP Request,200,,Thread-Gruppe  1-25,text,true,,485,129,100,100,http://localhost:7000/randomRequest,618,0,1
1676157982318,1090,HTTP Request,200,,Thread-Gruppe  1-75,text,true,,541,129,100,100,http://localhost:7000/randomRequest,1090,0,0
1676157982482,926,HTTP Request,200,,Thread-Gruppe  1-56,text,true,,490,129,100,100,http://localhost:7000/randomRequest,926,0,0
1676157982722,716,HTTP Request,200,,Thread-Gruppe  1-16,text,true,,418,129,100,100,http://localhost:7000/randomRequest,716,0,1
1676157983045,413,HTTP Request,200,,Thread-Gruppe  1-11,text,true,,419,129,100,100,http://localhost:7000/randomRequest,413,0,0
1676157982244,1224,HTTP Request,200,,Thread-Gruppe  1-69,text,true,,534,129,100,100,http://localhost:7000/randomRequest,1224,0,0
1676157982671,797,HTTP Request,200,,Thread-Gruppe  1-36,text,true,,494,129,100,100,http://localhost:7000/randomRequest,797,0,0
1676157982651,821,HTTP Request,200,,Thread-Gruppe  1-26,text,true,,696,129,100,100,http://localhost:7000/randomRequest,821,0,0
1676157982777,724,HTTP Request,200,,Thread-Gruppe  1-34,text,true,,492,129,100,100,http://localhost:7000/randomRequest,724,0,1
1676157982294,1215,HTTP Request,200,,Thread-Gruppe  1-27,text,true,,540,129,100,100,http://localhost:7000/randomRequest,1215,0,0
1676157982583,926,HTTP Request,200,,Thread-Gruppe  1-94,text,true,,419,129,100,100,http://localhost:7000/randomRequest,926,0,1
1676157982994,515,HTTP Request,200,,Thread-Gruppe  1-80,text,true,,419,129,100,100,http://localhost:7000/randomRequest,515,0,0
1676157982687,822,HTTP Request,200,,Thread-Gruppe  1-19,text,true,,492,129,100,100,http://localhost:7000/randomRequest,822,0,0
1676157982422,1091,HTTP Request,200,,Thread-Gruppe  1-22,text,true,,541,129,100,100,http://localhost:7000/randomRequest,1091,0,0
1676157982806,719,HTTP Request,200,,Thread-Gruppe  1-91,text,true,,492,129,100,100,http://localhost:7000/randomRequest,719,0,0
1676157982911,614,HTTP Request,200,,Thread-Gruppe  1-23,text,true,,565,129,100,100,http://localhost:7000/randomRequest,614,0,1
1676157983023,510,HTTP Request,200,,Thread-Gruppe  1-62,text,true,,419,129,100,100,http://localhost:7000/randomRequest,510,0,0
1676157982622,919,HTTP Request,200,,Thread-Gruppe  1-28,text,true,,553,129,100,100,http://localhost:7000/randomRequest,919,0,1
1676157983118,431,HTTP Request,200,,Thread-Gruppe  1-78,text,true,,676,129,100,100,http://localhost:7000/randomRequest,431,0,0
1676157982933,616,HTTP Request,200,,Thread-Gruppe  1-20,text,true,,403,129,100,100,http://localhost:7000/randomRequest,616,0,0
1676157982833,725,HTTP Request,200,,Thread-Gruppe  1-5,text,true,,492,129,100,100,http://localhost:7000/randomRequest,725,0,0
1676157983159,408,HTTP Request,200,,Thread-Gruppe  1-42,text,true,,492,129,100,100,http://localhost:7000/randomRequest,408,0,0
1676157982958,615,HTTP Request,200,,Thread-Gruppe  1-58,text,true,,492,129,100,100,http://localhost:7000/randomRequest,615,0,0
1676157982975,619,HTTP Request,200,,Thread-Gruppe  1-72,text,true,,492,129,100,100,http://localhost:7000/randomRequest,619,0,1
1676157983023,615,HTTP Request,200,,Thread-Gruppe  1-52,text,true,,492,129,100,100,http://localhost:7000/randomRequest,615,0,0
1676157983033,608,HTTP Request,200,,Thread-Gruppe  1-57,text,true,,419,129,100,100,http://localhost:7000/randomRequest,608,0,0
1676157983262,411,HTTP Request,200,,Thread-Gruppe  1-79,text,true,,418,129,100,100,http://localhost:7000/randomRequest,411,0,1
1676157982974,721,HTTP Request,200,,Thread-Gruppe  1-6,text,true,,492,129,100,100,http://localhost:7000/randomRequest,721,0,0
1676157983074,621,HTTP Request,200,,Thread-Gruppe  1-61,text,true,,417,129,100,100,http://localhost:7000/randomRequest,621,0,1
1676157983284,411,HTTP Request,200,,Thread-Gruppe  1-82,text,true,,419,129,100,100,http://localhost:7000/randomRequest,411,0,0
1676157982974,721,HTTP Request,200,,Thread-Gruppe  1-83,text,true,,403,129,100,100,http://localhost:7000/randomRequest,721,0,0
1676157982777,929,HTTP Request,200,,Thread-Gruppe  1-64,text,true,,492,129,100,100,http://localhost:7000/randomRequest,929,0,1
1676157982123,1616,HTTP Request,200,,Thread-Gruppe  1-54,text,true,,526,129,100,100,http://localhost:7000/randomRequest,1616,0,1
1676157982627,1117,HTTP Request,200,,Thread-Gruppe  1-67,text,true,,492,129,100,100,http://localhost:7000/randomRequest,1117,0,0
1676157983249,511,HTTP Request,200,,Thread-Gruppe  1-44,text,true,,556,129,100,100,http://localhost:7000/randomRequest,511,0,0
1676157983159,613,HTTP Request,200,,Thread-Gruppe  1-98,text,true,,558,129,100,100,http://localhost:7000/randomRequest,613,0,0
1676157983165,611,HTTP Request,200,,Thread-Gruppe  1-18,text,true,,546,129,100,100,http://localhost:7000/randomRequest,611,0,1
1676157983181,615,HTTP Request,200,,Thread-Gruppe  1-63,text,true,,568,129,100,100,http://localhost:7000/randomRequest,615,0,0
1676157983181,615,HTTP Request,200,,Thread-Gruppe  1-17,text,true,,489,129,100,100,http://localhost:7000/randomRequest,615,0,0
1676157983083,713,HTTP Request,200,,Thread-Gruppe  1-97,text,true,,492,129,100,100,http://localhost:7000/randomRequest,713,0,1
1676157983306,509,HTTP Request,200,,Thread-Gruppe  1-38,text,true,,418,129,100,100,http://localhost:7000/randomRequest,509,0,1
1676157983222,611,HTTP Request,200,,Thread-Gruppe  1-30,text,true,,549,129,100,100,http://localhost:7000/randomRequest,611,0,1
1676157983239,616,HTTP Request,200,,Thread-Gruppe  1-8,text,true,,492,129,100,100,http://localhost:7000/randomRequest,616,0,0
1676157983339,516,HTTP Request,200,,Thread-Gruppe  1-95,text,true,,554,129,100,100,http://localhost:7000/randomRequest,516,0,0
1676157982742,1119,HTTP Request,200,,Thread-Gruppe  1-21,text,true,,488,129,100,100,http://localhost:7000/randomRequest,1119,0,0
1676157983352,509,HTTP Request,200,,Thread-Gruppe  1-1,text,true,,415,129,100,100,http://localhost:7000/randomRequest,509,0,0
1676157982493,1406,HTTP Request,200,,Thread-Gruppe  1-10,text,true,,641,129,100,100,http://localhost:7000/randomRequest,1406,0,1
1676157982670,1229,HTTP Request,200,,Thread-Gruppe  1-2,text,true,,403,129,100,100,http://localhost:7000/randomRequest,1229,0,0
1676157983372,527,HTTP Request,200,,Thread-Gruppe  1-7,text,true,,474,129,100,100,http://localhost:7000/randomRequest,527,0,0
1676157983408,512,HTTP Request,200,,Thread-Gruppe  1-56,text,true,,492,129,100,100,http://localhost:7000/randomRequest,512,0,0
1676157983306,614,HTTP Request,200,,Thread-Gruppe  1-51,text,true,,492,129,100,100,http://localhost:7000/randomRequest,614,0,1
1676157983203,717,HTTP Request,200,,Thread-Gruppe  1-24,text,true,,485,129,100,100,http://localhost:7000/randomRequest,717,0,0
1676157983509,411,HTTP Request,200,,Thread-Gruppe  1-19,text,true,,419,129,100,100,http://localhost:7000/randomRequest,411,0,0
1676157983408,512,HTTP Request,200,,Thread-Gruppe  1-75,text,true,,485,129,100,100,http://localhost:7000/randomRequest,512,0,0
1676157983008,926,HTTP Request,200,,Thread-Gruppe  1-50,text,true,,481,129,100,100,http://localhost:7000/randomRequest,926,0,0
1676157982833,1102,HTTP Request,200,,Thread-Gruppe  1-37,text,true,,645,129,100,100,http://localhost:7000/randomRequest,1102,0,0
1676157983323,622,HTTP Request,200,,Thread-Gruppe  1-40,text,true,,485,129,100,100,http://localhost:7000/randomRequest,622,0,0
1676157983525,421,HTTP Request,200,,Thread-Gruppe  1-23,text,true,,403,129,100,100,http://localhost:7000/randomRequest,421,0,0
1676157983306,641,HTTP Request,200,,Thread-Gruppe  1-39,text,true,,666,129,100,100,http://localhost:7000/randomRequest,641,0,1
1676157983074,887,HTTP Request,200,,Thread-Gruppe  1-41,text,true,,647,129,100,100,http://localhost:7000/randomRequest,887,0,1
1676157983372,613,HTTP Request,200,,Thread-Gruppe  1-65,text,true,,482,129,100,100,http://localhost:7000/randomRequest,613,0,0
1676157983269,716,HTTP Request,200,,Thread-Gruppe  1-35,text,true,,403,129,100,100,http://localhost:7000/randomRequest,716,0,0
1676157983284,718,HTTP Request,200,,Thread-Gruppe  1-33,text,true,,4154,129,100,100,http://localhost:7000/randomRequest,718,0,0
1676157983389,613,HTTP Request,200,,Thread-Gruppe  1-31,text,true,,565,129,100,100,http://localhost:7000/randomRequest,613,0,0
1676157983205,819,HTTP Request,200,,Thread-Gruppe  1-59,text,true,,490,129,100,100,http://localhost:7000/randomRequest,819,0,0
1676157983509,515,HTTP Request,200,,Thread-Gruppe  1-27,text,true,,419,129,100,100,http://localhost:7000/randomRequest,515,0,0
1676157982911,1131,HTTP Request,200,,Thread-Gruppe  1-70,text,true,,492,129,100,100,http://localhost:7000/randomRequest,1131,0,1
1676157983458,614,HTTP Request,200,,Thread-Gruppe  1-11,text,true,,555,129,100,100,http://localhost:7000/randomRequest,614,0,0
1676157983567,512,HTTP Request,200,,Thread-Gruppe  1-42,text,true,,403,129,100,100,http://localhost:7000/randomRequest,512,0,1
1676157983472,617,HTTP Request,200,,Thread-Gruppe  1-26,text,true,,492,129,100,100,http://localhost:7000/randomRequest,617,0,0
1676157983352,744,HTTP Request,200,,Thread-Gruppe  1-89,text,true,,677,129,100,100,http://localhost:7000/randomRequest,744,0,0
1676157983108,994,HTTP Request,200,,Thread-Gruppe  1-14,text,true,,645,129,100,100,http://localhost:7000/randomRequest,994,0,0
1676157982874,1229,HTTP Request,200,,Thread-Gruppe  1-76,text,true,,488,129,100,100,http://localhost:7000/randomRequest,1229,0,0
1676157983181,922,HTTP Request,200,,Thread-Gruppe  1-87,text,true,,519,129,100,100,http://localhost:7000/randomRequest,922,0,0
1676157983389,714,HTTP Request,200,,Thread-Gruppe  1-25,text,true,,547,129,100,100,http://localhost:7000/randomRequest,714,0,0
1676157981969,2134,HTTP Request,200,,Thread-Gruppe  1-32,text,true,,492,129,100,100,http://localhost:7000/randomRequest,2134,0,0
1676157983696,413,HTTP Request,200,,Thread-Gruppe  1-82,text,true,,569,129,100,100,http://localhost:7000/randomRequest,413,0,0
1676157983501,622,HTTP Request,200,,Thread-Gruppe  1-34,text,true,,492,129,100,100,http://localhost:7000/randomRequest,622,0,0
1676157983525,617,HTTP Request,200,,Thread-Gruppe  1-91,text,true,,490,129,100,100,http://localhost:7000/randomRequest,617,0,0
1676157983323,819,HTTP Request,200,,Thread-Gruppe  1-49,text,true,,419,129,100,100,http://localhost:7000/randomRequest,819,0,0
1676157983509,635,HTTP Request,200,,Thread-Gruppe  1-80,text,true,,417,129,100,100,http://localhost:7000/randomRequest,635,0,0
1676157983533,641,HTTP Request,200,,Thread-Gruppe  1-62,text,true,,541,129,100,100,http://localhost:7000/randomRequest,641,0,0
1676157983549,625,HTTP Request,200,,Thread-Gruppe  1-78,text,true,,492,129,100,100,http://localhost:7000/randomRequest,625,0,0
1676157983772,412,HTTP Request,200,,Thread-Gruppe  1-98,text,true,,417,129,100,100,http://localhost:7000/randomRequest,412,0,0
1676157982144,2056,HTTP Request,200,,Thread-Gruppe  1-43,text,true,,403,129,100,100,http://localhost:7000/randomRequest,2056,0,0
1676157983389,811,HTTP Request,200,,Thread-Gruppe  1-88,text,true,,481,129,100,100,http://localhost:7000/randomRequest,811,0,0
1676157983306,900,HTTP Request,200,,Thread-Gruppe  1-60,text,true,,647,129,100,100,http://localhost:7000/randomRequest,900,0,1
1676157983594,613,HTTP Request,200,,Thread-Gruppe  1-72,text,true,,419,129,100,100,http://localhost:7000/randomRequest,613,0,1
1676157983696,517,HTTP Request,200,,Thread-Gruppe  1-83,text,true,,548,129,100,100,http://localhost:7000/randomRequest,517,0,0
1676157983696,517,HTTP Request,200,,Thread-Gruppe  1-6,text,true,,568,129,100,100,http://localhost:7000/randomRequest,517,0,0
1676157983706,511,HTTP Request,200,,Thread-Gruppe  1-64,text,true,,485,129,100,100,http://localhost:7000/randomRequest,511,0,0
1676157983509,719,HTTP Request,200,,Thread-Gruppe  1-94,text,true,,1198,129,100,100,http://localhost:7000/randomRequest,719,0,0
1676157983133,1128,HTTP Request,200,,Thread-Gruppe  1-99,text,true,,402,129,100,100,http://localhost:7000/randomRequest,1128,0,1
1676157983796,513,HTTP Request,200,,Thread-Gruppe  1-63,text,true,,563,129,100,100,http://localhost:7000/randomRequest,513,0,0
1676157982874,1435,HTTP Request,200,,Thread-Gruppe  1-96,text,true,,481,129,100,100,http://localhost:7000/randomRequest,1435,0,0
1676157982671,1638,HTTP Request,200,,Thread-Gruppe  1-93,text,true,,492,129,100,100,http://localhost:7000/randomRequest,1638,0,0
1676157983815,514,HTTP Request,200,,Thread-Gruppe  1-38,text,true,,419,129,100,100,http://localhost:7000/randomRequest,514,0,1
1676157982911,1434,HTTP Request,200,,Thread-Gruppe  1-74,text,true,,418,129,100,100,http://localhost:7000/randomRequest,1434,0,1
1676157983023,1333,HTTP Request,200,,Thread-Gruppe  1-53,text,true,,419,129,100,100,http://localhost:7000/randomRequest,1333,0,0
1676157983541,821,HTTP Request,200,,Thread-Gruppe  1-28,text,true,,415,129,100,100,http://localhost:7000/randomRequest,821,0,1
1676157983744,618,HTTP Request,200,,Thread-Gruppe  1-67,text,true,,492,129,100,100,http://localhost:7000/randomRequest,618,0,0
1676157983360,1007,HTTP Request,200,,Thread-Gruppe  1-100,text,true,,633,129,100,100,http://localhost:7000/randomRequest,1007,0,1
1676157983339,1028,HTTP Request,200,,Thread-Gruppe  1-3,text,true,,492,129,100,100,http://localhost:7000/randomRequest,1028,0,0
1676157983861,512,HTTP Request,200,,Thread-Gruppe  1-1,text,true,,545,129,100,100,http://localhost:7000/randomRequest,512,0,0
1676157983573,820,HTTP Request,200,,Thread-Gruppe  1-58,text,true,,485,129,100,100,http://localhost:7000/randomRequest,820,0,0
1676157983468,928,HTTP Request,200,,Thread-Gruppe  1-36,text,true,,554,129,100,100,http://localhost:7000/randomRequest,928,0,0
1676157983468,928,HTTP Request,200,,Thread-Gruppe  1-69,text,true,,419,129,100,100,http://localhost:7000/randomRequest,928,0,0
1676157982874,1536,HTTP Request,200,,Thread-Gruppe  1-4,text,true,,541,129,100,100,http://localhost:7000/randomRequest,1536,0,0
1676157983796,614,HTTP Request,200,,Thread-Gruppe  1-17,text,true,,419,129,100,100,http://localhost:7000/randomRequest,614,0,0
1676157983899,511,HTTP Request,200,,Thread-Gruppe  1-7,text,true,,419,129,100,100,http://localhost:7000/randomRequest,511,0,0
1676157983920,512,HTTP Request,200,,Thread-Gruppe  1-51,text,true,,419,129,100,100,http://localhost:7000/randomRequest,512,0,0
1676157983834,623,HTTP Request,200,,Thread-Gruppe  1-30,text,true,,419,129,100,100,http://localhost:7000/randomRequest,623,0,0
1676157983638,824,HTTP Request,200,,Thread-Gruppe  1-52,text,true,,492,129,100,100,http://localhost:7000/randomRequest,824,0,0
1676157983760,709,HTTP Request,200,,Thread-Gruppe  1-44,text,true,,417,129,100,100,http://localhost:7000/randomRequest,709,0,1
1676157983861,612,HTTP Request,200,,Thread-Gruppe  1-21,text,true,,419,129,100,100,http://localhost:7000/randomRequest,612,0,0
1676157983389,1126,HTTP Request,200,,Thread-Gruppe  1-45,text,true,,492,129,100,100,http://localhost:7000/randomRequest,1126,0,0
1676157983920,620,HTTP Request,200,,Thread-Gruppe  1-19,text,true,,418,129,100,100,http://localhost:7000/randomRequest,620,0,0
1676157983920,620,HTTP Request,200,,Thread-Gruppe  1-75,text,true,,543,129,100,100,http://localhost:7000/randomRequest,620,0,0
1676157983920,620,HTTP Request,200,,Thread-Gruppe  1-24,text,true,,569,129,100,100,http://localhost:7000/randomRequest,620,0,0
1676157983935,616,HTTP Request,200,,Thread-Gruppe  1-37,text,true,,419,129,100,100,http://localhost:7000/randomRequest,616,0,1
1676157983855,712,HTTP Request,200,,Thread-Gruppe  1-95,text,true,,492,129,100,100,http://localhost:7000/randomRequest,712,0,1
1676157982833,1734,HTTP Request,200,,Thread-Gruppe  1-71,text,true,,526,129,100,100,http://localhost:7000/randomRequest,1734,0,0
1676157983641,926,HTTP Request,200,,Thread-Gruppe  1-57,text,true,,403,129,100,100,http://localhost:7000/randomRequest,926,0,1
1676157983549,1020,HTTP Request,200,,Thread-Gruppe  1-20,text,true,,419,129,100,100,http://localhost:7000/randomRequest,1020,0,0
1676157983776,826,HTTP Request,200,,Thread-Gruppe  1-18,text,true,,488,129,100,100,http://localhost:7000/randomRequest,826,0,0
1676157983985,617,HTTP Request,200,,Thread-Gruppe  1-65,text,true,,485,129,100,100,http://localhost:7000/randomRequest,617,0,0
1676157983673,929,HTTP Request,200,,Thread-Gruppe  1-79,text,true,,492,129,100,100,http://localhost:7000/randomRequest,929,0,0
1676157983899,710,HTTP Request,200,,Thread-Gruppe  1-2,text,true,,491,129,100,100,http://localhost:7000/randomRequest,710,0,0
1676157984103,512,HTTP Request,200,,Thread-Gruppe  1-76,text,true,,481,129,100,100,http://localhost:7000/randomRequest,512,0,0
1676157984002,613,HTTP Request,200,,Thread-Gruppe  1-33,text,true,,492,129,100,100,http://localhost:7000/randomRequest,613,0,0
1676157984002,637,HTTP Request,200,,Thread-Gruppe  1-31,text,true,,677,129,100,100,http://localhost:7000/randomRequest,637,0,0
1676157983934,719,HTTP Request,200,,Thread-Gruppe  1-50,text,true,,557,129,100,100,http://localhost:7000/randomRequest,719,0,1
1676157984142,514,HTTP Request,200,,Thread-Gruppe  1-91,text,true,,557,129,100,100,http://localhost:7000/randomRequest,514,0,1
1676157983739,926,HTTP Request,200,,Thread-Gruppe  1-54,text,true,,479,129,100,100,http://localhost:7000/randomRequest,926,0,1
1676157983946,724,HTTP Request,200,,Thread-Gruppe  1-23,text,true,,550,129,100,100,http://localhost:7000/randomRequest,724,0,1
1676157983439,1231,HTTP Request,200,,Thread-Gruppe  1-16,text,true,,523,129,100,100,http://localhost:7000/randomRequest,1231,0,0
1676157983948,722,HTTP Request,200,,Thread-Gruppe  1-39,text,true,,561,129,100,100,http://localhost:7000/randomRequest,722,0,1
1676157983239,1431,HTTP Request,200,,Thread-Gruppe  1-12,text,true,,539,129,100,100,http://localhost:7000/randomRequest,1431,0,0
1676157984174,514,HTTP Request,200,,Thread-Gruppe  1-62,text,true,,546,129,100,100,http://localhost:7000/randomRequest,514,0,0
1676157983985,719,HTTP Request,200,,Thread-Gruppe  1-35,text,true,,554,129,100,100,http://localhost:7000/randomRequest,719,0,0
1676157983899,820,HTTP Request,200,,Thread-Gruppe  1-10,text,true,,488,129,100,100,http://localhost:7000/randomRequest,820,0,0
1676157954694,30026,HTTP Request,500,,Thread-Gruppe  1-47,text,false,,258,129,100,100,http://localhost:7000/randomRequest,30026,0,0
1676157984102,621,HTTP Request,200,,Thread-Gruppe  1-14,text,true,,575,129,100,100,http://localhost:7000/randomRequest,621,0,0
1676157984042,714,HTTP Request,200,,Thread-Gruppe  1-70,text,true,,418,129,100,100,http://localhost:7000/randomRequest,714,0,0
1676157983855,915,HTTP Request,200,,Thread-Gruppe  1-8,text,true,,492,129,100,100,http://localhost:7000/randomRequest,915,0,1
1676157984072,717,HTTP Request,200,,Thread-Gruppe  1-11,text,true,,490,129,100,100,http://localhost:7000/randomRequest,717,0,0
1676157983796,1008,HTTP Request,200,,Thread-Gruppe  1-97,text,true,,495,129,100,100,http://localhost:7000/randomRequest,1008,0,0
1676157983696,1108,HTTP Request,200,,Thread-Gruppe  1-61,text,true,,633,129,100,100,http://localhost:7000/randomRequest,1108,0,0
1676157983513,1297,HTTP Request,200,,Thread-Gruppe  1-22,text,true,,537,129,100,100,http://localhost:7000/randomRequest,1297,0,0
1676157984096,727,HTTP Request,200,,Thread-Gruppe  1-89,text,true,,554,129,100,100,http://localhost:7000/randomRequest,727,0,0
1676157984103,720,HTTP Request,200,,Thread-Gruppe  1-87,text,true,,492,129,100,100,http://localhost:7000/randomRequest,720,0,0
1676157984309,514,HTTP Request,200,,Thread-Gruppe  1-93,text,true,,569,129,100,100,http://localhost:7000/randomRequest,514,0,0
1676157984184,639,HTTP Request,200,,Thread-Gruppe  1-98,text,true,,417,129,100,100,http://localhost:7000/randomRequest,639,0,0
1676157984217,617,HTTP Request,200,,Thread-Gruppe  1-64,text,true,,558,129,100,100,http://localhost:7000/randomRequest,617,0,0
1676157984206,632,HTTP Request,200,,Thread-Gruppe  1-60,text,true,,417,129,100,100,http://localhost:7000/randomRequest,632,0,0
1676157984024,814,HTTP Request,200,,Thread-Gruppe  1-59,text,true,,483,129,100,100,http://localhost:7000/randomRequest,814,0,0
1676157984432,412,HTTP Request,200,,Thread-Gruppe  1-51,text,true,,418,129,100,100,http://localhost:7000/randomRequest,412,0,0
1676157983558,1301,HTTP Request,200,,Thread-Gruppe  1-5,text,true,,643,129,100,100,http://localhost:7000/randomRequest,1301,0,0
1676157984362,513,HTTP Request,200,,Thread-Gruppe  1-28,text,true,,418,129,100,100,http://localhost:7000/randomRequest,513,0,0
1676157983352,1523,HTTP Request,200,,Thread-Gruppe  1-48,text,true,,536,129,100,100,http://localhost:7000/randomRequest,1523,0,0
1676157984367,515,HTTP Request,200,,Thread-Gruppe  1-3,text,true,,567,129,100,100,http://localhost:7000/randomRequest,515,0,1
1676157983961,921,HTTP Request,200,,Thread-Gruppe  1-41,text,true,,492,129,100,100,http://localhost:7000/randomRequest,921,0,1
1676157984396,513,HTTP Request,200,,Thread-Gruppe  1-36,text,true,,492,129,100,100,http://localhost:7000/randomRequest,513,0,0
1676157983920,1004,HTTP Request,200,,Thread-Gruppe  1-56,text,true,,643,129,100,100,http://localhost:7000/randomRequest,1004,0,0
1676157984213,719,HTTP Request,200,,Thread-Gruppe  1-83,text,true,,419,129,100,100,http://localhost:7000/randomRequest,719,0,0
1676157984024,925,HTTP Request,200,,Thread-Gruppe  1-27,text,true,,492,129,100,100,http://localhost:7000/randomRequest,925,0,0
1676157984228,721,HTTP Request,200,,Thread-Gruppe  1-94,text,true,,481,129,100,100,http://localhost:7000/randomRequest,721,0,0
1676157984144,818,HTTP Request,200,,Thread-Gruppe  1-80,text,true,,415,129,100,100,http://localhost:7000/randomRequest,818,0,1
1676157984473,509,HTTP Request,200,,Thread-Gruppe  1-21,text,true,,554,129,100,100,http://localhost:7000/randomRequest,509,0,0
1676157984469,513,HTTP Request,200,,Thread-Gruppe  1-44,text,true,,492,129,100,100,http://localhost:7000/randomRequest,513,0,0
1676157984207,786,HTTP Request,200,,Thread-Gruppe  1-72,text,true,,491,129,100,100,http://localhost:7000/randomRequest,786,0,0
1676157983389,1626,HTTP Request,200,,Thread-Gruppe  1-9,text,true,,527,129,100,100,http://localhost:7000/randomRequest,1626,0,0
1676157984309,718,HTTP Request,200,,Thread-Gruppe  1-96,text,true,,492,129,100,100,http://localhost:7000/randomRequest,718,0,0
1676157984309,718,HTTP Request,200,,Thread-Gruppe  1-63,text,true,,551,129,100,100,http://localhost:7000/randomRequest,718,0,0
1676157984410,617,HTTP Request,200,,Thread-Gruppe  1-17,text,true,,492,129,100,100,http://localhost:7000/randomRequest,617,0,1
1676157984329,722,HTTP Request,200,,Thread-Gruppe  1-38,text,true,,418,129,100,100,http://localhost:7000/randomRequest,722,0,0
1676157984540,514,HTTP Request,200,,Thread-Gruppe  1-19,text,true,,492,129,100,100,http://localhost:7000/randomRequest,514,0,0
1676157984540,514,HTTP Request,200,,Thread-Gruppe  1-75,text,true,,570,129,100,100,http://localhost:7000/randomRequest,514,0,0
1676157984540,514,HTTP Request,200,,Thread-Gruppe  1-24,text,true,,412,129,100,100,http://localhost:7000/randomRequest,514,0,0
1676157984653,413,HTTP Request,200,,Thread-Gruppe  1-50,text,true,,419,129,100,100,http://localhost:7000/randomRequest,413,0,0
1676157984567,507,HTTP Request,200,,Thread-Gruppe  1-57,text,true,,561,129,100,100,http://localhost:7000/randomRequest,507,0,1
1676157984362,717,HTTP Request,200,,Thread-Gruppe  1-67,text,true,,490,129,100,100,http://localhost:7000/randomRequest,717,0,0
1676157984367,718,HTTP Request,200,,Thread-Gruppe  1-100,text,true,,492,129,100,100,http://localhost:7000/randomRequest,718,0,1
1676157954919,30198,HTTP Request,500,,Thread-Gruppe  1-77,text,false,,258,129,100,100,http://localhost:7000/randomRequest,30198,0,0
1676157984719,411,HTTP Request,200,,Thread-Gruppe  1-10,text,true,,537,129,100,100,http://localhost:7000/randomRequest,411,0,0
1676157984410,720,HTTP Request,200,,Thread-Gruppe  1-7,text,true,,419,129,100,100,http://localhost:7000/randomRequest,720,0,1
1676157984103,1027,HTTP Request,200,,Thread-Gruppe  1-32,text,true,,633,129,100,100,http://localhost:7000/randomRequest,1027,0,0
1676157984615,515,HTTP Request,200,,Thread-Gruppe  1-33,text,true,,570,129,100,100,http://localhost:7000/randomRequest,515,0,1
1676157984142,1021,HTTP Request,200,,Thread-Gruppe  1-49,text,true,,488,129,100,100,http://localhost:7000/randomRequest,1021,0,1
1676157984567,624,HTTP Request,200,,Thread-Gruppe  1-71,text,true,,492,129,100,100,http://localhost:7000/randomRequest,624,0,1
1676157984569,622,HTTP Request,200,,Thread-Gruppe  1-20,text,true,,546,129,100,100,http://localhost:7000/randomRequest,622,0,0
1676157984393,825,HTTP Request,200,,Thread-Gruppe  1-58,text,true,,492,129,100,100,http://localhost:7000/randomRequest,825,0,1
1676157984200,1032,HTTP Request,200,,Thread-Gruppe  1-88,text,true,,492,129,100,100,http://localhost:7000/randomRequest,1032,0,1
1676157984838,417,HTTP Request,200,,Thread-Gruppe  1-60,text,true,,419,129,100,100,http://localhost:7000/randomRequest,417,0,1
1676157984174,1081,HTTP Request,200,,Thread-Gruppe  1-78,text,true,,527,129,100,100,http://localhost:7000/randomRequest,1081,0,0
1676157983945,1315,HTTP Request,200,,Thread-Gruppe  1-40,text,true,,540,129,100,100,http://localhost:7000/randomRequest,1315,0,2
1676157984551,709,HTTP Request,200,,Thread-Gruppe  1-37,text,true,,403,129,100,100,http://localhost:7000/randomRequest,709,0,0
1676157984670,612,HTTP Request,200,,Thread-Gruppe  1-16,text,true,,419,129,100,100,http://localhost:7000/randomRequest,612,0,1
1676157984262,1020,HTTP Request,200,,Thread-Gruppe  1-99,text,true,,403,129,100,100,http://localhost:7000/randomRequest,1020,0,0
1676157984688,620,HTTP Request,200,,Thread-Gruppe  1-62,text,true,,419,129,100,100,http://localhost:7000/randomRequest,620,0,1
1676157984602,722,HTTP Request,200,,Thread-Gruppe  1-18,text,true,,403,129,100,100,http://localhost:7000/randomRequest,722,0,0
1676157984602,722,HTTP Request,200,,Thread-Gruppe  1-65,text,true,,419,129,100,100,http://localhost:7000/randomRequest,722,0,0
1676157984615,716,HTTP Request,200,,Thread-Gruppe  1-76,text,true,,490,129,100,100,http://localhost:7000/randomRequest,716,0,1
1676157984721,610,HTTP Request,200,,Thread-Gruppe  1-47,text,true,,545,129,100,100,http://localhost:7000/randomRequest,610,0,0
1676157984213,1130,HTTP Request,200,,Thread-Gruppe  1-6,text,true,,485,129,100,100,http://localhost:7000/randomRequest,1130,0,0
1676157984844,514,HTTP Request,200,,Thread-Gruppe  1-51,text,true,,419,129,100,100,http://localhost:7000/randomRequest,514,0,0
1676157984639,719,HTTP Request,200,,Thread-Gruppe  1-31,text,true,,419,129,100,100,http://localhost:7000/randomRequest,719,0,1
1676157984080,1295,HTTP Request,200,,Thread-Gruppe  1-42,text,true,,537,129,100,100,http://localhost:7000/randomRequest,1295,0,0
1676157984462,920,HTTP Request,200,,Thread-Gruppe  1-52,text,true,,492,129,100,100,http://localhost:7000/randomRequest,920,0,0
1676157984670,716,HTTP Request,200,,Thread-Gruppe  1-39,text,true,,545,129,100,100,http://localhost:7000/randomRequest,716,0,1
1676157984089,1297,HTTP Request,200,,Thread-Gruppe  1-26,text,true,,541,129,100,100,http://localhost:7000/randomRequest,1297,0,1
1676157984602,784,HTTP Request,200,,Thread-Gruppe  1-79,text,true,,643,129,100,100,http://localhost:7000/randomRequest,784,0,0
1676157984789,615,HTTP Request,200,,Thread-Gruppe  1-11,text,true,,419,129,100,100,http://localhost:7000/randomRequest,615,0,0
1676157984704,723,HTTP Request,200,,Thread-Gruppe  1-35,text,true,,419,129,100,100,http://localhost:7000/randomRequest,723,0,1
1676157984810,617,HTTP Request,200,,Thread-Gruppe  1-22,text,true,,556,129,100,100,http://localhost:7000/randomRequest,617,0,0
1676157985027,404,HTTP Request,200,,Thread-Gruppe  1-96,text,true,,416,129,100,100,http://localhost:7000/randomRequest,404,0,0
1676157985027,404,HTTP Request,200,,Thread-Gruppe  1-63,text,true,,419,129,100,100,http://localhost:7000/randomRequest,404,0,0
1676157984103,1329,HTTP Request,200,,Thread-Gruppe  1-25,text,true,,541,129,100,100,http://localhost:7000/randomRequest,1329,0,0
1676157984516,916,HTTP Request,200,,Thread-Gruppe  1-45,text,true,,490,129,100,100,http://localhost:7000/randomRequest,916,0,0
1676157984824,608,HTTP Request,200,,Thread-Gruppe  1-98,text,true,,490,129,100,100,http://localhost:7000/randomRequest,608,0,0
1676157984200,1232,HTTP Request,200,,Thread-Gruppe  1-43,text,true,,492,129,100,100,http://localhost:7000/randomRequest,1232,0,1
1676157984723,709,HTTP Request,200,,Thread-Gruppe  1-14,text,true,,492,129,100,100,http://localhost:7000/randomRequest,709,0,1
1676157984823,609,HTTP Request,200,,Thread-Gruppe  1-89,text,true,,419,129,100,100,http://localhost:7000/randomRequest,609,0,0
1676157984457,993,HTTP Request,200,,Thread-Gruppe  1-30,text,true,,633,129,100,100,http://localhost:7000/randomRequest,993,0,1
1676157985051,417,HTTP Request,200,,Thread-Gruppe  1-38,text,true,,548,129,100,100,http://localhost:7000/randomRequest,417,0,0
1676157984859,618,HTTP Request,200,,Thread-Gruppe  1-5,text,true,,560,129,100,100,http://localhost:7000/randomRequest,618,0,0
1676157985066,411,HTTP Request,200,,Thread-Gruppe  1-50,text,true,,556,129,100,100,http://localhost:7000/randomRequest,411,0,0
1676157984771,717,HTTP Request,200,,Thread-Gruppe  1-8,text,true,,492,129,100,100,http://localhost:7000/randomRequest,717,0,0
1676157984109,1420,HTTP Request,200,,Thread-Gruppe  1-82,text,true,,643,129,100,100,http://localhost:7000/randomRequest,1420,0,0
1676157985015,517,HTTP Request,200,,Thread-Gruppe  1-9,text,true,,554,129,100,100,http://localhost:7000/randomRequest,517,0,1
1676157984670,864,HTTP Request,200,,Thread-Gruppe  1-12,text,true,,417,129,100,100,http://localhost:7000/randomRequest,864,0,1
1676157985130,419,HTTP Request,200,,Thread-Gruppe  1-33,text,true,,554,129,100,100,http://localhost:7000/randomRequest,419,0,1
1676157984567,1001,HTTP Request,200,,Thread-Gruppe  1-95,text,true,,647,129,100,100,http://localhost:7000/randomRequest,1001,0,1
1676157985054,514,HTTP Request,200,,Thread-Gruppe  1-24,text,true,,549,129,100,100,http://localhost:7000/randomRequest,514,0,1
1676157985260,313,HTTP Request,200,,Thread-Gruppe  1-37,text,true,,552,129,100,100,http://localhost:7000/randomRequest,313,0,0
1676157984670,922,HTTP Request,200,,Thread-Gruppe  1-23,text,true,,489,129,100,100,http://localhost:7000/randomRequest,922,0,1
1676157985085,511,HTTP Request,200,,Thread-Gruppe  1-100,text,true,,418,129,100,100,http://localhost:7000/randomRequest,511,0,1
1676157984609,1008,HTTP Request,200,,Thread-Gruppe  1-2,text,true,,491,129,100,100,http://localhost:7000/randomRequest,1008,0,1
1676157984804,828,HTTP Request,200,,Thread-Gruppe  1-97,text,true,,492,129,100,100,http://localhost:7000/randomRequest,828,0,0
1676157985232,411,HTTP Request,200,,Thread-Gruppe  1-88,text,true,,492,129,100,100,http://localhost:7000/randomRequest,411,0,1
1676157985130,519,HTTP Request,200,,Thread-Gruppe  1-7,text,true,,560,129,100,100,http://localhost:7000/randomRequest,519,0,1
1676157984933,724,HTTP Request,200,,Thread-Gruppe  1-83,text,true,,492,129,100,100,http://localhost:7000/randomRequest,724,0,0
1676157985255,408,HTTP Request,200,,Thread-Gruppe  1-60,text,true,,419,129,100,100,http://localhost:7000/randomRequest,408,0,0
1676157984834,829,HTTP Request,200,,Thread-Gruppe  1-64,text,true,,485,129,100,100,http://localhost:7000/randomRequest,829,0,0
1676157985163,519,HTTP Request,200,,Thread-Gruppe  1-49,text,true,,416,129,100,100,http://localhost:7000/randomRequest,519,0,0
1676157984656,1026,HTTP Request,200,,Thread-Gruppe  1-91,text,true,,536,129,100,100,http://localhost:7000/randomRequest,1026,0,0
1676157985282,410,HTTP Request,200,,Thread-Gruppe  1-16,text,true,,550,129,100,100,http://localhost:7000/randomRequest,410,0,0
1676157984665,1027,HTTP Request,200,,Thread-Gruppe  1-54,text,true,,485,129,100,100,http://localhost:7000/randomRequest,1027,0,1
1676157984356,1336,HTTP Request,200,,Thread-Gruppe  1-53,text,true,,482,129,100,100,http://localhost:7000/randomRequest,1336,0,0
1676157985191,508,HTTP Request,200,,Thread-Gruppe  1-71,text,true,,488,129,100,100,http://localhost:7000/randomRequest,508,0,0
1676157984396,1303,HTTP Request,200,,Thread-Gruppe  1-69,text,true,,526,129,100,100,http://localhost:7000/randomRequest,1303,0,0
1676157984875,825,HTTP Request,200,,Thread-Gruppe  1-48,text,true,,1532,129,100,100,http://localhost:7000/randomRequest,825,0,0
1676157984804,929,HTTP Request,200,,Thread-Gruppe  1-61,text,true,,401,129,100,100,http://localhost:7000/randomRequest,929,0,0
1676157985324,415,HTTP Request,200,,Thread-Gruppe  1-18,text,true,,551,129,100,100,http://localhost:7000/randomRequest,415,0,0
1676157985427,312,HTTP Request,200,,Thread-Gruppe  1-22,text,true,,419,129,100,100,http://localhost:7000/randomRequest,312,0,0
1676157984824,915,HTTP Request,200,,Thread-Gruppe  1-93,text,true,,564,129,100,100,http://localhost:7000/randomRequest,915,0,0
1676157984924,819,HTTP Request,200,,Thread-Gruppe  1-56,text,true,,492,129,100,100,http://localhost:7000/randomRequest,819,0,0
1676157985130,638,HTTP Request,200,,Thread-Gruppe  1-10,text,true,,554,129,100,100,http://localhost:7000/randomRequest,637,0,1
1676157985027,746,HTTP Request,200,,Thread-Gruppe  1-17,text,true,,677,129,100,100,http://localhost:7000/randomRequest,746,0,0
1676157984373,1406,HTTP Request,200,,Thread-Gruppe  1-1,text,true,,541,129,100,100,http://localhost:7000/randomRequest,1406,0,0
1676157985386,408,HTTP Request,200,,Thread-Gruppe  1-26,text,true,,418,129,100,100,http://localhost:7000/randomRequest,408,0,0
1676157984882,920,HTTP Request,200,,Thread-Gruppe  1-41,text,true,,485,129,100,100,http://localhost:7000/randomRequest,920,0,0
1676157985433,411,HTTP Request,200,,Thread-Gruppe  1-14,text,true,,418,129,100,100,http://localhost:7000/randomRequest,411,0,0
1676157985343,515,HTTP Request,200,,Thread-Gruppe  1-6,text,true,,419,129,100,100,http://localhost:7000/randomRequest,515,0,1
1676157984124,1745,HTTP Request,200,,Thread-Gruppe  1-34,text,true,,537,129,100,100,http://localhost:7000/randomRequest,1745,0,0
1676157985568,314,HTTP Request,200,,Thread-Gruppe  1-24,text,true,,418,129,100,100,http://localhost:7000/randomRequest,314,0,1
1676157985468,414,HTTP Request,200,,Thread-Gruppe  1-38,text,true,,418,129,100,100,http://localhost:7000/randomRequest,414,0,0
1676157984982,924,HTTP Request,200,,Thread-Gruppe  1-44,text,true,,4330,129,100,100,http://localhost:7000/randomRequest,924,0,0
1676157984838,1098,HTTP Request,200,,Thread-Gruppe  1-59,text,true,,633,129,100,100,http://localhost:7000/randomRequest,1098,0,1
1676157985433,511,HTTP Request,200,,Thread-Gruppe  1-98,text,true,,419,129,100,100,http://localhost:7000/randomRequest,511,0,0
1676157985433,511,HTTP Request,200,,Thread-Gruppe  1-43,text,true,,419,129,100,100,http://localhost:7000/randomRequest,511,0,0
1676157985359,610,HTTP Request,200,,Thread-Gruppe  1-51,text,true,,567,129,100,100,http://localhost:7000/randomRequest,610,0,0
1676157984949,1026,HTTP Request,200,,Thread-Gruppe  1-94,text,true,,487,129,100,100,http://localhost:7000/randomRequest,1026,0,0
1676157985282,713,HTTP Request,200,,Thread-Gruppe  1-99,text,true,,554,129,100,100,http://localhost:7000/randomRequest,713,0,0
1676157984949,1046,HTTP Request,200,,Thread-Gruppe  1-27,text,true,,671,129,100,100,http://localhost:7000/randomRequest,1046,0,0
1676157985386,615,HTTP Request,200,,Thread-Gruppe  1-39,text,true,,541,129,100,100,http://localhost:7000/randomRequest,615,0,0
1676157985488,517,HTTP Request,200,,Thread-Gruppe  1-8,text,true,,485,129,100,100,http://localhost:7000/randomRequest,517,0,1
1676157984982,1027,HTTP Request,200,,Thread-Gruppe  1-21,text,true,,485,129,100,100,http://localhost:7000/randomRequest,1027,0,0
1676157984875,1134,HTTP Request,200,,Thread-Gruppe  1-28,text,true,,485,129,100,100,http://localhost:7000/randomRequest,1134,0,0
1676157985191,829,HTTP Request,200,,Thread-Gruppe  1-20,text,true,,417,129,100,100,http://localhost:7000/randomRequest,829,0,0
1676157984993,1027,HTTP Request,200,,Thread-Gruppe  1-72,text,true,,492,129,100,100,http://localhost:7000/randomRequest,1027,0,1
1676157985529,513,HTTP Request,200,,Thread-Gruppe  1-82,text,true,,419,129,100,100,http://localhost:7000/randomRequest,513,0,0
1676157984756,1288,HTTP Request,200,,Thread-Gruppe  1-70,text,true,,527,129,100,100,http://localhost:7000/randomRequest,1288,0,1
1676157985118,926,HTTP Request,200,,Thread-Gruppe  1-77,text,true,,492,129,100,100,http://localhost:7000/randomRequest,926,0,0
1676157985324,720,HTTP Request,200,,Thread-Gruppe  1-65,text,true,,402,129,100,100,http://localhost:7000/randomRequest,720,0,0
1676157985130,933,HTTP Request,200,,Thread-Gruppe  1-32,text,true,,492,129,100,100,http://localhost:7000/randomRequest,933,0,1
1676157985663,416,HTTP Request,200,,Thread-Gruppe  1-60,text,true,,419,129,100,100,http://localhost:7000/randomRequest,416,0,1
1676157985663,416,HTTP Request,200,,Thread-Gruppe  1-64,text,true,,546,129,100,100,http://localhost:7000/randomRequest,416,0,1
1676157985054,1025,HTTP Request,200,,Thread-Gruppe  1-19,text,true,,418,129,100,100,http://localhost:7000/randomRequest,1025,0,1
1676157985573,515,HTTP Request,200,,Thread-Gruppe  1-37,text,true,,558,129,100,100,http://localhost:7000/randomRequest,515,0,1
1676157985596,514,HTTP Request,200,,Thread-Gruppe  1-100,text,true,,492,129,100,100,http://localhost:7000/randomRequest,514,0,0
1676157985404,716,HTTP Request,200,,Thread-Gruppe  1-11,text,true,,492,129,100,100,http://localhost:7000/randomRequest,716,0,0
1676157985308,818,HTTP Request,200,,Thread-Gruppe  1-62,text,true,,416,129,100,100,http://localhost:7000/randomRequest,818,0,1
1676157984823,1303,HTTP Request,200,,Thread-Gruppe  1-87,text,true,,541,129,100,100,http://localhost:7000/randomRequest,1303,0,1
1676157985427,722,HTTP Request,200,,Thread-Gruppe  1-35,text,true,,565,129,100,100,http://localhost:7000/randomRequest,722,0,0
1676157985433,716,HTTP Request,200,,Thread-Gruppe  1-45,text,true,,557,129,100,100,http://localhost:7000/randomRequest,716,0,0
1676157985632,517,HTTP Request,200,,Thread-Gruppe  1-97,text,true,,559,129,100,100,http://localhost:7000/randomRequest,517,0,0
1676157985255,922,HTTP Request,200,,Thread-Gruppe  1-78,text,true,,561,129,100,100,http://localhost:7000/randomRequest,922,0,0
1676157985074,1110,HTTP Request,200,,Thread-Gruppe  1-57,text,true,,541,129,100,100,http://localhost:7000/randomRequest,1110,0,1
1676157985477,730,HTTP Request,200,,Thread-Gruppe  1-50,text,true,,554,129,100,100,http://localhost:7000/randomRequest,730,0,1
1676157985450,757,HTTP Request,200,,Thread-Gruppe  1-30,text,true,,675,129,100,100,http://localhost:7000/randomRequest,757,0,0
1676157985477,730,HTTP Request,200,,Thread-Gruppe  1-5,text,true,,417,129,100,100,http://localhost:7000/randomRequest,730,0,1
1676157984345,1862,HTTP Request,200,,Thread-Gruppe  1-74,text,true,,526,129,100,100,http://localhost:7000/randomRequest,1862,0,0
1676157985700,511,HTTP Request,200,,Thread-Gruppe  1-48,text,true,,492,129,100,100,http://localhost:7000/randomRequest,511,0,0
1676157985802,409,HTTP Request,200,,Thread-Gruppe  1-41,text,true,,419,129,100,100,http://localhost:7000/randomRequest,409,0,0
1676157985331,921,HTTP Request,200,,Thread-Gruppe  1-76,text,true,,490,129,100,100,http://localhost:7000/randomRequest,921,0,1
1676157985534,723,HTTP Request,200,,Thread-Gruppe  1-12,text,true,,484,129,100,100,http://localhost:7000/randomRequest,723,0,1
1676157985743,518,HTTP Request,200,,Thread-Gruppe  1-56,text,true,,419,129,100,100,http://localhost:7000/randomRequest,518,0,1
1676157985568,701,HTTP Request,200,,Thread-Gruppe  1-95,text,true,,641,129,100,100,http://localhost:7000/randomRequest,701,0,1
1676157985359,920,HTTP Request,200,,Thread-Gruppe  1-31,text,true,,489,129,100,100,http://localhost:7000/randomRequest,920,0,0
1676157985768,520,HTTP Request,200,,Thread-Gruppe  1-10,text,true,,1862,129,100,100,http://localhost:7000/randomRequest,520,0,0
1676157956207,30090,HTTP Request,500,,Thread-Gruppe  1-15,text,false,,258,129,100,100,http://localhost:7000/randomRequest,30090,0,1
1676157985079,1219,HTTP Request,200,,Thread-Gruppe  1-67,text,true,,647,129,100,100,http://localhost:7000/randomRequest,1219,0,1
1676157985682,619,HTTP Request,200,,Thread-Gruppe  1-49,text,true,,418,129,100,100,http://localhost:7000/randomRequest,619,0,0
1676157985386,918,HTTP Request,200,,Thread-Gruppe  1-79,text,true,,403,129,100,100,http://localhost:7000/randomRequest,918,0,0
1676157985617,715,HTTP Request,200,,Thread-Gruppe  1-2,text,true,,537,129,100,100,http://localhost:7000/randomRequest,715,0,1
1676157985331,1022,HTTP Request,200,,Thread-Gruppe  1-47,text,true,,403,129,100,100,http://localhost:7000/randomRequest,1022,0,1
1676157985218,1135,HTTP Request,200,,Thread-Gruppe  1-58,text,true,,403,129,100,100,http://localhost:7000/randomRequest,1135,0,1
1676157985382,986,HTTP Request,200,,Thread-Gruppe  1-52,text,true,,643,129,100,100,http://localhost:7000/randomRequest,986,0,0
1676157985054,1315,HTTP Request,200,,Thread-Gruppe  1-75,text,true,,534,129,100,100,http://localhost:7000/randomRequest,1315,0,1
1676157985549,824,HTTP Request,200,,Thread-Gruppe  1-33,text,true,,488,129,100,100,http://localhost:7000/randomRequest,824,0,0
1676157985657,716,HTTP Request,200,,Thread-Gruppe  1-83,text,true,,403,129,100,100,http://localhost:7000/randomRequest,716,0,0
1676157985643,730,HTTP Request,200,,Thread-Gruppe  1-88,text,true,,492,129,100,100,http://localhost:7000/randomRequest,730,0,1
1676157985739,653,HTTP Request,200,,Thread-Gruppe  1-22,text,true,,553,129,100,100,http://localhost:7000/randomRequest,653,0,0
1676157985375,1028,HTTP Request,200,,Thread-Gruppe  1-42,text,true,,488,129,100,100,http://localhost:7000/randomRequest,1028,0,0
1676157985692,715,HTTP Request,200,,Thread-Gruppe  1-53,text,true,,488,129,100,100,http://localhost:7000/randomRequest,715,0,0
1676157984909,1502,HTTP Request,200,,Thread-Gruppe  1-36,text,true,,647,129,100,100,http://localhost:7000/randomRequest,1502,0,0
1676157985592,819,HTTP Request,200,,Thread-Gruppe  1-23,text,true,,419,129,100,100,http://localhost:7000/randomRequest,819,0,1
1676157985699,712,HTTP Request,200,,Thread-Gruppe  1-71,text,true,,549,129,100,100,http://localhost:7000/randomRequest,712,0,0
1676157985532,922,HTTP Request,200,,Thread-Gruppe  1-9,text,true,,492,129,100,100,http://localhost:7000/randomRequest,922,0,0
1676157986042,412,HTTP Request,200,,Thread-Gruppe  1-82,text,true,,549,129,100,100,http://localhost:7000/randomRequest,412,0,0
1676157985433,1029,HTTP Request,200,,Thread-Gruppe  1-89,text,true,,552,129,100,100,http://localhost:7000/randomRequest,1029,0,0
1676157985649,825,HTTP Request,200,,Thread-Gruppe  1-7,text,true,,419,129,100,100,http://localhost:7000/randomRequest,825,0,1
1676157985969,512,HTTP Request,200,,Thread-Gruppe  1-51,text,true,,546,129,100,100,http://localhost:7000/randomRequest,512,0,1
1676157984882,1610,HTTP Request,200,,Thread-Gruppe  1-3,text,true,,541,129,100,100,http://localhost:7000/randomRequest,1610,0,0
1676157985739,756,HTTP Request,200,,Thread-Gruppe  1-93,text,true,,663,129,100,100,http://localhost:7000/randomRequest,756,0,0
1676157985882,619,HTTP Request,200,,Thread-Gruppe  1-24,text,true,,546,129,100,100,http://localhost:7000/randomRequest,619,0,0
1676157985995,513,HTTP Request,200,,Thread-Gruppe  1-27,text,true,,543,129,100,100,http://localhost:7000/randomRequest,513,0,0
1676157985794,715,HTTP Request,200,,Thread-Gruppe  1-26,text,true,,488,129,100,100,http://localhost:7000/randomRequest,715,0,1
1676157985699,816,HTTP Request,200,,Thread-Gruppe  1-69,text,true,,492,129,100,100,http://localhost:7000/randomRequest,816,0,0
1676157986020,509,HTTP Request,200,,Thread-Gruppe  1-20,text,true,,486,129,100,100,http://localhost:7000/randomRequest,509,0,1
1676157985944,618,HTTP Request,200,,Thread-Gruppe  1-43,text,true,,485,129,100,100,http://localhost:7000/randomRequest,618,0,1
1676157985682,893,HTTP Request,200,,Thread-Gruppe  1-91,text,true,,643,129,100,100,http://localhost:7000/randomRequest,893,0,0
1676157985779,817,HTTP Request,200,,Thread-Gruppe  1-1,text,true,,560,129,100,100,http://localhost:7000/randomRequest,817,0,0
1676157985882,720,HTTP Request,200,,Thread-Gruppe  1-38,text,true,,418,129,100,100,http://localhost:7000/randomRequest,720,0,0
1676157986207,402,HTTP Request,200,,Thread-Gruppe  1-74,text,true,,546,129,100,100,http://localhost:7000/randomRequest,402,0,1
1676157985692,919,HTTP Request,200,,Thread-Gruppe  1-54,text,true,,492,129,100,100,http://localhost:7000/randomRequest,919,0,0
1676157985906,711,HTTP Request,200,,Thread-Gruppe  1-44,text,true,,419,129,100,100,http://localhost:7000/randomRequest,711,0,0
1676157985431,1199,HTTP Request,200,,Thread-Gruppe  1-96,text,true,,633,129,100,100,http://localhost:7000/randomRequest,1199,0,1
1676157986044,614,HTTP Request,200,,Thread-Gruppe  1-70,text,true,,849,129,100,100,http://localhost:7000/randomRequest,614,0,0
1676157985739,919,HTTP Request,200,,Thread-Gruppe  1-18,text,true,,403,129,100,100,http://localhost:7000/randomRequest,919,0,0
1676157985431,1232,HTTP Request,200,,Thread-Gruppe  1-63,text,true,,485,129,100,100,http://localhost:7000/randomRequest,1232,0,1
1676157985844,822,HTTP Request,200,,Thread-Gruppe  1-14,text,true,,558,129,100,100,http://localhost:7000/randomRequest,822,0,0
1676157986044,640,HTTP Request,200,,Thread-Gruppe  1-65,text,true,,680,129,100,100,http://localhost:7000/randomRequest,640,0,0
1676157986079,614,HTTP Request,200,,Thread-Gruppe  1-60,text,true,,481,129,100,100,http://localhost:7000/randomRequest,614,0,0
1676157986079,622,HTTP Request,200,,Thread-Gruppe  1-19,text,true,,564,129,100,100,http://localhost:7000/randomRequest,622,0,0
1676157985773,931,HTTP Request,200,,Thread-Gruppe  1-17,text,true,,417,129,100,100,http://localhost:7000/randomRequest,931,0,1
1676157986126,616,HTTP Request,200,,Thread-Gruppe  1-62,text,true,,419,129,100,100,http://localhost:7000/randomRequest,616,0,0
1676157986063,696,HTTP Request,200,,Thread-Gruppe  1-32,text,true,,491,129,100,100,http://localhost:7000/randomRequest,696,0,0
1676157985944,815,HTTP Request,200,,Thread-Gruppe  1-98,text,true,,367,129,100,100,http://localhost:7000/randomRequest,815,0,1
1676157985936,823,HTTP Request,200,,Thread-Gruppe  1-59,text,true,,403,129,100,100,http://localhost:7000/randomRequest,823,0,0
1676157986257,512,HTTP Request,200,,Thread-Gruppe  1-12,text,true,,418,129,100,100,http://localhost:7000/randomRequest,512,0,0
1676157986279,513,HTTP Request,200,,Thread-Gruppe  1-31,text,true,,419,129,100,100,http://localhost:7000/randomRequest,513,0,1
1676157986298,510,HTTP Request,200,,Thread-Gruppe  1-67,text,true,,492,129,100,100,http://localhost:7000/randomRequest,510,0,0
1676157986121,688,HTTP Request,200,,Thread-Gruppe  1-11,text,true,,647,129,100,100,http://localhost:7000/randomRequest,688,0,0
1676157986207,608,HTTP Request,200,,Thread-Gruppe  1-30,text,true,,416,129,100,100,http://localhost:7000/randomRequest,608,0,1
1676157986002,813,HTTP Request,200,,Thread-Gruppe  1-39,text,true,,481,129,100,100,http://localhost:7000/randomRequest,813,0,0
1676157986207,611,HTTP Request,200,,Thread-Gruppe  1-50,text,true,,417,129,100,100,http://localhost:7000/randomRequest,611,0,1
1676157986005,813,HTTP Request,200,,Thread-Gruppe  1-8,text,true,,487,129,100,100,http://localhost:7000/randomRequest,813,0,0
1676157986211,621,HTTP Request,200,,Thread-Gruppe  1-41,text,true,,419,129,100,100,http://localhost:7000/randomRequest,621,0,0
1676157986009,823,HTTP Request,200,,Thread-Gruppe  1-28,text,true,,403,129,100,100,http://localhost:7000/randomRequest,823,0,1
1676157986332,511,HTTP Request,200,,Thread-Gruppe  1-2,text,true,,550,129,100,100,http://localhost:7000/randomRequest,511,0,0
1676157985433,1420,HTTP Request,200,,Thread-Gruppe  1-25,text,true,,535,129,100,100,http://localhost:7000/randomRequest,1420,0,0
1676157986149,710,HTTP Request,200,,Thread-Gruppe  1-45,text,true,,403,129,100,100,http://localhost:7000/randomRequest,710,0,0
1676157986149,710,HTTP Request,200,,Thread-Gruppe  1-97,text,true,,481,129,100,100,http://localhost:7000/randomRequest,710,0,0
1676157986474,408,HTTP Request,200,,Thread-Gruppe  1-7,text,true,,563,129,100,100,http://localhost:7000/randomRequest,408,0,0
1676157985869,1026,HTTP Request,200,,Thread-Gruppe  1-34,text,true,,482,129,100,100,http://localhost:7000/randomRequest,1026,0,0
1676157986269,634,HTTP Request,200,,Thread-Gruppe  1-95,text,true,,673,129,100,100,http://localhost:7000/randomRequest,634,0,0
1676157986184,719,HTTP Request,200,,Thread-Gruppe  1-57,text,true,,559,129,100,100,http://localhost:7000/randomRequest,719,0,0
1676157986304,605,HTTP Request,200,,Thread-Gruppe  1-79,text,true,,403,129,100,100,http://localhost:7000/randomRequest,605,0,1
1676157986009,913,HTTP Request,200,,Thread-Gruppe  1-21,text,true,,541,129,100,100,http://localhost:7000/randomRequest,913,0,1
1676157986110,826,HTTP Request,200,,Thread-Gruppe  1-100,text,true,,419,129,100,100,http://localhost:7000/randomRequest,826,0,0
1676157986630,308,HTTP Request,200,,Thread-Gruppe  1-96,text,true,,555,129,100,100,http://localhost:7000/randomRequest,308,0,0
1676157986149,814,HTTP Request,200,,Thread-Gruppe  1-35,text,true,,555,129,100,100,http://localhost:7000/randomRequest,814,0,0
1676157985260,1726,HTTP Request,200,,Thread-Gruppe  1-40,text,true,,527,129,100,100,http://localhost:7000/randomRequest,1726,0,0
1676157985859,1127,HTTP Request,200,,Thread-Gruppe  1-6,text,true,,3156,129,100,100,http://localhost:7000/randomRequest,1127,0,0
1676157986492,504,HTTP Request,200,,Thread-Gruppe  1-3,text,true,,554,129,100,100,http://localhost:7000/randomRequest,504,0,0
1676157986403,607,HTTP Request,200,,Thread-Gruppe  1-42,text,true,,546,129,100,100,http://localhost:7000/randomRequest,607,0,0
1676157986411,611,HTTP Request,200,,Thread-Gruppe  1-36,text,true,,417,129,100,100,http://localhost:7000/randomRequest,611,0,0
1676157986529,510,HTTP Request,200,,Thread-Gruppe  1-20,text,true,,482,129,100,100,http://localhost:7000/randomRequest,510,0,0
1676157986658,409,HTTP Request,200,,Thread-Gruppe  1-18,text,true,,418,129,100,100,http://localhost:7000/randomRequest,409,0,1
1676157986658,409,HTTP Request,200,,Thread-Gruppe  1-70,text,true,,419,129,100,100,http://localhost:7000/randomRequest,409,0,0
1676157986454,621,HTTP Request,200,,Thread-Gruppe  1-9,text,true,,559,129,100,100,http://localhost:7000/randomRequest,621,0,0
1676157986373,715,HTTP Request,200,,Thread-Gruppe  1-83,text,true,,418,129,100,100,http://localhost:7000/randomRequest,715,0,0
1676157986368,720,HTTP Request,200,,Thread-Gruppe  1-52,text,true,,418,129,100,100,http://localhost:7000/randomRequest,720,0,0
1676157986481,615,HTTP Request,200,,Thread-Gruppe  1-51,text,true,,551,129,100,100,http://localhost:7000/randomRequest,615,0,0
1676157986088,1017,HTTP Request,200,,Thread-Gruppe  1-37,text,true,,489,129,100,100,http://localhost:7000/randomRequest,1017,0,1
1676157986495,614,HTTP Request,200,,Thread-Gruppe  1-93,text,true,,566,129,100,100,http://localhost:7000/randomRequest,614,0,1
1676157986126,988,HTTP Request,200,,Thread-Gruppe  1-87,text,true,,480,129,100,100,http://localhost:7000/randomRequest,988,0,0
1676157986298,816,HTTP Request,200,,Thread-Gruppe  1-15,text,true,,419,129,100,100,http://localhost:7000/randomRequest,816,0,0
1676157986704,410,HTTP Request,200,,Thread-Gruppe  1-17,text,true,,550,129,100,100,http://localhost:7000/randomRequest,410,0,0
1676157986020,1106,HTTP Request,200,,Thread-Gruppe  1-72,text,true,,526,129,100,100,http://localhost:7000/randomRequest,1106,0,1
1676157986211,929,HTTP Request,200,,Thread-Gruppe  1-48,text,true,,561,129,100,100,http://localhost:7000/randomRequest,929,0,0
1676157986252,923,HTTP Request,200,,Thread-Gruppe  1-76,text,true,,547,129,100,100,http://localhost:7000/randomRequest,923,0,1
1676157986666,513,HTTP Request,200,,Thread-Gruppe  1-14,text,true,,492,129,100,100,http://localhost:7000/randomRequest,513,0,0
1676157986663,518,HTTP Request,200,,Thread-Gruppe  1-63,text,true,,418,129,100,100,http://localhost:7000/randomRequest,518,0,1
1676157986079,1120,HTTP Request,200,,Thread-Gruppe  1-64,text,true,,488,129,100,100,http://localhost:7000/randomRequest,1120,0,0
1676157986602,625,HTTP Request,200,,Thread-Gruppe  1-38,text,true,,481,129,100,100,http://localhost:7000/randomRequest,625,0,1
1676157986288,939,HTTP Request,200,,Thread-Gruppe  1-10,text,true,,418,129,100,100,http://localhost:7000/randomRequest,939,0,1
1676157986509,718,HTTP Request,200,,Thread-Gruppe  1-26,text,true,,488,129,100,100,http://localhost:7000/randomRequest,718,0,0
1676157985733,1494,HTTP Request,200,,Thread-Gruppe  1-61,text,true,,537,129,100,100,http://localhost:7000/randomRequest,1494,0,0
1676157986562,683,HTTP Request,200,,Thread-Gruppe  1-43,text,true,,481,129,100,100,http://localhost:7000/randomRequest,683,0,1
1676157986044,1219,HTTP Request,200,,Thread-Gruppe  1-77,text,true,,403,129,100,100,http://localhost:7000/randomRequest,1219,0,0
1676157986759,512,HTTP Request,200,,Thread-Gruppe  1-59,text,true,,570,129,100,100,http://localhost:7000/randomRequest,512,0,0
1676157986353,941,HTTP Request,200,,Thread-Gruppe  1-47,text,true,,417,129,100,100,http://localhost:7000/randomRequest,941,0,0
1676157986575,719,HTTP Request,200,,Thread-Gruppe  1-91,text,true,,556,129,100,100,http://localhost:7000/randomRequest,719,0,0
1676157986261,1033,HTTP Request,200,,Thread-Gruppe  1-56,text,true,,540,129,100,100,http://localhost:7000/randomRequest,1033,0,0
1676157986373,921,HTTP Request,200,,Thread-Gruppe  1-33,text,true,,416,129,100,100,http://localhost:7000/randomRequest,921,0,0
1676157986407,894,HTTP Request,200,,Thread-Gruppe  1-53,text,true,,537,129,100,100,http://localhost:7000/randomRequest,894,0,1
1676157986792,509,HTTP Request,200,,Thread-Gruppe  1-31,text,true,,419,129,100,100,http://localhost:7000/randomRequest,509,0,0
1676157986177,1124,HTTP Request,200,,Thread-Gruppe  1-78,text,true,,403,129,100,100,http://localhost:7000/randomRequest,1124,0,1
1676157986207,1098,HTTP Request,200,,Thread-Gruppe  1-5,text,true,,537,129,100,100,http://localhost:7000/randomRequest,1098,0,1
1676157985692,1617,HTTP Request,200,,Thread-Gruppe  1-16,text,true,,537,129,100,100,http://localhost:7000/randomRequest,1617,0,0
1676157986701,608,HTTP Request,200,,Thread-Gruppe  1-19,text,true,,488,129,100,100,http://localhost:7000/randomRequest,608,0,0
1676157986392,917,HTTP Request,200,,Thread-Gruppe  1-22,text,true,,403,129,100,100,http://localhost:7000/randomRequest,917,0,0
1676157986596,713,HTTP Request,200,,Thread-Gruppe  1-1,text,true,,554,129,100,100,http://localhost:7000/randomRequest,713,0,0
1676157985995,1314,HTTP Request,200,,Thread-Gruppe  1-99,text,true,,535,129,100,100,http://localhost:7000/randomRequest,1314,0,0
1676157986903,414,HTTP Request,200,,Thread-Gruppe  1-57,text,true,,419,129,100,100,http://localhost:7000/randomRequest,414,0,0
1676157986809,508,HTTP Request,200,,Thread-Gruppe  1-67,text,true,,418,129,100,100,http://localhost:7000/randomRequest,508,0,0
1676157986910,411,HTTP Request,200,,Thread-Gruppe  1-79,text,true,,419,129,100,100,http://localhost:7000/randomRequest,411,0,0
1676157986411,918,HTTP Request,200,,Thread-Gruppe  1-71,text,true,,418,129,100,100,http://localhost:7000/randomRequest,918,0,0
1676157986411,918,HTTP Request,200,,Thread-Gruppe  1-23,text,true,,492,129,100,100,http://localhost:7000/randomRequest,918,0,0
1676157986515,814,HTTP Request,200,,Thread-Gruppe  1-69,text,true,,492,129,100,100,http://localhost:7000/randomRequest,814,0,1
1676157986818,511,HTTP Request,200,,Thread-Gruppe  1-8,text,true,,558,129,100,100,http://localhost:7000/randomRequest,511,0,0
1676157986617,712,HTTP Request,200,,Thread-Gruppe  1-44,text,true,,492,129,100,100,http://localhost:7000/randomRequest,712,0,1
1676157986373,1022,HTTP Request,200,,Thread-Gruppe  1-88,text,true,,492,129,100,100,http://localhost:7000/randomRequest,1022,0,0
1676157986301,1094,HTTP Request,200,,Thread-Gruppe  1-49,text,true,,527,129,100,100,http://localhost:7000/randomRequest,1094,0,0
1676157986882,513,HTTP Request,200,,Thread-Gruppe  1-7,text,true,,488,129,100,100,http://localhost:7000/randomRequest,513,0,0
1676157986693,712,HTTP Request,200,,Thread-Gruppe  1-60,text,true,,419,129,100,100,http://localhost:7000/randomRequest,712,0,0
1676157986896,517,HTTP Request,200,,Thread-Gruppe  1-34,text,true,,482,129,100,100,http://localhost:7000/randomRequest,517,0,0
1676157986611,821,HTTP Request,200,,Thread-Gruppe  1-54,text,true,,550,129,100,100,http://localhost:7000/randomRequest,821,0,0
1676157986759,718,HTTP Request,200,,Thread-Gruppe  1-98,text,true,,492,129,100,100,http://localhost:7000/randomRequest,718,0,0
1676157986353,1128,HTTP Request,200,,Thread-Gruppe  1-58,text,true,,490,129,100,100,http://localhost:7000/randomRequest,1128,0,0
1676157987088,410,HTTP Request,200,,Thread-Gruppe  1-83,text,true,,492,129,100,100,http://localhost:7000/randomRequest,410,0,1
1676157986809,720,HTTP Request,200,,Thread-Gruppe  1-11,text,true,,416,129,100,100,http://localhost:7000/randomRequest,720,0,0
1676157986815,718,HTTP Request,200,,Thread-Gruppe  1-30,text,true,,418,129,100,100,http://localhost:7000/randomRequest,718,0,1
1676157986818,715,HTTP Request,200,,Thread-Gruppe  1-50,text,true,,1036,129,100,100,http://localhost:7000/randomRequest,715,0,0
1676157986832,721,HTTP Request,200,,Thread-Gruppe  1-41,text,true,,549,129,100,100,http://localhost:7000/randomRequest,721,0,0
1676157986454,1106,HTTP Request,200,,Thread-Gruppe  1-82,text,true,,647,129,100,100,http://localhost:7000/randomRequest,1106,0,0
1676157986742,818,HTTP Request,200,,Thread-Gruppe  1-62,text,true,,485,129,100,100,http://localhost:7000/randomRequest,818,0,0
1676157986853,716,HTTP Request,200,,Thread-Gruppe  1-25,text,true,,552,129,100,100,http://localhost:7000/randomRequest,716,0,0
1676157986986,619,HTTP Request,200,,Thread-Gruppe  1-40,text,true,,419,129,100,100,http://localhost:7000/randomRequest,619,0,1
1676157986986,619,HTTP Request,200,,Thread-Gruppe  1-6,text,true,,492,129,100,100,http://localhost:7000/randomRequest,619,0,1
1676157987114,509,HTTP Request,200,,Thread-Gruppe  1-87,text,true,,1322,129,100,100,http://localhost:7000/randomRequest,509,0,0
1676157987114,509,HTTP Request,200,,Thread-Gruppe  1-17,text,true,,480,129,100,100,http://localhost:7000/randomRequest,509,0,0
1676157986922,716,HTTP Request,200,,Thread-Gruppe  1-21,text,true,,419,129,100,100,http://localhost:7000/randomRequest,716,0,0
1676157986508,1130,HTTP Request,200,,Thread-Gruppe  1-27,text,true,,647,129,100,100,http://localhost:7000/randomRequest,1130,0,0
1676157986936,717,HTTP Request,200,,Thread-Gruppe  1-100,text,true,,418,129,100,100,http://localhost:7000/randomRequest,717,0,0
1676157987039,620,HTTP Request,200,,Thread-Gruppe  1-20,text,true,,418,129,100,100,http://localhost:7000/randomRequest,620,0,0
1676157986462,1226,HTTP Request,200,,Thread-Gruppe  1-89,text,true,,540,129,100,100,http://localhost:7000/randomRequest,1226,0,0
1676157987181,518,HTTP Request,200,,Thread-Gruppe  1-63,text,true,,419,129,100,100,http://localhost:7000/randomRequest,518,0,1
1676157986903,822,HTTP Request,200,,Thread-Gruppe  1-95,text,true,,555,129,100,100,http://localhost:7000/randomRequest,822,0,0
1676157986815,920,HTTP Request,200,,Thread-Gruppe  1-39,text,true,,553,129,100,100,http://localhost:7000/randomRequest,920,0,1
1676157986609,1134,HTTP Request,200,,Thread-Gruppe  1-74,text,true,,490,129,100,100,http://localhost:7000/randomRequest,1134,0,0
1676157987140,614,HTTP Request,200,,Thread-Gruppe  1-48,text,true,,414,129,100,100,http://localhost:7000/randomRequest,614,0,0
1676157986759,995,HTTP Request,200,,Thread-Gruppe  1-32,text,true,,495,129,100,100,http://localhost:7000/randomRequest,995,0,0
1676157987227,533,HTTP Request,200,,Thread-Gruppe  1-61,text,true,,417,129,100,100,http://localhost:7000/randomRequest,533,0,0
1676157987068,720,HTTP Request,200,,Thread-Gruppe  1-18,text,true,,403,129,100,100,http://localhost:7000/randomRequest,720,0,0
1676157986963,825,HTTP Request,200,,Thread-Gruppe  1-35,text,true,,486,129,100,100,http://localhost:7000/randomRequest,825,0,0
1676157987272,516,HTTP Request,200,,Thread-Gruppe  1-59,text,true,,560,129,100,100,http://localhost:7000/randomRequest,516,0,0
1676157987068,720,HTTP Request,200,,Thread-Gruppe  1-70,text,true,,563,129,100,100,http://localhost:7000/randomRequest,720,0,0
1676157987075,713,HTTP Request,200,,Thread-Gruppe  1-9,text,true,,557,129,100,100,http://localhost:7000/randomRequest,713,0,0
1676157987175,614,HTTP Request,200,,Thread-Gruppe  1-76,text,true,,415,129,100,100,http://localhost:7000/randomRequest,614,0,0
1676157985975,1814,HTTP Request,200,,Thread-Gruppe  1-94,text,true,,541,129,100,100,http://localhost:7000/randomRequest,1814,0,0
1676157987199,613,HTTP Request,200,,Thread-Gruppe  1-64,text,true,,416,129,100,100,http://localhost:7000/randomRequest,613,0,1
1676157987096,722,HTTP Request,200,,Thread-Gruppe  1-51,text,true,,417,129,100,100,http://localhost:7000/randomRequest,722,0,0
1676157987309,512,HTTP Request,200,,Thread-Gruppe  1-1,text,true,,419,129,100,100,http://localhost:7000/randomRequest,512,0,1
1676157987309,512,HTTP Request,200,,Thread-Gruppe  1-16,text,true,,553,129,100,100,http://localhost:7000/randomRequest,512,0,1
1676157987109,720,HTTP Request,200,,Thread-Gruppe  1-93,text,true,,419,129,100,100,http://localhost:7000/randomRequest,720,0,0
1676157987114,715,HTTP Request,200,,Thread-Gruppe  1-15,text,true,,418,129,100,100,http://localhost:7000/randomRequest,715,0,0
1676157987010,819,HTTP Request,200,,Thread-Gruppe  1-42,text,true,,403,129,100,100,http://localhost:7000/randomRequest,819,0,0
1676157987126,717,HTTP Request,200,,Thread-Gruppe  1-72,text,true,,419,129,100,100,http://localhost:7000/randomRequest,717,0,0
1676157987329,514,HTTP Request,200,,Thread-Gruppe  1-69,text,true,,489,129,100,100,http://localhost:7000/randomRequest,514,0,0
1676157986859,995,HTTP Request,200,,Thread-Gruppe  1-45,text,true,,643,129,100,100,http://localhost:7000/randomRequest,995,0,1
1676157986938,927,HTTP Request,200,,Thread-Gruppe  1-96,text,true,,492,129,100,100,http://localhost:7000/randomRequest,927,0,0
1676157986369,1507,HTTP Request,200,,Thread-Gruppe  1-75,text,true,,643,129,100,100,http://localhost:7000/randomRequest,1507,0,0
1676157987294,621,HTTP Request,200,,Thread-Gruppe  1-33,text,true,,419,129,100,100,http://localhost:7000/randomRequest,621,0,0
1676157987294,621,HTTP Request,200,,Thread-Gruppe  1-47,text,true,,488,129,100,100,http://localhost:7000/randomRequest,621,0,0
1676157987309,617,HTTP Request,200,,Thread-Gruppe  1-22,text,true,,569,129,100,100,http://localhost:7000/randomRequest,617,0,1
1676157987413,513,HTTP Request,200,,Thread-Gruppe  1-34,text,true,,403,129,100,100,http://localhost:7000/randomRequest,513,0,0
1676157987318,611,HTTP Request,200,,Thread-Gruppe  1-57,text,true,,419,129,100,100,http://localhost:7000/randomRequest,611,0,0
1676157987321,622,HTTP Request,200,,Thread-Gruppe  1-79,text,true,,562,129,100,100,http://localhost:7000/randomRequest,622,0,1
1676157987329,615,HTTP Request,200,,Thread-Gruppe  1-8,text,true,,419,129,100,100,http://localhost:7000/randomRequest,615,0,0
1676157987264,712,HTTP Request,200,,Thread-Gruppe  1-77,text,true,,563,129,100,100,http://localhost:7000/randomRequest,712,0,0
1676157987481,512,HTTP Request,200,,Thread-Gruppe  1-58,text,true,,541,129,100,100,http://localhost:7000/randomRequest,512,0,0
1676157987498,512,HTTP Request,200,,Thread-Gruppe  1-83,text,true,,418,129,100,100,http://localhost:7000/randomRequest,512,0,1
1676157987294,719,HTTP Request,200,,Thread-Gruppe  1-56,text,true,,562,129,100,100,http://localhost:7000/randomRequest,719,0,0
1676157987395,622,HTTP Request,200,,Thread-Gruppe  1-7,text,true,,419,129,100,100,http://localhost:7000/randomRequest,622,0,1
1676157987294,723,HTTP Request,200,,Thread-Gruppe  1-91,text,true,,489,129,100,100,http://localhost:7000/randomRequest,723,0,0
1676157987605,412,HTTP Request,200,,Thread-Gruppe  1-40,text,true,,490,129,100,100,http://localhost:7000/randomRequest,412,0,0
1676157987318,713,HTTP Request,200,,Thread-Gruppe  1-67,text,true,,553,129,100,100,http://localhost:7000/randomRequest,713,0,0
1676157987329,715,HTTP Request,200,,Thread-Gruppe  1-71,text,true,,367,129,100,100,http://localhost:7000/randomRequest,715,0,0
1676157987329,715,HTTP Request,200,,Thread-Gruppe  1-44,text,true,,418,129,100,100,http://localhost:7000/randomRequest,715,0,0
1676157986832,1230,HTTP Request,200,,Thread-Gruppe  1-28,text,true,,492,129,100,100,http://localhost:7000/randomRequest,1230,0,0
1676157986843,1228,HTTP Request,200,,Thread-Gruppe  1-2,text,true,,492,129,100,100,http://localhost:7000/randomRequest,1228,0,0
1676157987560,543,HTTP Request,200,,Thread-Gruppe  1-62,text,true,,547,129,100,100,http://localhost:7000/randomRequest,543,0,1
1676157986684,1428,HTTP Request,200,,Thread-Gruppe  1-65,text,true,,638,129,100,100,http://localhost:7000/randomRequest,1428,0,0
1676157987395,722,HTTP Request,200,,Thread-Gruppe  1-88,text,true,,489,129,100,100,http://localhost:7000/randomRequest,722,0,1
1676157987395,726,HTTP Request,200,,Thread-Gruppe  1-49,text,true,,403,129,100,100,http://localhost:7000/randomRequest,726,0,1
1676157986501,1620,HTTP Request,200,,Thread-Gruppe  1-24,text,true,,527,129,100,100,http://localhost:7000/randomRequest,1620,0,0
1676157987301,824,HTTP Request,200,,Thread-Gruppe  1-53,text,true,,481,129,100,100,http://localhost:7000/randomRequest,824,0,0
1676157987227,902,HTTP Request,200,,Thread-Gruppe  1-10,text,true,,491,129,100,100,http://localhost:7000/randomRequest,902,0,0
1676157987227,917,HTTP Request,200,,Thread-Gruppe  1-26,text,true,,575,129,100,100,http://localhost:7000/randomRequest,917,0,0
1676157987329,815,HTTP Request,200,,Thread-Gruppe  1-23,text,true,,488,129,100,100,http://localhost:7000/randomRequest,815,0,0
1676157987533,611,HTTP Request,200,,Thread-Gruppe  1-30,text,true,,492,129,100,100,http://localhost:7000/randomRequest,611,0,1
1676157987638,515,HTTP Request,200,,Thread-Gruppe  1-27,text,true,,561,129,100,100,http://localhost:7000/randomRequest,515,0,1
1676157987245,922,HTTP Request,200,,Thread-Gruppe  1-43,text,true,,481,129,100,100,http://localhost:7000/randomRequest,922,0,0
1676157987660,515,HTTP Request,200,,Thread-Gruppe  1-20,text,true,,419,129,100,100,http://localhost:7000/randomRequest,515,0,0
1676157987405,819,HTTP Request,200,,Thread-Gruppe  1-60,text,true,,403,129,100,100,http://localhost:7000/randomRequest,819,0,0
1676157986996,1250,HTTP Request,200,,Thread-Gruppe  1-3,text,true,,492,129,100,100,http://localhost:7000/randomRequest,1250,0,0
1676157987553,717,HTTP Request,200,,Thread-Gruppe  1-41,text,true,,485,129,100,100,http://localhost:7000/randomRequest,717,0,0
1676157987754,516,HTTP Request,200,,Thread-Gruppe  1-32,text,true,,556,129,100,100,http://localhost:7000/randomRequest,516,0,0
1676157986859,1446,HTTP Request,200,,Thread-Gruppe  1-97,text,true,,403,129,100,100,http://localhost:7000/randomRequest,1446,0,1
1676157987789,531,HTTP Request,200,,Thread-Gruppe  1-9,text,true,,417,129,100,100,http://localhost:7000/randomRequest,531,0,0
1676157987301,1019,HTTP Request,200,,Thread-Gruppe  1-31,text,true,,537,129,100,100,http://localhost:7000/randomRequest,1019,0,0
1676157987916,411,HTTP Request,200,,Thread-Gruppe  1-33,text,true,,418,129,100,100,http://localhost:7000/randomRequest,411,0,0
1676157987023,1304,HTTP Request,200,,Thread-Gruppe  1-36,text,true,,541,129,100,100,http://localhost:7000/randomRequest,1304,0,0
1676157987818,512,HTTP Request,200,,Thread-Gruppe  1-51,text,true,,419,129,100,100,http://localhost:7000/randomRequest,512,0,0
1676157987725,608,HTTP Request,200,,Thread-Gruppe  1-95,text,true,,492,129,100,100,http://localhost:7000/randomRequest,608,0,1
1676157986769,1606,HTTP Request,200,,Thread-Gruppe  1-12,text,true,,647,129,100,100,http://localhost:7000/randomRequest,1606,0,0
1676157987309,1066,HTTP Request,200,,Thread-Gruppe  1-99,text,true,,566,129,100,100,http://localhost:7000/randomRequest,1066,0,1
1676157987653,722,HTTP Request,200,,Thread-Gruppe  1-100,text,true,,485,129,100,100,http://localhost:7000/randomRequest,722,0,0
1676157987789,619,HTTP Request,200,,Thread-Gruppe  1-35,text,true,,418,129,100,100,http://localhost:7000/randomRequest,619,0,0
1676157987477,931,HTTP Request,200,,Thread-Gruppe  1-98,text,true,,403,129,100,100,http://localhost:7000/randomRequest,931,0,0
1676157987700,722,HTTP Request,200,,Thread-Gruppe  1-63,text,true,,419,129,100,100,http://localhost:7000/randomRequest,722,0,0
1676157987605,830,HTTP Request,200,,Thread-Gruppe  1-6,text,true,,2683,129,100,100,http://localhost:7000/randomRequest,830,0,0
1676157987929,516,HTTP Request,200,,Thread-Gruppe  1-57,text,true,,490,129,100,100,http://localhost:7000/randomRequest,516,0,1
1676157987305,1148,HTTP Request,200,,Thread-Gruppe  1-5,text,true,,568,129,100,100,http://localhost:7000/randomRequest,1148,0,0
1676157987533,921,HTTP Request,200,,Thread-Gruppe  1-50,text,true,,492,129,100,100,http://localhost:7000/randomRequest,921,0,1
1676157987789,705,HTTP Request,200,,Thread-Gruppe  1-18,text,true,,491,129,100,100,http://localhost:7000/randomRequest,705,0,0
1676157987569,925,HTTP Request,200,,Thread-Gruppe  1-25,text,true,,486,129,100,100,http://localhost:7000/randomRequest,925,0,1
1676157987529,997,HTTP Request,200,,Thread-Gruppe  1-11,text,true,,643,129,100,100,http://localhost:7000/randomRequest,997,0,1
1676157987179,1348,HTTP Request,200,,Thread-Gruppe  1-14,text,true,,492,129,100,100,http://localhost:7000/randomRequest,1348,0,0
1676157987812,726,HTTP Request,200,,Thread-Gruppe  1-64,text,true,,492,129,100,100,http://localhost:7000/randomRequest,726,0,1
1676157987623,921,HTTP Request,200,,Thread-Gruppe  1-87,text,true,,403,129,100,100,http://localhost:7000/randomRequest,921,0,1
1676157987735,823,HTTP Request,200,,Thread-Gruppe  1-39,text,true,,485,129,100,100,http://localhost:7000/randomRequest,823,0,1
1676157987829,729,HTTP Request,200,,Thread-Gruppe  1-42,text,true,,565,129,100,100,http://localhost:7000/randomRequest,729,0,1
1676157987829,729,HTTP Request,200,,Thread-Gruppe  1-15,text,true,,553,129,100,100,http://localhost:7000/randomRequest,729,0,1
1676157987854,726,HTTP Request,200,,Thread-Gruppe  1-45,text,true,,419,129,100,100,http://localhost:7000/randomRequest,726,0,1
1676157987865,723,HTTP Request,200,,Thread-Gruppe  1-96,text,true,,492,129,100,100,http://localhost:7000/randomRequest,723,0,0
1676157987560,1028,HTTP Request,200,,Thread-Gruppe  1-82,text,true,,559,129,100,100,http://localhost:7000/randomRequest,1028,0,1
1676157987088,1506,HTTP Request,200,,Thread-Gruppe  1-52,text,true,,647,129,100,100,http://localhost:7000/randomRequest,1506,0,1
1676157987789,824,HTTP Request,200,,Thread-Gruppe  1-70,text,true,,492,129,100,100,http://localhost:7000/randomRequest,824,0,0
1676157987789,824,HTTP Request,200,,Thread-Gruppe  1-76,text,true,,492,129,100,100,http://localhost:7000/randomRequest,824,0,0
1676157987789,824,HTTP Request,200,,Thread-Gruppe  1-59,text,true,,492,129,100,100,http://localhost:7000/randomRequest,824,0,0
1676157988103,524,HTTP Request,200,,Thread-Gruppe  1-62,text,true,,419,129,100,100,http://localhost:7000/randomRequest,524,0,1
1676157988017,625,HTTP Request,200,,Thread-Gruppe  1-91,text,true,,559,129,100,100,http://localhost:7000/randomRequest,625,0,1
1676157987829,834,HTTP Request,200,,Thread-Gruppe  1-93,text,true,,419,129,100,100,http://localhost:7000/randomRequest,834,0,1
1676157988246,417,HTTP Request,200,,Thread-Gruppe  1-3,text,true,,556,129,100,100,http://localhost:7000/randomRequest,417,0,0
1676157988044,619,HTTP Request,200,,Thread-Gruppe  1-44,text,true,,419,129,100,100,http://localhost:7000/randomRequest,619,0,0
1676157987843,828,HTTP Request,200,,Thread-Gruppe  1-69,text,true,,419,129,100,100,http://localhost:7000/randomRequest,828,0,1
1676157988063,620,HTTP Request,200,,Thread-Gruppe  1-28,text,true,,492,129,100,100,http://localhost:7000/randomRequest,620,0,0
1676157988168,515,HTTP Request,200,,Thread-Gruppe  1-43,text,true,,419,129,100,100,http://localhost:7000/randomRequest,515,0,0
1676157987993,724,HTTP Request,200,,Thread-Gruppe  1-58,text,true,,419,129,100,100,http://localhost:7000/randomRequest,724,0,0
1676157988117,630,HTTP Request,200,,Thread-Gruppe  1-88,text,true,,550,129,100,100,http://localhost:7000/randomRequest,630,0,1
1676157988125,622,HTTP Request,200,,Thread-Gruppe  1-53,text,true,,419,129,100,100,http://localhost:7000/randomRequest,622,0,0
1676157987822,925,HTTP Request,200,,Thread-Gruppe  1-16,text,true,,492,129,100,100,http://localhost:7000/randomRequest,925,0,0
1676157987623,1125,HTTP Request,200,,Thread-Gruppe  1-17,text,true,,492,129,100,100,http://localhost:7000/randomRequest,1125,0,1
1676157988144,623,HTTP Request,200,,Thread-Gruppe  1-30,text,true,,4499,129,100,100,http://localhost:7000/randomRequest,623,0,1
1676157987843,924,HTTP Request,200,,Thread-Gruppe  1-72,text,true,,403,129,100,100,http://localhost:7000/randomRequest,924,0,0
1676157987638,1137,HTTP Request,200,,Thread-Gruppe  1-21,text,true,,485,129,100,100,http://localhost:7000/randomRequest,1137,0,1
1676157987943,845,HTTP Request,200,,Thread-Gruppe  1-79,text,true,,417,129,100,100,http://localhost:7000/randomRequest,845,0,0
1676157987876,925,HTTP Request,200,,Thread-Gruppe  1-75,text,true,,492,129,100,100,http://localhost:7000/randomRequest,925,0,0
1676157987743,1135,HTTP Request,200,,Thread-Gruppe  1-74,text,true,,482,129,100,100,http://localhost:7000/randomRequest,1135,0,1
1676157987944,945,HTTP Request,200,,Thread-Gruppe  1-8,text,true,,563,129,100,100,http://localhost:7000/randomRequest,945,0,0
1676157987926,1000,HTTP Request,200,,Thread-Gruppe  1-22,text,true,,541,129,100,100,http://localhost:7000/randomRequest,1000,0,0
1676157988422,521,HTTP Request,200,,Thread-Gruppe  1-63,text,true,,555,129,100,100,http://localhost:7000/randomRequest,521,0,1
1676157988010,933,HTTP Request,200,,Thread-Gruppe  1-83,text,true,,562,129,100,100,http://localhost:7000/randomRequest,933,0,0
1676157988017,938,HTTP Request,200,,Thread-Gruppe  1-40,text,true,,553,129,100,100,http://localhost:7000/randomRequest,938,0,1
1676157988121,834,HTTP Request,200,,Thread-Gruppe  1-49,text,true,,550,129,100,100,http://localhost:7000/randomRequest,834,0,0
1676157987926,1029,HTTP Request,200,,Thread-Gruppe  1-34,text,true,,419,129,100,100,http://localhost:7000/randomRequest,1029,0,0
1676157988435,520,HTTP Request,200,,Thread-Gruppe  1-6,text,true,,485,129,100,100,http://localhost:7000/randomRequest,520,0,1
1676157988327,628,HTTP Request,200,,Thread-Gruppe  1-33,text,true,,419,129,100,100,http://localhost:7000/randomRequest,628,0,0
1676157988320,640,HTTP Request,200,,Thread-Gruppe  1-9,text,true,,414,129,100,100,http://localhost:7000/randomRequest,640,0,0
1676157988559,412,HTTP Request,200,,Thread-Gruppe  1-42,text,true,,418,129,100,100,http://localhost:7000/randomRequest,412,0,0
1676157988144,827,HTTP Request,200,,Thread-Gruppe  1-23,text,true,,565,129,100,100,http://localhost:7000/randomRequest,827,0,1
1676157988144,831,HTTP Request,200,,Thread-Gruppe  1-26,text,true,,419,129,100,100,http://localhost:7000/randomRequest,831,0,1
1676157988175,818,HTTP Request,200,,Thread-Gruppe  1-20,text,true,,552,129,100,100,http://localhost:7000/randomRequest,818,0,0
1676157987432,1561,HTTP Request,200,,Thread-Gruppe  1-54,text,true,,575,129,100,100,http://localhost:7000/randomRequest,1561,0,0
1676157988375,618,HTTP Request,200,,Thread-Gruppe  1-100,text,true,,419,129,100,100,http://localhost:7000/randomRequest,618,0,0
1676157988588,417,HTTP Request,200,,Thread-Gruppe  1-96,text,true,,418,129,100,100,http://localhost:7000/randomRequest,417,0,1
1676157988494,514,HTTP Request,200,,Thread-Gruppe  1-18,text,true,,419,129,100,100,http://localhost:7000/randomRequest,514,0,0
1676157988642,413,HTTP Request,200,,Thread-Gruppe  1-91,text,true,,486,129,100,100,http://localhost:7000/randomRequest,413,0,0
1676157988129,929,HTTP Request,200,,Thread-Gruppe  1-10,text,true,,544,129,100,100,http://localhost:7000/randomRequest,929,0,0
1676157987916,1142,HTTP Request,200,,Thread-Gruppe  1-47,text,true,,556,129,100,100,http://localhost:7000/randomRequest,1142,0,0
1676157988768,303,HTTP Request,200,,Thread-Gruppe  1-72,text,true,,562,129,100,100,http://localhost:7000/randomRequest,303,0,0
1676157988559,517,HTTP Request,200,,Thread-Gruppe  1-39,text,true,,492,129,100,100,http://localhost:7000/randomRequest,517,0,0
1676157988031,1049,HTTP Request,200,,Thread-Gruppe  1-67,text,true,,417,129,100,100,http://localhost:7000/randomRequest,1049,0,1
1676157988153,927,HTTP Request,200,,Thread-Gruppe  1-27,text,true,,485,129,100,100,http://localhost:7000/randomRequest,927,0,0
1676157988375,719,HTTP Request,200,,Thread-Gruppe  1-12,text,true,,419,129,100,100,http://localhost:7000/randomRequest,719,0,0
1676157987754,1340,HTTP Request,200,,Thread-Gruppe  1-48,text,true,,403,129,100,100,http://localhost:7000/randomRequest,1340,0,0
1676157988683,415,HTTP Request,200,,Thread-Gruppe  1-28,text,true,,556,129,100,100,http://localhost:7000/randomRequest,415,0,1
1676157988271,827,HTTP Request,200,,Thread-Gruppe  1-32,text,true,,419,129,100,100,http://localhost:7000/randomRequest,827,0,0
1676157988375,723,HTTP Request,200,,Thread-Gruppe  1-99,text,true,,415,129,100,100,http://localhost:7000/randomRequest,723,0,0
1676157988071,1027,HTTP Request,200,,Thread-Gruppe  1-2,text,true,,488,129,100,100,http://localhost:7000/randomRequest,1027,0,0
1676157988683,434,HTTP Request,200,,Thread-Gruppe  1-43,text,true,,471,129,100,100,http://localhost:7000/randomRequest,434,0,1
1676157988305,823,HTTP Request,200,,Thread-Gruppe  1-97,text,true,,489,129,100,100,http://localhost:7000/randomRequest,823,0,0
1676157987789,1342,HTTP Request,200,,Thread-Gruppe  1-94,text,true,,492,129,100,100,http://localhost:7000/randomRequest,1342,0,0
1676157988408,723,HTTP Request,200,,Thread-Gruppe  1-98,text,true,,488,129,100,100,http://localhost:7000/randomRequest,723,0,1
1676157988408,723,HTTP Request,200,,Thread-Gruppe  1-35,text,true,,419,129,100,100,http://localhost:7000/randomRequest,723,0,1
1676157987688,1450,HTTP Request,200,,Thread-Gruppe  1-89,text,true,,403,129,100,100,http://localhost:7000/randomRequest,1450,0,1
1676157987105,2044,HTTP Request,200,,Thread-Gruppe  1-37,text,true,,541,129,100,100,http://localhost:7000/randomRequest,2044,0,0
1676157988113,1036,HTTP Request,200,,Thread-Gruppe  1-65,text,true,,552,129,100,100,http://localhost:7000/randomRequest,1036,0,0
1676157988747,415,HTTP Request,200,,Thread-Gruppe  1-53,text,true,,552,129,100,100,http://localhost:7000/randomRequest,415,0,0
1676157988775,408,HTTP Request,200,,Thread-Gruppe  1-21,text,true,,562,129,100,100,http://localhost:7000/randomRequest,408,0,0
1676157988044,1139,HTTP Request,200,,Thread-Gruppe  1-71,text,true,,558,129,100,100,http://localhost:7000/randomRequest,1139,0,0
1676157987976,1207,HTTP Request,200,,Thread-Gruppe  1-77,text,true,,537,129,100,100,http://localhost:7000/randomRequest,1207,0,1
1676157988580,614,HTTP Request,200,,Thread-Gruppe  1-45,text,true,,418,129,100,100,http://localhost:7000/randomRequest,614,0,0
1676157988494,721,HTTP Request,200,,Thread-Gruppe  1-25,text,true,,403,129,100,100,http://localhost:7000/randomRequest,721,0,0
1676157987760,1458,HTTP Request,200,,Thread-Gruppe  1-61,text,true,,674,129,100,100,http://localhost:7000/randomRequest,1458,0,0
1676157988320,943,HTTP Request,200,,Thread-Gruppe  1-31,text,true,,417,129,100,100,http://localhost:7000/randomRequest,943,0,0
1676157988224,1042,HTTP Request,200,,Thread-Gruppe  1-60,text,true,,482,129,100,100,http://localhost:7000/randomRequest,1042,0,0
1676157988330,939,HTTP Request,200,,Thread-Gruppe  1-51,text,true,,414,129,100,100,http://localhost:7000/randomRequest,939,0,0
1676157988955,314,HTTP Request,200,,Thread-Gruppe  1-49,text,true,,568,129,100,100,http://localhost:7000/randomRequest,314,0,0
1676157988663,610,HTTP Request,200,,Thread-Gruppe  1-44,text,true,,419,129,100,100,http://localhost:7000/randomRequest,610,0,1
1676157988663,619,HTTP Request,200,,Thread-Gruppe  1-3,text,true,,419,129,100,100,http://localhost:7000/randomRequest,619,0,1
1676157988671,617,HTTP Request,200,,Thread-Gruppe  1-69,text,true,,416,129,100,100,http://localhost:7000/randomRequest,617,0,1
1676157988789,518,HTTP Request,200,,Thread-Gruppe  1-79,text,true,,419,129,100,100,http://localhost:7000/randomRequest,518,0,0
1676157989005,310,HTTP Request,200,,Thread-Gruppe  1-96,text,true,,419,129,100,100,http://localhost:7000/randomRequest,310,0,0
1676157988627,717,HTTP Request,200,,Thread-Gruppe  1-62,text,true,,492,129,100,100,http://localhost:7000/randomRequest,717,0,0
1676157988017,1352,HTTP Request,200,,Thread-Gruppe  1-7,text,true,,485,129,100,100,http://localhost:7000/randomRequest,1352,0,1
1676157988663,709,HTTP Request,200,,Thread-Gruppe  1-93,text,true,,527,129,100,100,http://localhost:7000/randomRequest,709,0,1
1676157988747,625,HTTP Request,200,,Thread-Gruppe  1-16,text,true,,488,129,100,100,http://localhost:7000/randomRequest,625,0,0
1676157988971,414,HTTP Request,200,,Thread-Gruppe  1-42,text,true,,419,129,100,100,http://localhost:7000/randomRequest,414,0,0
1676157988878,515,HTTP Request,200,,Thread-Gruppe  1-74,text,true,,419,129,100,100,http://localhost:7000/randomRequest,515,0,1
1676157987822,1579,HTTP Request,200,,Thread-Gruppe  1-1,text,true,,537,129,100,100,http://localhost:7000/randomRequest,1579,0,0
1676157988613,822,HTTP Request,200,,Thread-Gruppe  1-70,text,true,,418,129,100,100,http://localhost:7000/randomRequest,822,0,0
1676157988446,1003,HTTP Request,200,,Thread-Gruppe  1-57,text,true,,540,129,100,100,http://localhost:7000/randomRequest,1003,0,0
1676157988613,841,HTTP Request,200,,Thread-Gruppe  1-59,text,true,,417,129,100,100,http://localhost:7000/randomRequest,841,0,0
1676157988613,846,HTTP Request,200,,Thread-Gruppe  1-76,text,true,,549,129,100,100,http://localhost:7000/randomRequest,846,0,0
1676157988955,518,HTTP Request,200,,Thread-Gruppe  1-33,text,true,,559,129,100,100,http://localhost:7000/randomRequest,517,0,0
1676157988333,1140,HTTP Request,200,,Thread-Gruppe  1-95,text,true,,417,129,100,100,http://localhost:7000/randomRequest,1139,0,0
1676157988271,1230,HTTP Request,200,,Thread-Gruppe  1-41,text,true,,403,129,100,100,http://localhost:7000/randomRequest,1230,0,0
1676157988559,954,HTTP Request,200,,Thread-Gruppe  1-15,text,true,,417,129,100,100,http://localhost:7000/randomRequest,954,0,0
1676157989117,414,HTTP Request,200,,Thread-Gruppe  1-43,text,true,,560,129,100,100,http://localhost:7000/randomRequest,414,0,1
1676157988013,1518,HTTP Request,200,,Thread-Gruppe  1-56,text,true,,537,129,100,100,http://localhost:7000/randomRequest,1518,0,1
1676157988955,618,HTTP Request,200,,Thread-Gruppe  1-6,text,true,,403,129,100,100,http://localhost:7000/randomRequest,618,0,0
1676157988544,1029,HTTP Request,200,,Thread-Gruppe  1-87,text,true,,403,129,100,100,http://localhost:7000/randomRequest,1029,0,0
1676157989269,307,HTTP Request,200,,Thread-Gruppe  1-51,text,true,,419,129,100,100,http://localhost:7000/randomRequest,307,0,0
1676157988454,1140,HTTP Request,200,,Thread-Gruppe  1-50,text,true,,488,129,100,100,http://localhost:7000/randomRequest,1140,0,0
1676157989094,510,HTTP Request,200,,Thread-Gruppe  1-12,text,true,,558,129,100,100,http://localhost:7000/randomRequest,510,0,0
1676157988994,623,HTTP Request,200,,Thread-Gruppe  1-54,text,true,,418,129,100,100,http://localhost:7000/randomRequest,623,0,0
1676157989218,411,HTTP Request,200,,Thread-Gruppe  1-61,text,true,,418,129,100,100,http://localhost:7000/randomRequest,411,0,0
1676157988748,895,HTTP Request,200,,Thread-Gruppe  1-17,text,true,,481,129,100,100,http://localhost:7000/randomRequest,895,0,0
1676157989139,515,HTTP Request,200,,Thread-Gruppe  1-89,text,true,,492,129,100,100,http://localhost:7000/randomRequest,515,0,0
1676157989131,523,HTTP Request,200,,Thread-Gruppe  1-98,text,true,,564,129,100,100,http://localhost:7000/randomRequest,523,0,0
1676157988527,1127,HTTP Request,200,,Thread-Gruppe  1-14,text,true,,633,129,100,100,http://localhost:7000/randomRequest,1127,0,0
1676157989131,524,HTTP Request,200,,Thread-Gruppe  1-94,text,true,,417,129,100,100,http://localhost:7000/randomRequest,524,0,0
1676157989009,646,HTTP Request,200,,Thread-Gruppe  1-18,text,true,,685,129,100,100,http://localhost:7000/randomRequest,646,0,0
1676157988943,724,HTTP Request,200,,Thread-Gruppe  1-83,text,true,,490,129,100,100,http://localhost:7000/randomRequest,724,0,0
1676157989149,518,HTTP Request,200,,Thread-Gruppe  1-37,text,true,,419,129,100,100,http://localhost:7000/randomRequest,518,0,0
1676157988539,1132,HTTP Request,200,,Thread-Gruppe  1-64,text,true,,539,129,100,100,http://localhost:7000/randomRequest,1132,0,0
1676157988889,785,HTTP Request,200,,Thread-Gruppe  1-8,text,true,,541,129,100,100,http://localhost:7000/randomRequest,785,0,0
1676157988955,719,HTTP Request,200,,Thread-Gruppe  1-40,text,true,,490,129,100,100,http://localhost:7000/randomRequest,719,0,0
1676157989269,405,HTTP Request,200,,Thread-Gruppe  1-49,text,true,,556,129,100,100,http://localhost:7000/randomRequest,405,0,0
1676157989080,618,HTTP Request,200,,Thread-Gruppe  1-67,text,true,,419,129,100,100,http://localhost:7000/randomRequest,618,0,0
1676157988975,723,HTTP Request,200,,Thread-Gruppe  1-26,text,true,,488,129,100,100,http://localhost:7000/randomRequest,723,0,0
1676157989076,622,HTTP Request,200,,Thread-Gruppe  1-39,text,true,,488,129,100,100,http://localhost:7000/randomRequest,622,0,0
1676157988768,930,HTTP Request,200,,Thread-Gruppe  1-30,text,true,,492,129,100,100,http://localhost:7000/randomRequest,930,0,0
1676157988594,1135,HTTP Request,200,,Thread-Gruppe  1-52,text,true,,492,129,100,100,http://localhost:7000/randomRequest,1135,0,0
1676157988526,1205,HTTP Request,200,,Thread-Gruppe  1-11,text,true,,541,129,100,100,http://localhost:7000/randomRequest,1205,0,1
1676157989449,310,HTTP Request,200,,Thread-Gruppe  1-57,text,true,,554,129,100,100,http://localhost:7000/randomRequest,310,0,0
1676157988747,1030,HTTP Request,200,,Thread-Gruppe  1-88,text,true,,564,129,100,100,http://localhost:7000/randomRequest,1030,0,0
1676157988121,1660,HTTP Request,200,,Thread-Gruppe  1-24,text,true,,403,129,100,100,http://localhost:7000/randomRequest,1660,0,0
1676157989288,514,HTTP Request,200,,Thread-Gruppe  1-69,text,true,,551,129,100,100,http://localhost:7000/randomRequest,514,0,1
1676157988453,1349,HTTP Request,200,,Thread-Gruppe  1-5,text,true,,488,129,100,100,http://localhost:7000/randomRequest,1349,0,0
1676157989183,619,HTTP Request,200,,Thread-Gruppe  1-71,text,true,,552,129,100,100,http://localhost:7000/randomRequest,619,0,1
1676157989401,416,HTTP Request,200,,Thread-Gruppe  1-1,text,true,,548,129,100,100,http://localhost:7000/randomRequest,416,0,0
1676157988993,828,HTTP Request,200,,Thread-Gruppe  1-20,text,true,,563,129,100,100,http://localhost:7000/randomRequest,828,0,1
1676157989098,723,HTTP Request,200,,Thread-Gruppe  1-32,text,true,,561,129,100,100,http://localhost:7000/randomRequest,723,0,0
1676157988801,1028,HTTP Request,200,,Thread-Gruppe  1-75,text,true,,403,129,100,100,http://localhost:7000/randomRequest,1028,0,0
1676157989435,416,HTTP Request,200,,Thread-Gruppe  1-70,text,true,,562,129,100,100,http://localhost:7000/randomRequest,416,0,0
1676157988327,1524,HTTP Request,200,,Thread-Gruppe  1-36,text,true,,527,129,100,100,http://localhost:7000/randomRequest,1524,0,0
1676157988960,923,HTTP Request,200,,Thread-Gruppe  1-9,text,true,,488,129,100,100,http://localhost:7000/randomRequest,922,0,0
1676157989473,410,HTTP Request,200,,Thread-Gruppe  1-33,text,true,,485,129,100,100,http://localhost:7000/randomRequest,409,0,0
1676157989071,812,HTTP Request,200,,Thread-Gruppe  1-72,text,true,,419,129,100,100,http://localhost:7000/randomRequest,811,0,1
1676157959793,30091,HTTP Request,500,,Thread-Gruppe  1-92,text,false,,258,129,100,100,http://localhost:7000/randomRequest,30091,0,0
1676157989282,623,HTTP Request,200,,Thread-Gruppe  1-3,text,true,,371,129,100,100,http://localhost:7000/randomRequest,623,0,0
1676157988718,1236,HTTP Request,200,,Thread-Gruppe  1-58,text,true,,492,129,100,100,http://localhost:7000/randomRequest,1236,0,0
1676157989131,834,HTTP Request,200,,Thread-Gruppe  1-35,text,true,,418,129,100,100,http://localhost:7000/randomRequest,834,0,0
1676157988943,1029,HTTP Request,200,,Thread-Gruppe  1-63,text,true,,492,129,100,100,http://localhost:7000/randomRequest,1029,0,0
1676157989459,514,HTTP Request,200,,Thread-Gruppe  1-76,text,true,,418,129,100,100,http://localhost:7000/randomRequest,514,0,0
1676157989273,711,HTTP Request,200,,Thread-Gruppe  1-44,text,true,,403,129,100,100,http://localhost:7000/randomRequest,711,0,0
1676157989369,615,HTTP Request,200,,Thread-Gruppe  1-7,text,true,,554,129,100,100,http://localhost:7000/randomRequest,615,0,0
1676157989080,926,HTTP Request,200,,Thread-Gruppe  1-27,text,true,,419,129,100,100,http://localhost:7000/randomRequest,926,0,0
1676157989513,513,HTTP Request,200,,Thread-Gruppe  1-15,text,true,,419,129,100,100,http://localhost:7000/randomRequest,513,0,0
1676157988588,1438,HTTP Request,200,,Thread-Gruppe  1-82,text,true,,492,129,100,100,http://localhost:7000/randomRequest,1438,0,1
1676157989215,818,HTTP Request,200,,Thread-Gruppe  1-25,text,true,,403,129,100,100,http://localhost:7000/randomRequest,818,0,1
1676157989731,307,HTTP Request,200,,Thread-Gruppe  1-11,text,true,,418,129,100,100,http://localhost:7000/randomRequest,307,0,1
1676157989128,930,HTTP Request,200,,Thread-Gruppe  1-97,text,true,,492,129,100,100,http://localhost:7000/randomRequest,930,0,0
1676157989454,612,HTTP Request,200,,Thread-Gruppe  1-59,text,true,,416,129,100,100,http://localhost:7000/randomRequest,612,0,0
1676157988971,1103,HTTP Request,200,,Thread-Gruppe  1-23,text,true,,495,129,100,100,http://localhost:7000/randomRequest,1103,0,0
1676157989149,925,HTTP Request,200,,Thread-Gruppe  1-65,text,true,,419,129,100,100,http://localhost:7000/randomRequest,925,0,0
1676157989055,1026,HTTP Request,200,,Thread-Gruppe  1-91,text,true,,492,129,100,100,http://localhost:7000/randomRequest,1026,0,0
1676157989576,509,HTTP Request,200,,Thread-Gruppe  1-51,text,true,,553,129,100,100,http://localhost:7000/randomRequest,509,0,0
1676157989573,516,HTTP Request,200,,Thread-Gruppe  1-87,text,true,,550,129,100,100,http://localhost:7000/randomRequest,516,0,0
1676157989098,1019,HTTP Request,200,,Thread-Gruppe  1-99,text,true,,537,129,100,100,http://localhost:7000/randomRequest,1019,0,0
1676157989501,616,HTTP Request,200,,Thread-Gruppe  1-41,text,true,,415,129,100,100,http://localhost:7000/randomRequest,616,0,1
1676157989194,923,HTTP Request,200,,Thread-Gruppe  1-45,text,true,,483,129,100,100,http://localhost:7000/randomRequest,923,0,1
1676157989098,1025,HTTP Request,200,,Thread-Gruppe  1-2,text,true,,527,129,100,100,http://localhost:7000/randomRequest,1025,0,0
1676157989344,821,HTTP Request,200,,Thread-Gruppe  1-62,text,true,,492,129,100,100,http://localhost:7000/randomRequest,821,0,0
1676157989183,995,HTTP Request,200,,Thread-Gruppe  1-21,text,true,,537,129,100,100,http://localhost:7000/randomRequest,995,0,1
1676157989059,1122,HTTP Request,200,,Thread-Gruppe  1-47,text,true,,403,129,100,100,http://localhost:7000/randomRequest,1122,0,0
1676157989266,920,HTTP Request,200,,Thread-Gruppe  1-60,text,true,,488,129,100,100,http://localhost:7000/randomRequest,920,0,0
1676157989473,717,HTTP Request,200,,Thread-Gruppe  1-95,text,true,,492,129,100,100,http://localhost:7000/randomRequest,717,0,0
1676157989183,1029,HTTP Request,200,,Thread-Gruppe  1-77,text,true,,419,129,100,100,http://localhost:7000/randomRequest,1029,0,1
1676157989393,819,HTTP Request,200,,Thread-Gruppe  1-74,text,true,,569,129,100,100,http://localhost:7000/randomRequest,819,0,0
1676157989385,827,HTTP Request,200,,Thread-Gruppe  1-42,text,true,,419,129,100,100,http://localhost:7000/randomRequest,827,0,1
1676157989531,717,HTTP Request,200,,Thread-Gruppe  1-43,text,true,,540,129,100,100,http://localhost:7000/randomRequest,717,0,0
1676157988926,1322,HTTP Request,200,,Thread-Gruppe  1-22,text,true,,527,129,100,100,http://localhost:7000/randomRequest,1322,0,0
1676157989372,910,HTTP Request,200,,Thread-Gruppe  1-16,text,true,,647,129,100,100,http://localhost:7000/randomRequest,910,0,0
1676157989655,627,HTTP Request,200,,Thread-Gruppe  1-18,text,true,,492,129,100,100,http://localhost:7000/randomRequest,627,0,0
1676157989674,615,HTTP Request,200,,Thread-Gruppe  1-49,text,true,,418,129,100,100,http://localhost:7000/randomRequest,615,0,0
1676157989263,1026,HTTP Request,200,,Thread-Gruppe  1-31,text,true,,418,129,100,100,http://localhost:7000/randomRequest,1026,0,0
1676157989162,1136,HTTP Request,200,,Thread-Gruppe  1-53,text,true,,488,129,100,100,http://localhost:7000/randomRequest,1136,0,0
1676157989667,645,HTTP Request,200,,Thread-Gruppe  1-83,text,true,,417,129,100,100,http://localhost:7000/randomRequest,645,0,1
1676157989307,1008,HTTP Request,200,,Thread-Gruppe  1-79,text,true,,647,129,100,100,http://localhost:7000/randomRequest,1008,0,0
1676157989604,718,HTTP Request,200,,Thread-Gruppe  1-12,text,true,,488,129,100,100,http://localhost:7000/randomRequest,718,0,0
1676157989817,515,HTTP Request,200,,Thread-Gruppe  1-1,text,true,,492,129,100,100,http://localhost:7000/randomRequest,515,0,1
1676157989098,1237,HTTP Request,200,,Thread-Gruppe  1-28,text,true,,640,129,100,100,http://localhost:7000/randomRequest,1237,0,0
1676157989829,517,HTTP Request,200,,Thread-Gruppe  1-75,text,true,,492,129,100,100,http://localhost:7000/randomRequest,517,0,0
1676157989531,821,HTTP Request,200,,Thread-Gruppe  1-56,text,true,,1214,129,100,100,http://localhost:7000/randomRequest,821,0,0
1676157989643,719,HTTP Request,200,,Thread-Gruppe  1-17,text,true,,419,129,100,100,http://localhost:7000/randomRequest,719,0,1
1676157989059,1314,HTTP Request,200,,Thread-Gruppe  1-10,text,true,,537,129,100,100,http://localhost:7000/randomRequest,1314,0,0
1676157989654,719,HTTP Request,200,,Thread-Gruppe  1-98,text,true,,419,129,100,100,http://localhost:7000/randomRequest,719,0,1
1676157989654,719,HTTP Request,200,,Thread-Gruppe  1-14,text,true,,489,129,100,100,http://localhost:7000/randomRequest,719,0,1
1676157989965,413,HTTP Request,200,,Thread-Gruppe  1-35,text,true,,419,129,100,100,http://localhost:7000/randomRequest,413,0,0
1676157989674,715,HTTP Request,200,,Thread-Gruppe  1-40,text,true,,569,129,100,100,http://localhost:7000/randomRequest,715,0,0
1676157989674,715,HTTP Request,200,,Thread-Gruppe  1-8,text,true,,485,129,100,100,http://localhost:7000/randomRequest,715,0,0
1676157989372,1029,HTTP Request,200,,Thread-Gruppe  1-93,text,true,,562,129,100,100,http://localhost:7000/randomRequest,1029,0,0
1676157988993,1419,HTTP Request,200,,Thread-Gruppe  1-100,text,true,,534,129,100,100,http://localhost:7000/randomRequest,1419,0,1
1676157989698,719,HTTP Request,200,,Thread-Gruppe  1-30,text,true,,381,129,100,100,http://localhost:7000/randomRequest,719,0,0
1676157989629,810,HTTP Request,200,,Thread-Gruppe  1-61,text,true,,485,129,100,100,http://localhost:7000/randomRequest,810,0,1
1676157989851,620,HTTP Request,200,,Thread-Gruppe  1-70,text,true,,418,129,100,100,http://localhost:7000/randomRequest,620,0,0
1676157989654,821,HTTP Request,200,,Thread-Gruppe  1-89,text,true,,556,129,100,100,http://localhost:7000/randomRequest,821,0,1
1676157989655,824,HTTP Request,200,,Thread-Gruppe  1-94,text,true,,492,129,100,100,http://localhost:7000/randomRequest,824,0,0
1676157989884,622,HTTP Request,200,,Thread-Gruppe  1-92,text,true,,416,129,100,100,http://localhost:7000/randomRequest,622,0,0
1676157989698,820,HTTP Request,200,,Thread-Gruppe  1-67,text,true,,403,129,100,100,http://localhost:7000/randomRequest,820,0,0
1676157990026,519,HTTP Request,200,,Thread-Gruppe  1-82,text,true,,419,129,100,100,http://localhost:7000/randomRequest,519,0,1
1676157989729,822,HTTP Request,200,,Thread-Gruppe  1-52,text,true,,492,129,100,100,http://localhost:7000/randomRequest,822,0,0
1676157989973,610,HTTP Request,200,,Thread-Gruppe  1-63,text,true,,419,129,100,100,http://localhost:7000/randomRequest,610,0,0
1676157989973,619,HTTP Request,200,,Thread-Gruppe  1-76,text,true,,419,129,100,100,http://localhost:7000/randomRequest,619,0,0
1676157989672,923,HTTP Request,200,,Thread-Gruppe  1-64,text,true,,419,129,100,100,http://localhost:7000/randomRequest,923,0,0
1676157989984,624,HTTP Request,200,,Thread-Gruppe  1-44,text,true,,492,129,100,100,http://localhost:7000/randomRequest,624,0,1
1676157989883,725,HTTP Request,200,,Thread-Gruppe  1-9,text,true,,548,129,100,100,http://localhost:7000/randomRequest,725,0,0
1676157989698,951,HTTP Request,200,,Thread-Gruppe  1-26,text,true,,470,129,100,100,http://localhost:7000/randomRequest,951,0,0
1676157989821,828,HTTP Request,200,,Thread-Gruppe  1-32,text,true,,485,129,100,100,http://localhost:7000/randomRequest,828,0,1
1676157989617,1038,HTTP Request,200,,Thread-Gruppe  1-54,text,true,,492,129,100,100,http://localhost:7000/randomRequest,1038,0,1
1676157990362,311,HTTP Request,200,,Thread-Gruppe  1-17,text,true,,403,129,100,100,http://localhost:7000/randomRequest,311,0,1
1676157960620,30054,HTTP Request,500,,Thread-Gruppe  1-55,text,false,,258,129,100,100,http://localhost:7000/randomRequest,30054,0,0
1676157989954,723,HTTP Request,200,,Thread-Gruppe  1-58,text,true,,485,129,100,100,http://localhost:7000/randomRequest,723,0,0
1676157989573,1104,HTTP Request,200,,Thread-Gruppe  1-6,text,true,,633,129,100,100,http://localhost:7000/randomRequest,1104,0,0
1676157990058,619,HTTP Request,200,,Thread-Gruppe  1-97,text,true,,419,129,100,100,http://localhost:7000/randomRequest,619,0,0
1676157990282,413,HTTP Request,200,,Thread-Gruppe  1-16,text,true,,550,129,100,100,http://localhost:7000/randomRequest,413,0,1
1676157989095,1604,HTTP Request,200,,Thread-Gruppe  1-48,text,true,,643,129,100,100,http://localhost:7000/randomRequest,1604,0,0
1676157989984,729,HTTP Request,200,,Thread-Gruppe  1-7,text,true,,417,129,100,100,http://localhost:7000/randomRequest,729,0,1
1676157989883,830,HTTP Request,200,,Thread-Gruppe  1-33,text,true,,418,129,100,100,http://localhost:7000/randomRequest,830,0,0
1676157989802,921,HTTP Request,200,,Thread-Gruppe  1-71,text,true,,529,129,100,100,http://localhost:7000/randomRequest,921,0,1
1676157989698,1030,HTTP Request,200,,Thread-Gruppe  1-39,text,true,,492,129,100,100,http://localhost:7000/randomRequest,1030,0,0
1676157990212,520,HTTP Request,200,,Thread-Gruppe  1-42,text,true,,551,129,100,100,http://localhost:7000/randomRequest,520,0,0
1676157990124,614,HTTP Request,200,,Thread-Gruppe  1-2,text,true,,419,129,100,100,http://localhost:7000/randomRequest,614,0,0
1676157990039,728,HTTP Request,200,,Thread-Gruppe  1-11,text,true,,492,129,100,100,http://localhost:7000/randomRequest,728,0,0
1676157990165,623,HTTP Request,200,,Thread-Gruppe  1-62,text,true,,419,129,100,100,http://localhost:7000/randomRequest,623,0,0
1676157990289,512,HTTP Request,200,,Thread-Gruppe  1-49,text,true,,419,129,100,100,http://localhost:7000/randomRequest,512,0,0
1676157989595,1206,HTTP Request,200,,Thread-Gruppe  1-50,text,true,,491,129,100,100,http://localhost:7000/randomRequest,1206,0,0
1676157990085,723,HTTP Request,200,,Thread-Gruppe  1-51,text,true,,481,129,100,100,http://localhost:7000/randomRequest,723,0,0
1676157990190,618,HTTP Request,200,,Thread-Gruppe  1-95,text,true,,416,129,100,100,http://localhost:7000/randomRequest,618,0,0
1676157989802,1025,HTTP Request,200,,Thread-Gruppe  1-69,text,true,,553,129,100,100,http://localhost:7000/randomRequest,1025,0,1
1676157990007,825,HTTP Request,200,,Thread-Gruppe  1-27,text,true,,488,129,100,100,http://localhost:7000/randomRequest,825,0,0
1676157990117,715,HTTP Request,200,,Thread-Gruppe  1-41,text,true,,419,129,100,100,http://localhost:7000/randomRequest,715,0,1
1676157990212,640,HTTP Request,200,,Thread-Gruppe  1-74,text,true,,417,129,100,100,http://localhost:7000/randomRequest,640,0,0
1676157990248,621,HTTP Request,200,,Thread-Gruppe  1-43,text,true,,403,129,100,100,http://localhost:7000/randomRequest,621,0,0
1676157989905,991,HTTP Request,200,,Thread-Gruppe  1-3,text,true,,481,129,100,100,http://localhost:7000/randomRequest,991,0,1
1676157990283,618,HTTP Request,200,,Thread-Gruppe  1-18,text,true,,415,129,100,100,http://localhost:7000/randomRequest,618,0,0
1676157990186,726,HTTP Request,200,,Thread-Gruppe  1-60,text,true,,414,129,100,100,http://localhost:7000/randomRequest,726,0,0
1676157990401,520,HTTP Request,200,,Thread-Gruppe  1-93,text,true,,419,129,100,100,http://localhost:7000/randomRequest,520,0,0
1676157990332,614,HTTP Request,200,,Thread-Gruppe  1-1,text,true,,419,129,100,100,http://localhost:7000/randomRequest,614,0,0
1676157990346,616,HTTP Request,200,,Thread-Gruppe  1-75,text,true,,540,129,100,100,http://localhost:7000/randomRequest,616,0,0
1676157989777,1206,HTTP Request,200,,Thread-Gruppe  1-88,text,true,,536,129,100,100,http://localhost:7000/randomRequest,1206,0,1
1676157989667,1316,HTTP Request,200,,Thread-Gruppe  1-37,text,true,,527,129,100,100,http://localhost:7000/randomRequest,1316,0,1
1676157990472,511,HTTP Request,200,,Thread-Gruppe  1-70,text,true,,551,129,100,100,http://localhost:7000/randomRequest,511,0,0
1676157989851,1132,HTTP Request,200,,Thread-Gruppe  1-36,text,true,,492,129,100,100,http://localhost:7000/randomRequest,1132,0,0
1676157989883,1113,HTTP Request,200,,Thread-Gruppe  1-72,text,true,,633,129,100,100,http://localhost:7000/randomRequest,1113,0,0
1676157990066,930,HTTP Request,200,,Thread-Gruppe  1-59,text,true,,479,129,100,100,http://localhost:7000/randomRequest,930,0,1
1676157990373,623,HTTP Request,200,,Thread-Gruppe  1-98,text,true,,419,129,100,100,http://localhost:7000/randomRequest,623,0,0
1676157990584,416,HTTP Request,200,,Thread-Gruppe  1-63,text,true,,550,129,100,100,http://localhost:7000/randomRequest,416,0,0
1676157990181,827,HTTP Request,200,,Thread-Gruppe  1-47,text,true,,492,129,100,100,http://localhost:7000/randomRequest,827,0,1
1676157990390,618,HTTP Request,200,,Thread-Gruppe  1-40,text,true,,554,129,100,100,http://localhost:7000/randomRequest,618,0,0
1676157990595,418,HTTP Request,200,,Thread-Gruppe  1-64,text,true,,492,129,100,100,http://localhost:7000/randomRequest,418,0,1
1676157990298,725,HTTP Request,200,,Thread-Gruppe  1-53,text,true,,555,129,100,100,http://localhost:7000/randomRequest,725,0,0
1676157990089,934,HTTP Request,200,,Thread-Gruppe  1-87,text,true,,403,129,100,100,http://localhost:7000/randomRequest,934,0,0
1676157990312,722,HTTP Request,200,,Thread-Gruppe  1-83,text,true,,403,129,100,100,http://localhost:7000/randomRequest,722,0,0
1676157990315,723,HTTP Request,200,,Thread-Gruppe  1-79,text,true,,492,129,100,100,http://localhost:7000/randomRequest,723,0,0
1676157990738,313,HTTP Request,200,,Thread-Gruppe  1-2,text,true,,414,129,100,100,http://localhost:7000/randomRequest,313,0,1
1676157990546,511,HTTP Request,200,,Thread-Gruppe  1-82,text,true,,419,129,100,100,http://localhost:7000/randomRequest,511,0,0
1676157990026,1031,HTTP Request,200,,Thread-Gruppe  1-15,text,true,,492,129,100,100,http://localhost:7000/randomRequest,1031,0,0
1676157990439,618,HTTP Request,200,,Thread-Gruppe  1-61,text,true,,416,129,100,100,http://localhost:7000/randomRequest,618,0,0
1676157990033,1034,HTTP Request,200,,Thread-Gruppe  1-25,text,true,,548,129,100,100,http://localhost:7000/randomRequest,1034,0,1
1676157990074,996,HTTP Request,200,,Thread-Gruppe  1-23,text,true,,647,129,100,100,http://localhost:7000/randomRequest,996,0,1
1676157990248,822,HTTP Request,200,,Thread-Gruppe  1-22,text,true,,486,129,100,100,http://localhost:7000/randomRequest,822,0,0
1676157989759,1311,HTTP Request,200,,Thread-Gruppe  1-57,text,true,,525,129,100,100,http://localhost:7000/randomRequest,1311,0,1
1676157990289,820,HTTP Request,200,,Thread-Gruppe  1-31,text,true,,481,129,100,100,http://localhost:7000/randomRequest,820,0,0
1676157989315,1853,HTTP Request,200,,Thread-Gruppe  1-96,text,true,,485,129,100,100,http://localhost:7000/randomRequest,1853,0,1
1676157990674,513,HTTP Request,200,,Thread-Gruppe  1-17,text,true,,564,129,100,100,http://localhost:7000/randomRequest,513,0,0
1676157990677,515,HTTP Request,200,,Thread-Gruppe  1-58,text,true,,418,129,100,100,http://localhost:7000/randomRequest,515,0,0
1676157990373,828,HTTP Request,200,,Thread-Gruppe  1-14,text,true,,492,129,100,100,http://localhost:7000/randomRequest,828,0,0
1676157990373,828,HTTP Request,200,,Thread-Gruppe  1-10,text,true,,492,129,100,100,http://localhost:7000/randomRequest,828,0,0
1676157989781,1451,HTTP Request,200,,Thread-Gruppe  1-24,text,true,,495,129,100,100,http://localhost:7000/randomRequest,1451,0,1
1676157990729,513,HTTP Request,200,,Thread-Gruppe  1-39,text,true,,549,129,100,100,http://localhost:7000/randomRequest,513,0,0
1676157990417,825,HTTP Request,200,,Thread-Gruppe  1-30,text,true,,550,129,100,100,http://localhost:7000/randomRequest,825,0,1
1676157990335,923,HTTP Request,200,,Thread-Gruppe  1-28,text,true,,492,129,100,100,http://localhost:7000/randomRequest,923,0,1
1676157990655,614,HTTP Request,200,,Thread-Gruppe  1-54,text,true,,531,129,100,100,http://localhost:7000/randomRequest,614,0,1
1676157990479,829,HTTP Request,200,,Thread-Gruppe  1-94,text,true,,489,129,100,100,http://localhost:7000/randomRequest,829,0,0
1676157990789,519,HTTP Request,200,,Thread-Gruppe  1-62,text,true,,563,129,100,100,http://localhost:7000/randomRequest,519,0,0
1676157990322,995,HTTP Request,200,,Thread-Gruppe  1-12,text,true,,481,129,100,100,http://localhost:7000/randomRequest,995,0,0
1676157961232,30084,HTTP Request,500,,Thread-Gruppe  1-13,text,false,,258,129,100,100,http://localhost:7000/randomRequest,30084,0,0
1676157990699,620,HTTP Request,200,,Thread-Gruppe  1-48,text,true,,419,129,100,100,http://localhost:7000/randomRequest,620,0,1
1676157990212,1120,HTTP Request,200,,Thread-Gruppe  1-77,text,true,,633,129,100,100,http://localhost:7000/randomRequest,1120,0,0
1676157990518,827,HTTP Request,200,,Thread-Gruppe  1-67,text,true,,492,129,100,100,http://localhost:7000/randomRequest,827,0,0
1676157990946,413,HTTP Request,200,,Thread-Gruppe  1-1,text,true,,418,129,100,100,http://localhost:7000/randomRequest,413,0,0
1676157989802,1565,HTTP Request,200,,Thread-Gruppe  1-5,text,true,,474,129,100,100,http://localhost:7000/randomRequest,1565,0,1
1676157990551,819,HTTP Request,200,,Thread-Gruppe  1-52,text,true,,488,129,100,100,http://localhost:7000/randomRequest,819,0,0
1676157990074,1308,HTTP Request,200,,Thread-Gruppe  1-65,text,true,,535,129,100,100,http://localhost:7000/randomRequest,1308,0,1
1676157990178,1204,HTTP Request,200,,Thread-Gruppe  1-21,text,true,,537,129,100,100,http://localhost:7000/randomRequest,1204,0,0
1676157989821,1576,HTTP Request,200,,Thread-Gruppe  1-20,text,true,,572,129,100,100,http://localhost:7000/randomRequest,1576,0,1
1676157990983,416,HTTP Request,200,,Thread-Gruppe  1-37,text,true,,418,129,100,100,http://localhost:7000/randomRequest,416,0,0
1676157990808,614,HTTP Request,200,,Thread-Gruppe  1-51,text,true,,403,129,100,100,http://localhost:7000/randomRequest,614,0,0
1676157990912,510,HTTP Request,200,,Thread-Gruppe  1-60,text,true,,492,129,100,100,http://localhost:7000/randomRequest,510,0,1
1676157990695,727,HTTP Request,200,,Thread-Gruppe  1-16,text,true,,490,129,100,100,http://localhost:7000/randomRequest,727,0,1
1676157990506,924,HTTP Request,200,,Thread-Gruppe  1-92,text,true,,552,129,100,100,http://localhost:7000/randomRequest,924,0,0
1676157990608,822,HTTP Request,200,,Thread-Gruppe  1-9,text,true,,523,129,100,100,http://localhost:7000/randomRequest,822,0,1
1676157990713,720,HTTP Request,200,,Thread-Gruppe  1-7,text,true,,492,129,100,100,http://localhost:7000/randomRequest,720,0,0
1676157990713,720,HTTP Request,200,,Thread-Gruppe  1-33,text,true,,492,129,100,100,http://localhost:7000/randomRequest,720,0,0
1676157990117,1316,HTTP Request,200,,Thread-Gruppe  1-99,text,true,,535,129,100,100,http://localhost:7000/randomRequest,1316,0,1
1676157990832,617,HTTP Request,200,,Thread-Gruppe  1-41,text,true,,419,129,100,100,http://localhost:7000/randomRequest,617,0,0
1676157990827,622,HTTP Request,200,,Thread-Gruppe  1-69,text,true,,419,129,100,100,http://localhost:7000/randomRequest,622,0,0
1676157990378,1097,HTTP Request,200,,Thread-Gruppe  1-35,text,true,,633,129,100,100,http://localhost:7000/randomRequest,1097,0,0
1676157990767,725,HTTP Request,200,,Thread-Gruppe  1-11,text,true,,377,129,100,100,http://localhost:7000/randomRequest,725,0,1
1676157990649,843,HTTP Request,200,,Thread-Gruppe  1-26,text,true,,415,129,100,100,http://localhost:7000/randomRequest,843,0,0
1676157990983,518,HTTP Request,200,,Thread-Gruppe  1-36,text,true,,492,129,100,100,http://localhost:7000/randomRequest,518,0,0
1676157990081,1436,HTTP Request,200,,Thread-Gruppe  1-91,text,true,,643,129,100,100,http://localhost:7000/randomRequest,1436,0,1
1676157990901,616,HTTP Request,200,,Thread-Gruppe  1-18,text,true,,492,129,100,100,http://localhost:7000/randomRequest,616,0,0
1676157990996,521,HTTP Request,200,,Thread-Gruppe  1-72,text,true,,403,129,100,100,http://localhost:7000/randomRequest,521,0,0
1676157991000,517,HTTP Request,200,,Thread-Gruppe  1-63,text,true,,558,129,100,100,http://localhost:7000/randomRequest,517,0,1
1676157990475,1050,HTTP Request,200,,Thread-Gruppe  1-89,text,true,,417,129,100,100,http://localhost:7000/randomRequest,1050,0,0
1676157991023,523,HTTP Request,200,,Thread-Gruppe  1-53,text,true,,563,129,100,100,http://localhost:7000/randomRequest,523,0,1
1676157991051,516,HTTP Request,200,,Thread-Gruppe  1-2,text,true,,419,129,100,100,http://localhost:7000/randomRequest,516,0,0
1676157990896,721,HTTP Request,200,,Thread-Gruppe  1-3,text,true,,492,129,100,100,http://localhost:7000/randomRequest,721,0,0
1676157990592,1030,HTTP Request,200,,Thread-Gruppe  1-76,text,true,,402,129,100,100,http://localhost:7000/randomRequest,1030,0,0
1676157991034,620,HTTP Request,200,,Thread-Gruppe  1-83,text,true,,557,129,100,100,http://localhost:7000/randomRequest,620,0,1
1676157990869,798,HTTP Request,200,,Thread-Gruppe  1-43,text,true,,537,129,100,100,http://localhost:7000/randomRequest,798,0,1
1676157991057,622,HTTP Request,200,,Thread-Gruppe  1-82,text,true,,419,129,100,100,http://localhost:7000/randomRequest,622,0,1
1676157990352,1327,HTTP Request,200,,Thread-Gruppe  1-56,text,true,,647,129,100,100,http://localhost:7000/randomRequest,1327,0,0
1676157990963,719,HTTP Request,200,,Thread-Gruppe  1-75,text,true,,492,129,100,100,http://localhost:7000/randomRequest,719,0,0
1676157991071,621,HTTP Request,200,,Thread-Gruppe  1-22,text,true,,403,129,100,100,http://localhost:7000/randomRequest,621,0,0
1676157991071,621,HTTP Request,200,,Thread-Gruppe  1-57,text,true,,419,129,100,100,http://localhost:7000/randomRequest,621,0,0
1676157990390,1310,HTTP Request,200,,Thread-Gruppe  1-8,text,true,,633,129,100,100,http://localhost:7000/randomRequest,1310,0,0
1676157991188,520,HTTP Request,200,,Thread-Gruppe  1-17,text,true,,492,129,100,100,http://localhost:7000/randomRequest,520,0,0
1676157991308,413,HTTP Request,200,,Thread-Gruppe  1-62,text,true,,492,129,100,100,http://localhost:7000/randomRequest,413,0,1
1676157990996,725,HTTP Request,200,,Thread-Gruppe  1-98,text,true,,541,129,100,100,http://localhost:7000/randomRequest,725,0,0
1676157990732,989,HTTP Request,200,,Thread-Gruppe  1-42,text,true,,633,129,100,100,http://localhost:7000/randomRequest,989,0,0
1676157991013,717,HTTP Request,200,,Thread-Gruppe  1-64,text,true,,492,129,100,100,http://localhost:7000/randomRequest,717,0,0
1676157990608,1130,HTTP Request,200,,Thread-Gruppe  1-44,text,true,,485,129,100,100,http://localhost:7000/randomRequest,1130,0,1
1676157991023,731,HTTP Request,200,,Thread-Gruppe  1-87,text,true,,490,129,100,100,http://localhost:7000/randomRequest,731,0,1
1676157991038,716,HTTP Request,200,,Thread-Gruppe  1-79,text,true,,551,129,100,100,http://localhost:7000/randomRequest,716,0,1
1676157991057,723,HTTP Request,200,,Thread-Gruppe  1-61,text,true,,485,129,100,100,http://localhost:7000/randomRequest,723,0,1
1676157990675,1105,HTTP Request,200,,Thread-Gruppe  1-55,text,true,,641,129,100,100,http://localhost:7000/randomRequest,1105,0,0
1676157990677,1115,HTTP Request,200,,Thread-Gruppe  1-6,text,true,,647,129,100,100,http://localhost:7000/randomRequest,1115,0,0
1676157991071,721,HTTP Request,200,,Thread-Gruppe  1-23,text,true,,552,129,100,100,http://localhost:7000/randomRequest,721,0,0
1676157991308,517,HTTP Request,200,,Thread-Gruppe  1-94,text,true,,419,129,100,100,http://localhost:7000/randomRequest,517,0,1
1676157990983,842,HTTP Request,200,,Thread-Gruppe  1-88,text,true,,417,129,100,100,http://localhost:7000/randomRequest,842,0,0
1676157990996,829,HTTP Request,200,,Thread-Gruppe  1-59,text,true,,485,129,100,100,http://localhost:7000/randomRequest,829,0,0
1676157991008,824,HTTP Request,200,,Thread-Gruppe  1-40,text,true,,492,129,100,100,http://localhost:7000/randomRequest,824,0,1
1676157991399,433,HTTP Request,200,,Thread-Gruppe  1-37,text,true,,417,129,100,100,http://localhost:7000/randomRequest,433,0,0
1676157991317,515,HTTP Request,200,,Thread-Gruppe  1-13,text,true,,416,129,100,100,http://localhost:7000/randomRequest,515,0,1
1676157990117,1741,HTTP Request,200,,Thread-Gruppe  1-45,text,true,,541,129,100,100,http://localhost:7000/randomRequest,1741,0,1
1676157991168,699,HTTP Request,200,,Thread-Gruppe  1-96,text,true,,633,129,100,100,http://localhost:7000/randomRequest,699,0,0
1676157991057,823,HTTP Request,200,,Thread-Gruppe  1-15,text,true,,492,129,100,100,http://localhost:7000/randomRequest,823,0,1
1676157991269,613,HTTP Request,200,,Thread-Gruppe  1-54,text,true,,555,129,100,100,http://localhost:7000/randomRequest,613,0,1
1676157991067,825,HTTP Request,200,,Thread-Gruppe  1-25,text,true,,543,129,100,100,http://localhost:7000/randomRequest,825,0,1
1676157990677,1227,HTTP Request,200,,Thread-Gruppe  1-97,text,true,,492,129,100,100,http://localhost:7000/randomRequest,1227,0,0
1676157991202,723,HTTP Request,200,,Thread-Gruppe  1-10,text,true,,492,129,100,100,http://localhost:7000/randomRequest,723,0,0
1676157991202,723,HTTP Request,200,,Thread-Gruppe  1-14,text,true,,479,129,100,100,http://localhost:7000/randomRequest,723,0,0
1676157991109,825,HTTP Request,200,,Thread-Gruppe  1-31,text,true,,419,129,100,100,http://localhost:7000/randomRequest,825,0,0
1676157990723,1211,HTTP Request,200,,Thread-Gruppe  1-71,text,true,,539,129,100,100,http://localhost:7000/randomRequest,1211,0,1
1676157990412,1530,HTTP Request,200,,Thread-Gruppe  1-100,text,true,,536,129,100,100,http://localhost:7000/randomRequest,1530,0,0
1676157990832,1110,HTTP Request,200,,Thread-Gruppe  1-27,text,true,,633,129,100,100,http://localhost:7000/randomRequest,1110,0,0
1676157991433,520,HTTP Request,200,,Thread-Gruppe  1-33,text,true,,419,129,100,100,http://localhost:7000/randomRequest,520,0,0
1676157991242,721,HTTP Request,200,,Thread-Gruppe  1-30,text,true,,547,129,100,100,http://localhost:7000/randomRequest,721,0,0
1676157991359,611,HTTP Request,200,,Thread-Gruppe  1-1,text,true,,555,129,100,100,http://localhost:7000/randomRequest,611,0,1
1676157991258,723,HTTP Request,200,,Thread-Gruppe  1-28,text,true,,482,129,100,100,http://localhost:7000/randomRequest,723,0,0
1676157991192,828,HTTP Request,200,,Thread-Gruppe  1-58,text,true,,492,129,100,100,http://localhost:7000/randomRequest,828,0,0
1676157990801,1219,HTTP Request,200,,Thread-Gruppe  1-50,text,true,,527,129,100,100,http://localhost:7000/randomRequest,1219,0,0
1676157991317,722,HTTP Request,200,,Thread-Gruppe  1-12,text,true,,486,129,100,100,http://localhost:7000/randomRequest,722,0,1
1676157991422,625,HTTP Request,200,,Thread-Gruppe  1-16,text,true,,402,129,100,100,http://localhost:7000/randomRequest,625,0,1
1676157991617,430,HTTP Request,200,,Thread-Gruppe  1-3,text,true,,417,129,100,100,http://localhost:7000/randomRequest,430,0,1
1676157991430,624,HTTP Request,200,,Thread-Gruppe  1-9,text,true,,551,129,100,100,http://localhost:7000/randomRequest,624,0,0
1676157991232,830,HTTP Request,200,,Thread-Gruppe  1-24,text,true,,552,129,100,100,http://localhost:7000/randomRequest,830,0,0
1676157991546,516,HTTP Request,200,,Thread-Gruppe  1-53,text,true,,403,129,100,100,http://localhost:7000/randomRequest,516,0,1
1676157991345,722,HTTP Request,200,,Thread-Gruppe  1-67,text,true,,416,129,100,100,http://localhost:7000/randomRequest,722,0,0
1676157990649,1421,HTTP Request,200,,Thread-Gruppe  1-32,text,true,,537,129,100,100,http://localhost:7000/randomRequest,1421,0,0
1676157991680,404,HTTP Request,200,,Thread-Gruppe  1-56,text,true,,419,129,100,100,http://localhost:7000/randomRequest,404,0,0
1676157991449,635,HTTP Request,200,,Thread-Gruppe  1-41,text,true,,556,129,100,100,http://localhost:7000/randomRequest,635,0,0
1676157991382,702,HTTP Request,200,,Thread-Gruppe  1-65,text,true,,643,129,100,100,http://localhost:7000/randomRequest,702,0,0
1676157991370,717,HTTP Request,200,,Thread-Gruppe  1-52,text,true,,554,129,100,100,http://localhost:7000/randomRequest,717,0,0
1676157991721,411,HTTP Request,200,,Thread-Gruppe  1-62,text,true,,419,129,100,100,http://localhost:7000/randomRequest,411,0,0
1676157991492,640,HTTP Request,200,,Thread-Gruppe  1-11,text,true,,417,129,100,100,http://localhost:7000/randomRequest,640,0,0
1676157991525,616,HTTP Request,200,,Thread-Gruppe  1-89,text,true,,554,129,100,100,http://localhost:7000/randomRequest,616,0,0
1676157991242,927,HTTP Request,200,,Thread-Gruppe  1-39,text,true,,490,129,100,100,http://localhost:7000/randomRequest,927,0,0
1676157991475,717,HTTP Request,200,,Thread-Gruppe  1-35,text,true,,418,129,100,100,http://localhost:7000/randomRequest,717,0,0
1676157991682,515,HTTP Request,200,,Thread-Gruppe  1-75,text,true,,403,129,100,100,http://localhost:7000/randomRequest,515,0,0
1676157991692,541,HTTP Request,200,,Thread-Gruppe  1-57,text,true,,665,129,100,100,http://localhost:7000/randomRequest,541,0,0
1676157991623,619,HTTP Request,200,,Thread-Gruppe  1-76,text,true,,488,129,100,100,http://localhost:7000/randomRequest,619,0,0
1676157991517,725,HTTP Request,200,,Thread-Gruppe  1-72,text,true,,486,129,100,100,http://localhost:7000/randomRequest,725,0,1
1676157991517,725,HTTP Request,200,,Thread-Gruppe  1-91,text,true,,547,129,100,100,http://localhost:7000/randomRequest,725,0,1
1676157991517,725,HTTP Request,200,,Thread-Gruppe  1-18,text,true,,419,129,100,100,http://localhost:7000/randomRequest,725,0,1
1676157991430,826,HTTP Request,200,,Thread-Gruppe  1-92,text,true,,402,129,100,100,http://localhost:7000/randomRequest,826,0,0
1676157991422,834,HTTP Request,200,,Thread-Gruppe  1-51,text,true,,419,129,100,100,http://localhost:7000/randomRequest,834,0,1
1676157991433,825,HTTP Request,200,,Thread-Gruppe  1-99,text,true,,553,129,100,100,http://localhost:7000/randomRequest,825,0,0
1676157991332,926,HTTP Request,200,,Thread-Gruppe  1-77,text,true,,490,129,100,100,http://localhost:7000/randomRequest,926,0,0
1676157991449,820,HTTP Request,200,,Thread-Gruppe  1-69,text,true,,562,129,100,100,http://localhost:7000/randomRequest,820,0,0
1676157991567,716,HTTP Request,200,,Thread-Gruppe  1-2,text,true,,542,129,100,100,http://localhost:7000/randomRequest,716,0,1
1676157990983,1309,HTTP Request,200,,Thread-Gruppe  1-70,text,true,,537,129,100,100,http://localhost:7000/randomRequest,1309,0,0
1676157991679,613,HTTP Request,200,,Thread-Gruppe  1-82,text,true,,569,129,100,100,http://localhost:7000/randomRequest,613,0,1
1676157991501,828,HTTP Request,200,,Thread-Gruppe  1-36,text,true,,543,129,100,100,http://localhost:7000/randomRequest,828,0,0
1676157991832,515,HTTP Request,200,,Thread-Gruppe  1-13,text,true,,419,129,100,100,http://localhost:7000/randomRequest,515,0,0
1676157991754,616,HTTP Request,200,,Thread-Gruppe  1-87,text,true,,419,129,100,100,http://localhost:7000/randomRequest,616,0,0
1676157991700,720,HTTP Request,200,,Thread-Gruppe  1-8,text,true,,419,129,100,100,http://localhost:7000/randomRequest,720,0,0
1676157991708,724,HTTP Request,200,,Thread-Gruppe  1-17,text,true,,419,129,100,100,http://localhost:7000/randomRequest,724,0,1
1676157990808,1624,HTTP Request,200,,Thread-Gruppe  1-95,text,true,,539,129,100,100,http://localhost:7000/randomRequest,1624,0,0
1676157991721,717,HTTP Request,200,,Thread-Gruppe  1-42,text,true,,403,129,100,100,http://localhost:7000/randomRequest,717,0,0
1676157991319,1119,HTTP Request,200,,Thread-Gruppe  1-48,text,true,,633,129,100,100,http://localhost:7000/randomRequest,1119,0,0
1676157991935,516,HTTP Request,200,,Thread-Gruppe  1-31,text,true,,492,129,100,100,http://localhost:7000/randomRequest,516,0,0
1676157991825,636,HTTP Request,200,,Thread-Gruppe  1-59,text,true,,414,129,100,100,http://localhost:7000/randomRequest,636,0,0
1676157991422,1049,HTTP Request,200,,Thread-Gruppe  1-60,text,true,,566,129,100,100,http://localhost:7000/randomRequest,1049,0,1
1676157991654,817,HTTP Request,200,,Thread-Gruppe  1-83,text,true,,401,129,100,100,http://localhost:7000/randomRequest,817,0,0
1676157991668,815,HTTP Request,200,,Thread-Gruppe  1-43,text,true,,403,129,100,100,http://localhost:7000/randomRequest,815,0,0
1676157992070,413,HTTP Request,200,,Thread-Gruppe  1-32,text,true,,552,129,100,100,http://localhost:7000/randomRequest,413,0,0
1676157991517,991,HTTP Request,200,,Thread-Gruppe  1-63,text,true,,541,129,100,100,http://localhost:7000/randomRequest,991,0,1
1676157991008,1524,HTTP Request,200,,Thread-Gruppe  1-47,text,true,,537,129,100,100,http://localhost:7000/randomRequest,1524,0,1
1676157991935,616,HTTP Request,200,,Thread-Gruppe  1-71,text,true,,560,129,100,100,http://localhost:7000/randomRequest,616,0,0
1676157991858,714,HTTP Request,200,,Thread-Gruppe  1-45,text,true,,485,129,100,100,http://localhost:7000/randomRequest,714,0,1
1676157992062,510,HTTP Request,200,,Thread-Gruppe  1-24,text,true,,563,129,100,100,http://localhost:7000/randomRequest,510,0,1
1676157990852,1731,HTTP Request,200,,Thread-Gruppe  1-74,text,true,,536,129,100,100,http://localhost:7000/randomRequest,1731,0,0
1676157992084,517,HTTP Request,200,,Thread-Gruppe  1-56,text,true,,492,129,100,100,http://localhost:7000/randomRequest,517,0,1
1676157992087,516,HTTP Request,200,,Thread-Gruppe  1-52,text,true,,483,129,100,100,http://localhost:7000/randomRequest,516,0,0
1676157991892,722,HTTP Request,200,,Thread-Gruppe  1-25,text,true,,555,129,100,100,http://localhost:7000/randomRequest,722,0,0
1676157991382,1232,HTTP Request,200,,Thread-Gruppe  1-21,text,true,,489,129,100,100,http://localhost:7000/randomRequest,1232,0,0
1676157991792,825,HTTP Request,200,,Thread-Gruppe  1-23,text,true,,492,129,100,100,http://localhost:7000/randomRequest,825,0,0
1676157991904,722,HTTP Request,200,,Thread-Gruppe  1-97,text,true,,419,129,100,100,http://localhost:7000/randomRequest,722,0,0
1676157991397,1235,HTTP Request,200,,Thread-Gruppe  1-20,text,true,,403,129,100,100,http://localhost:7000/randomRequest,1235,0,0
1676157991721,926,HTTP Request,200,,Thread-Gruppe  1-98,text,true,,492,129,100,100,http://localhost:7000/randomRequest,926,0,0
1676157991832,824,HTTP Request,200,,Thread-Gruppe  1-37,text,true,,403,129,100,100,http://localhost:7000/randomRequest,824,0,0
1676157992141,515,HTTP Request,200,,Thread-Gruppe  1-89,text,true,,419,129,100,100,http://localhost:7000/randomRequest,515,0,0
1676157991825,831,HTTP Request,200,,Thread-Gruppe  1-94,text,true,,419,129,100,100,http://localhost:7000/randomRequest,831,0,0
1676157992047,618,HTTP Request,200,,Thread-Gruppe  1-3,text,true,,419,129,100,100,http://localhost:7000/randomRequest,618,0,0
1676157992054,611,HTTP Request,200,,Thread-Gruppe  1-9,text,true,,486,129,100,100,http://localhost:7000/randomRequest,611,0,0
1676157991754,921,HTTP Request,200,,Thread-Gruppe  1-79,text,true,,555,129,100,100,http://localhost:7000/randomRequest,921,0,0
1676157992067,608,HTTP Request,200,,Thread-Gruppe  1-67,text,true,,488,129,100,100,http://localhost:7000/randomRequest,608,0,1
1676157992169,514,HTTP Request,200,,Thread-Gruppe  1-39,text,true,,419,129,100,100,http://localhost:7000/randomRequest,514,0,1
1676157991970,713,HTTP Request,200,,Thread-Gruppe  1-1,text,true,,492,129,100,100,http://localhost:7000/randomRequest,713,0,0
1676157992084,620,HTTP Request,200,,Thread-Gruppe  1-41,text,true,,482,129,100,100,http://localhost:7000/randomRequest,620,0,1
1676157991367,1337,HTTP Request,200,,Thread-Gruppe  1-5,text,true,,488,129,100,100,http://localhost:7000/randomRequest,1337,0,1
1676157991730,991,HTTP Request,200,,Thread-Gruppe  1-64,text,true,,633,129,100,100,http://localhost:7000/randomRequest,991,0,0
1676157991492,1234,HTTP Request,200,,Thread-Gruppe  1-26,text,true,,403,129,100,100,http://localhost:7000/randomRequest,1234,0,0
1676157991792,941,HTTP Request,200,,Thread-Gruppe  1-6,text,true,,417,129,100,100,http://localhost:7000/randomRequest,941,0,0
1676157991825,933,HTTP Request,200,,Thread-Gruppe  1-88,text,true,,418,129,100,100,http://localhost:7000/randomRequest,933,0,0
1676157990921,1837,HTTP Request,200,,Thread-Gruppe  1-93,text,true,,526,129,100,100,http://localhost:7000/randomRequest,1837,0,0
1676157992242,516,HTTP Request,200,,Thread-Gruppe  1-18,text,true,,492,129,100,100,http://localhost:7000/randomRequest,516,0,0
1676157992347,411,HTTP Request,200,,Thread-Gruppe  1-13,text,true,,416,129,100,100,http://localhost:7000/randomRequest,411,0,0
1676157991738,1031,HTTP Request,200,,Thread-Gruppe  1-44,text,true,,485,129,100,100,http://localhost:7000/randomRequest,1031,0,1
1676157991942,827,HTTP Request,200,,Thread-Gruppe  1-100,text,true,,403,129,100,100,http://localhost:7000/randomRequest,827,0,1
1676157991942,827,HTTP Request,200,,Thread-Gruppe  1-27,text,true,,492,129,100,100,http://localhost:7000/randomRequest,827,0,1
1676157992256,532,HTTP Request,200,,Thread-Gruppe  1-51,text,true,,679,129,100,100,http://localhost:7000/randomRequest,532,0,0
1676157991867,921,HTTP Request,200,,Thread-Gruppe  1-96,text,true,,548,129,100,100,http://localhost:7000/randomRequest,921,0,1
1676157992270,518,HTTP Request,200,,Thread-Gruppe  1-69,text,true,,488,129,100,100,http://localhost:7000/randomRequest,518,0,0
1676157992283,518,HTTP Request,200,,Thread-Gruppe  1-2,text,true,,553,129,100,100,http://localhost:7000/randomRequest,518,0,0
1676157991981,828,HTTP Request,200,,Thread-Gruppe  1-28,text,true,,556,129,100,100,http://localhost:7000/randomRequest,828,0,0
1676157991780,1029,HTTP Request,200,,Thread-Gruppe  1-61,text,true,,481,129,100,100,http://localhost:7000/randomRequest,1029,0,0
1676157991880,929,HTTP Request,200,,Thread-Gruppe  1-15,text,true,,489,129,100,100,http://localhost:7000/randomRequest,929,0,0
1676157992197,618,HTTP Request,200,,Thread-Gruppe  1-75,text,true,,485,129,100,100,http://localhost:7000/randomRequest,618,0,0
1676157992020,818,HTTP Request,200,,Thread-Gruppe  1-58,text,true,,557,129,100,100,http://localhost:7000/randomRequest,818,0,0
1676157992233,619,HTTP Request,200,,Thread-Gruppe  1-57,text,true,,559,129,100,100,http://localhost:7000/randomRequest,619,0,0
1676157992438,414,HTTP Request,200,,Thread-Gruppe  1-48,text,true,,418,129,100,100,http://localhost:7000/randomRequest,414,0,1
1676157991925,927,HTTP Request,200,,Thread-Gruppe  1-14,text,true,,558,129,100,100,http://localhost:7000/randomRequest,927,0,0
1676157991692,1160,HTTP Request,200,,Thread-Gruppe  1-22,text,true,,577,129,100,100,http://localhost:7000/randomRequest,1160,0,0
1676157992242,617,HTTP Request,200,,Thread-Gruppe  1-76,text,true,,419,129,100,100,http://localhost:7000/randomRequest,617,0,0
1676157992242,617,HTTP Request,200,,Thread-Gruppe  1-72,text,true,,564,129,100,100,http://localhost:7000/randomRequest,617,0,0
1676157991832,1027,HTTP Request,200,,Thread-Gruppe  1-40,text,true,,485,129,100,100,http://localhost:7000/randomRequest,1027,0,0
1676157992258,615,HTTP Request,200,,Thread-Gruppe  1-77,text,true,,552,129,100,100,http://localhost:7000/randomRequest,615,0,0
1676157991953,920,HTTP Request,200,,Thread-Gruppe  1-33,text,true,,492,129,100,100,http://localhost:7000/randomRequest,920,0,0
1676157992256,617,HTTP Request,200,,Thread-Gruppe  1-92,text,true,,551,129,100,100,http://localhost:7000/randomRequest,617,0,0
1676157991780,1099,HTTP Request,200,,Thread-Gruppe  1-55,text,true,,526,129,100,100,http://localhost:7000/randomRequest,1099,0,0
1676157991882,1027,HTTP Request,200,,Thread-Gruppe  1-54,text,true,,418,129,100,100,http://localhost:7000/randomRequest,1027,0,1
1676157991433,1498,HTTP Request,200,,Thread-Gruppe  1-7,text,true,,541,129,100,100,http://localhost:7000/randomRequest,1498,0,0
1676157992132,822,HTTP Request,200,,Thread-Gruppe  1-11,text,true,,560,129,100,100,http://localhost:7000/randomRequest,822,0,0
1676157992242,717,HTTP Request,200,,Thread-Gruppe  1-91,text,true,,419,129,100,100,http://localhost:7000/randomRequest,717,0,0
1676157992471,517,HTTP Request,200,,Thread-Gruppe  1-60,text,true,,419,129,100,100,http://localhost:7000/randomRequest,517,0,1
1676157992483,510,HTTP Request,200,,Thread-Gruppe  1-32,text,true,,492,129,100,100,http://localhost:7000/randomRequest,510,0,0
1676157992192,818,HTTP Request,200,,Thread-Gruppe  1-35,text,true,,488,129,100,100,http://localhost:7000/randomRequest,818,0,0
1676157992084,926,HTTP Request,200,,Thread-Gruppe  1-65,text,true,,488,129,100,100,http://localhost:7000/randomRequest,926,0,1
1676157992293,739,HTTP Request,200,,Thread-Gruppe  1-70,text,true,,417,129,100,100,http://localhost:7000/randomRequest,739,0,0
1676157991925,1107,HTTP Request,200,,Thread-Gruppe  1-10,text,true,,643,129,100,100,http://localhost:7000/randomRequest,1107,0,0
1676157992329,717,HTTP Request,200,,Thread-Gruppe  1-36,text,true,,492,129,100,100,http://localhost:7000/randomRequest,717,0,0
1676157992432,620,HTTP Request,200,,Thread-Gruppe  1-17,text,true,,402,129,100,100,http://localhost:7000/randomRequest,620,0,0
1676157992552,507,HTTP Request,200,,Thread-Gruppe  1-71,text,true,,485,129,100,100,http://localhost:7000/randomRequest,507,0,0
1676157992438,635,HTTP Request,200,,Thread-Gruppe  1-42,text,true,,417,129,100,100,http://localhost:7000/randomRequest,635,0,1
1676157992062,1022,HTTP Request,200,,Thread-Gruppe  1-53,text,true,,490,129,100,100,http://localhost:7000/randomRequest,1022,0,1
1676157992039,1090,HTTP Request,200,,Thread-Gruppe  1-12,text,true,,527,129,100,100,http://localhost:7000/randomRequest,1090,0,0
1676157992508,621,HTTP Request,200,,Thread-Gruppe  1-63,text,true,,418,129,100,100,http://localhost:7000/randomRequest,621,0,1
1676157992258,916,HTTP Request,200,,Thread-Gruppe  1-99,text,true,,557,129,100,100,http://localhost:7000/randomRequest,916,0,0
1676157992572,623,HTTP Request,200,,Thread-Gruppe  1-24,text,true,,486,129,100,100,http://localhost:7000/randomRequest,623,0,0
1676157992421,815,HTTP Request,200,,Thread-Gruppe  1-8,text,true,,481,129,100,100,http://localhost:7000/randomRequest,815,0,0
1676157992626,622,HTTP Request,200,,Thread-Gruppe  1-97,text,true,,418,129,100,100,http://localhost:7000/randomRequest,622,0,0
1676157992532,723,HTTP Request,200,,Thread-Gruppe  1-47,text,true,,488,129,100,100,http://localhost:7000/randomRequest,723,0,0
1676157992132,1129,HTTP Request,200,,Thread-Gruppe  1-62,text,true,,492,129,100,100,http://localhost:7000/randomRequest,1129,0,0
1676157992648,613,HTTP Request,200,,Thread-Gruppe  1-98,text,true,,481,129,100,100,http://localhost:7000/randomRequest,613,0,0
1676157992451,814,HTTP Request,200,,Thread-Gruppe  1-31,text,true,,419,129,100,100,http://localhost:7000/randomRequest,814,0,1
1676157992656,609,HTTP Request,200,,Thread-Gruppe  1-89,text,true,,492,129,100,100,http://localhost:7000/randomRequest,609,0,0
1676157992656,609,HTTP Request,200,,Thread-Gruppe  1-94,text,true,,489,129,100,100,http://localhost:7000/randomRequest,609,0,0
1676157992665,614,HTTP Request,200,,Thread-Gruppe  1-3,text,true,,419,129,100,100,http://localhost:7000/randomRequest,614,0,1
1676157992462,817,HTTP Request,200,,Thread-Gruppe  1-59,text,true,,492,129,100,100,http://localhost:7000/randomRequest,817,0,0
1676157992471,829,HTTP Request,200,,Thread-Gruppe  1-83,text,true,,403,129,100,100,http://localhost:7000/randomRequest,829,0,1
1676157992683,618,HTTP Request,200,,Thread-Gruppe  1-1,text,true,,481,129,100,100,http://localhost:7000/randomRequest,618,0,0
1676157992483,818,HTTP Request,200,,Thread-Gruppe  1-43,text,true,,492,129,100,100,http://localhost:7000/randomRequest,818,0,0
1676157992721,616,HTTP Request,200,,Thread-Gruppe  1-64,text,true,,485,129,100,100,http://localhost:7000/randomRequest,616,0,0
1676157992633,722,HTTP Request,200,,Thread-Gruppe  1-20,text,true,,546,129,100,100,http://localhost:7000/randomRequest,722,0,0
1676157992838,522,HTTP Request,200,,Thread-Gruppe  1-58,text,true,,556,129,100,100,http://localhost:7000/randomRequest,522,0,1
1676157992656,711,HTTP Request,200,,Thread-Gruppe  1-37,text,true,,485,129,100,100,http://localhost:7000/randomRequest,711,0,0
1676157992047,1332,HTTP Request,200,,Thread-Gruppe  1-16,text,true,,537,129,100,100,http://localhost:7000/randomRequest,1332,0,0
1676157992676,725,HTTP Request,200,,Thread-Gruppe  1-67,text,true,,418,129,100,100,http://localhost:7000/randomRequest,725,0,0
1676157992683,722,HTTP Request,200,,Thread-Gruppe  1-39,text,true,,572,129,100,100,http://localhost:7000/randomRequest,722,0,0
1676157992293,1115,HTTP Request,200,,Thread-Gruppe  1-82,text,true,,527,129,100,100,http://localhost:7000/randomRequest,1115,0,0
1676157992726,693,HTTP Request,200,,Thread-Gruppe  1-26,text,true,,643,129,100,100,http://localhost:7000/randomRequest,693,0,0
1676157992020,1401,HTTP Request,200,,Thread-Gruppe  1-50,text,true,,537,129,100,100,http://localhost:7000/randomRequest,1401,0,0
1676157992704,717,HTTP Request,200,,Thread-Gruppe  1-5,text,true,,419,129,100,100,http://localhost:7000/randomRequest,717,0,1
1676157992432,989,HTTP Request,200,,Thread-Gruppe  1-95,text,true,,647,129,100,100,http://localhost:7000/randomRequest,989,0,0
1676157992704,729,HTTP Request,200,,Thread-Gruppe  1-41,text,true,,417,129,100,100,http://localhost:7000/randomRequest,729,0,1
1676157992618,815,HTTP Request,200,,Thread-Gruppe  1-23,text,true,,490,129,100,100,http://localhost:7000/randomRequest,815,0,0
1676157992614,819,HTTP Request,200,,Thread-Gruppe  1-25,text,true,,486,129,100,100,http://localhost:7000/randomRequest,819,0,0
1676157992614,819,HTTP Request,200,,Thread-Gruppe  1-21,text,true,,492,129,100,100,http://localhost:7000/randomRequest,819,0,0
1676157992873,619,HTTP Request,200,,Thread-Gruppe  1-92,text,true,,419,129,100,100,http://localhost:7000/randomRequest,619,0,0
1676157992769,723,HTTP Request,200,,Thread-Gruppe  1-44,text,true,,554,129,100,100,http://localhost:7000/randomRequest,723,0,1
1676157992788,720,HTTP Request,200,,Thread-Gruppe  1-51,text,true,,419,129,100,100,http://localhost:7000/randomRequest,720,0,0
1676157992809,716,HTTP Request,200,,Thread-Gruppe  1-15,text,true,,559,129,100,100,http://localhost:7000/randomRequest,716,0,0
1676157992815,719,HTTP Request,200,,Thread-Gruppe  1-75,text,true,,565,129,100,100,http://localhost:7000/randomRequest,719,0,0
1676157992931,614,HTTP Request,200,,Thread-Gruppe  1-7,text,true,,481,129,100,100,http://localhost:7000/randomRequest,614,0,0
1676157993046,514,HTTP Request,200,,Thread-Gruppe  1-36,text,true,,419,129,100,100,http://localhost:7000/randomRequest,514,0,1
1676157992852,714,HTTP Request,200,,Thread-Gruppe  1-14,text,true,,555,129,100,100,http://localhost:7000/randomRequest,714,0,0
1676157992758,819,HTTP Request,200,,Thread-Gruppe  1-88,text,true,,416,129,100,100,http://localhost:7000/randomRequest,819,0,1
1676157992758,819,HTTP Request,200,,Thread-Gruppe  1-18,text,true,,550,129,100,100,http://localhost:7000/randomRequest,819,0,1
1676157992859,718,HTTP Request,200,,Thread-Gruppe  1-76,text,true,,403,129,100,100,http://localhost:7000/randomRequest,718,0,0
1676157992954,631,HTTP Request,200,,Thread-Gruppe  1-11,text,true,,415,129,100,100,http://localhost:7000/randomRequest,631,0,0
1676157992665,920,HTTP Request,200,,Thread-Gruppe  1-9,text,true,,402,129,100,100,http://localhost:7000/randomRequest,920,0,1
1676157993265,328,HTTP Request,200,,Thread-Gruppe  1-89,text,true,,415,129,100,100,http://localhost:7000/randomRequest,328,0,1
1676157992769,832,HTTP Request,200,,Thread-Gruppe  1-27,text,true,,492,129,100,100,http://localhost:7000/randomRequest,832,0,1
1676157992859,742,HTTP Request,200,,Thread-Gruppe  1-72,text,true,,669,129,100,100,http://localhost:7000/randomRequest,742,0,0
1676157992788,820,HTTP Request,200,,Thread-Gruppe  1-96,text,true,,419,129,100,100,http://localhost:7000/randomRequest,820,0,0
1676157992801,819,HTTP Request,200,,Thread-Gruppe  1-2,text,true,,403,129,100,100,http://localhost:7000/randomRequest,819,0,0
1676157992603,1025,HTTP Request,200,,Thread-Gruppe  1-52,text,true,,645,129,100,100,http://localhost:7000/randomRequest,1025,0,0
1676157992809,821,HTTP Request,200,,Thread-Gruppe  1-28,text,true,,416,129,100,100,http://localhost:7000/randomRequest,821,0,0
1676157993010,620,HTTP Request,200,,Thread-Gruppe  1-65,text,true,,419,129,100,100,http://localhost:7000/randomRequest,620,0,0
1676157993010,620,HTTP Request,200,,Thread-Gruppe  1-35,text,true,,419,129,100,100,http://localhost:7000/randomRequest,620,0,0
1676157992809,821,HTTP Request,200,,Thread-Gruppe  1-61,text,true,,403,129,100,100,http://localhost:7000/randomRequest,821,0,0
1676157992788,842,HTTP Request,200,,Thread-Gruppe  1-69,text,true,,552,129,100,100,http://localhost:7000/randomRequest,842,0,0
1676157993129,520,HTTP Request,200,,Thread-Gruppe  1-12,text,true,,419,129,100,100,http://localhost:7000/randomRequest,520,0,0
1676157993255,407,HTTP Request,200,,Thread-Gruppe  1-47,text,true,,551,129,100,100,http://localhost:7000/randomRequest,407,0,0
1676157992733,929,HTTP Request,200,,Thread-Gruppe  1-6,text,true,,488,129,100,100,http://localhost:7000/randomRequest,929,0,1
1676157992852,817,HTTP Request,200,,Thread-Gruppe  1-22,text,true,,485,129,100,100,http://localhost:7000/randomRequest,817,0,0
1676157991963,1706,HTTP Request,200,,Thread-Gruppe  1-30,text,true,,534,129,100,100,http://localhost:7000/randomRequest,1706,0,0
1676157992852,817,HTTP Request,200,,Thread-Gruppe  1-48,text,true,,481,129,100,100,http://localhost:7000/randomRequest,817,0,0
1676157992758,924,HTTP Request,200,,Thread-Gruppe  1-93,text,true,,492,129,100,100,http://localhost:7000/randomRequest,924,0,1
1676157992758,924,HTTP Request,200,,Thread-Gruppe  1-13,text,true,,492,129,100,100,http://localhost:7000/randomRequest,924,0,1
1676157992859,823,HTTP Request,200,,Thread-Gruppe  1-40,text,true,,415,129,100,100,http://localhost:7000/randomRequest,823,0,0
1676157993174,514,HTTP Request,200,,Thread-Gruppe  1-99,text,true,,418,129,100,100,http://localhost:7000/randomRequest,514,0,0
1676157992873,825,HTTP Request,200,,Thread-Gruppe  1-77,text,true,,419,129,100,100,http://localhost:7000/randomRequest,825,0,0
1676157993084,621,HTTP Request,200,,Thread-Gruppe  1-53,text,true,,559,129,100,100,http://localhost:7000/randomRequest,621,0,0
1676157992852,853,HTTP Request,200,,Thread-Gruppe  1-57,text,true,,667,129,100,100,http://localhost:7000/randomRequest,853,0,0
1676157992676,1033,HTTP Request,200,,Thread-Gruppe  1-79,text,true,,488,129,100,100,http://localhost:7000/randomRequest,1033,0,0
1676157993301,410,HTTP Request,200,,Thread-Gruppe  1-1,text,true,,555,129,100,100,http://localhost:7000/randomRequest,410,0,0
1676157993032,719,HTTP Request,200,,Thread-Gruppe  1-10,text,true,,490,129,100,100,http://localhost:7000/randomRequest,719,0,0
1676157993236,515,HTTP Request,200,,Thread-Gruppe  1-8,text,true,,419,129,100,100,http://localhost:7000/randomRequest,515,0,0
1676157993129,622,HTTP Request,200,,Thread-Gruppe  1-63,text,true,,554,129,100,100,http://localhost:7000/randomRequest,622,0,0
1676157993060,715,HTTP Request,200,,Thread-Gruppe  1-71,text,true,,492,129,100,100,http://localhost:7000/randomRequest,715,0,0
1676157993279,513,HTTP Request,200,,Thread-Gruppe  1-59,text,true,,566,129,100,100,http://localhost:7000/randomRequest,513,0,0
1676157993073,719,HTTP Request,200,,Thread-Gruppe  1-42,text,true,,418,129,100,100,http://localhost:7000/randomRequest,719,0,0
1676157992879,929,HTTP Request,200,,Thread-Gruppe  1-55,text,true,,492,129,100,100,http://localhost:7000/randomRequest,929,0,1
1676157993301,514,HTTP Request,200,,Thread-Gruppe  1-43,text,true,,419,129,100,100,http://localhost:7000/randomRequest,514,0,0
1676157993405,410,HTTP Request,200,,Thread-Gruppe  1-39,text,true,,417,129,100,100,http://localhost:7000/randomRequest,410,0,0
1676157993265,611,HTTP Request,200,,Thread-Gruppe  1-31,text,true,,552,129,100,100,http://localhost:7000/randomRequest,611,0,1
1676157993265,611,HTTP Request,200,,Thread-Gruppe  1-94,text,true,,485,129,100,100,http://localhost:7000/randomRequest,611,0,1
1676157992959,917,HTTP Request,200,,Thread-Gruppe  1-91,text,true,,565,129,100,100,http://localhost:7000/randomRequest,917,0,0
1676157992988,927,HTTP Request,200,,Thread-Gruppe  1-60,text,true,,492,129,100,100,http://localhost:7000/randomRequest,927,0,1
1676157992993,926,HTTP Request,200,,Thread-Gruppe  1-32,text,true,,492,129,100,100,http://localhost:7000/randomRequest,926,0,0
1676157993421,519,HTTP Request,200,,Thread-Gruppe  1-95,text,true,,418,129,100,100,http://localhost:7000/randomRequest,519,0,1
1676157993433,522,HTTP Request,200,,Thread-Gruppe  1-25,text,true,,482,129,100,100,http://localhost:7000/randomRequest,522,0,0
1676157993433,522,HTTP Request,200,,Thread-Gruppe  1-41,text,true,,548,129,100,100,http://localhost:7000/randomRequest,522,0,0
1676157993367,610,HTTP Request,200,,Thread-Gruppe  1-37,text,true,,551,129,100,100,http://localhost:7000/randomRequest,610,0,1
1676157992370,1608,HTTP Request,200,,Thread-Gruppe  1-87,text,true,,537,129,100,100,http://localhost:7000/randomRequest,1607,0,0
1676157993261,716,HTTP Request,200,,Thread-Gruppe  1-98,text,true,,416,129,100,100,http://localhost:7000/randomRequest,716,0,1
1676157992583,1394,HTTP Request,200,,Thread-Gruppe  1-74,text,true,,541,129,100,100,http://localhost:7000/randomRequest,1394,0,1
1676157992769,1208,HTTP Request,200,,Thread-Gruppe  1-100,text,true,,541,129,100,100,http://localhost:7000/randomRequest,1208,0,1
1676157993493,513,HTTP Request,200,,Thread-Gruppe  1-92,text,true,,419,129,100,100,http://localhost:7000/randomRequest,513,0,0
1676157992909,1100,HTTP Request,200,,Thread-Gruppe  1-54,text,true,,643,129,100,100,http://localhost:7000/randomRequest,1100,0,1
1676157993195,824,HTTP Request,200,,Thread-Gruppe  1-24,text,true,,492,129,100,100,http://localhost:7000/randomRequest,824,0,1
1676157993032,1028,HTTP Request,200,,Thread-Gruppe  1-70,text,true,,486,129,100,100,http://localhost:7000/randomRequest,1028,0,0
1676157993337,723,HTTP Request,200,,Thread-Gruppe  1-64,text,true,,486,129,100,100,http://localhost:7000/randomRequest,723,0,0
1676157992873,1208,HTTP Request,200,,Thread-Gruppe  1-33,text,true,,643,129,100,100,http://localhost:7000/randomRequest,1208,0,0
1676157993379,720,HTTP Request,200,,Thread-Gruppe  1-16,text,true,,492,129,100,100,http://localhost:7000/randomRequest,720,0,0
1676157993525,579,HTTP Request,200,,Thread-Gruppe  1-15,text,true,,414,129,100,100,http://localhost:7000/randomRequest,579,0,1
1676157992601,1512,HTTP Request,200,,Thread-Gruppe  1-56,text,true,,537,129,100,100,http://localhost:7000/randomRequest,1512,0,0
1676157993408,722,HTTP Request,200,,Thread-Gruppe  1-82,text,true,,485,129,100,100,http://localhost:7000/randomRequest,722,0,0
1676157993433,725,HTTP Request,200,,Thread-Gruppe  1-21,text,true,,488,129,100,100,http://localhost:7000/randomRequest,725,0,0
1676157993261,899,HTTP Request,200,,Thread-Gruppe  1-62,text,true,,628,129,100,100,http://localhost:7000/randomRequest,899,0,1
1676157993751,409,HTTP Request,200,,Thread-Gruppe  1-63,text,true,,488,129,100,100,http://localhost:7000/randomRequest,409,0,0
1676157993630,540,HTTP Request,200,,Thread-Gruppe  1-35,text,true,,548,129,100,100,http://localhost:7000/randomRequest,540,0,0
1676157993662,512,HTTP Request,200,,Thread-Gruppe  1-6,text,true,,419,129,100,100,http://localhost:7000/randomRequest,512,0,1
1676157993248,926,HTTP Request,200,,Thread-Gruppe  1-97,text,true,,490,129,100,100,http://localhost:7000/randomRequest,926,0,0
1676157993360,821,HTTP Request,200,,Thread-Gruppe  1-58,text,true,,403,129,100,100,http://localhost:7000/randomRequest,821,0,1
1676157993279,922,HTTP Request,200,,Thread-Gruppe  1-3,text,true,,552,129,100,100,http://localhost:7000/randomRequest,922,0,0
1676157993401,823,HTTP Request,200,,Thread-Gruppe  1-67,text,true,,485,129,100,100,http://localhost:7000/randomRequest,823,0,0
1676157993053,1193,HTTP Request,200,,Thread-Gruppe  1-17,text,true,,527,129,100,100,http://localhost:7000/randomRequest,1193,0,0
1676157993630,616,HTTP Request,200,,Thread-Gruppe  1-69,text,true,,485,129,100,100,http://localhost:7000/randomRequest,616,0,0
1676157993355,891,HTTP Request,200,,Thread-Gruppe  1-20,text,true,,631,129,100,100,http://localhost:7000/randomRequest,891,0,0
1676157993630,616,HTTP Request,200,,Thread-Gruppe  1-61,text,true,,550,129,100,100,http://localhost:7000/randomRequest,616,0,0
1676157993628,618,HTTP Request,200,,Thread-Gruppe  1-52,text,true,,418,129,100,100,http://localhost:7000/randomRequest,618,0,0
1676157993534,724,HTTP Request,200,,Thread-Gruppe  1-75,text,true,,403,129,100,100,http://localhost:7000/randomRequest,724,0,1
1676157993433,832,HTTP Request,200,,Thread-Gruppe  1-23,text,true,,552,129,100,100,http://localhost:7000/randomRequest,832,0,0
1676157993545,725,HTTP Request,200,,Thread-Gruppe  1-7,text,true,,485,129,100,100,http://localhost:7000/randomRequest,725,0,1
1676157993669,613,HTTP Request,200,,Thread-Gruppe  1-22,text,true,,488,129,100,100,http://localhost:7000/randomRequest,613,0,1
1676157993669,614,HTTP Request,200,,Thread-Gruppe  1-48,text,true,,560,129,100,100,http://localhost:7000/randomRequest,614,0,1
1676157993577,717,HTTP Request,200,,Thread-Gruppe  1-88,text,true,,492,129,100,100,http://localhost:7000/randomRequest,717,0,0
1676157993300,1017,HTTP Request,200,,Thread-Gruppe  1-83,text,true,,491,129,100,100,http://localhost:7000/randomRequest,1017,0,0
1676157993421,896,HTTP Request,200,,Thread-Gruppe  1-50,text,true,,643,129,100,100,http://localhost:7000/randomRequest,896,0,1
1676157993601,718,HTTP Request,200,,Thread-Gruppe  1-27,text,true,,545,129,100,100,http://localhost:7000/randomRequest,718,0,0
1676157993808,517,HTTP Request,200,,Thread-Gruppe  1-55,text,true,,551,129,100,100,http://localhost:7000/randomRequest,517,0,1
1676157993751,617,HTTP Request,200,,Thread-Gruppe  1-10,text,true,,416,129,100,100,http://localhost:7000/randomRequest,617,0,0
1676157993560,823,HTTP Request,200,,Thread-Gruppe  1-36,text,true,,418,129,100,100,http://localhost:7000/randomRequest,823,0,0
1676157993566,822,HTTP Request,200,,Thread-Gruppe  1-14,text,true,,490,129,100,100,http://localhost:7000/randomRequest,822,0,0
1676157993682,719,HTTP Request,200,,Thread-Gruppe  1-40,text,true,,563,129,100,100,http://localhost:7000/randomRequest,719,0,0
1676157993585,824,HTTP Request,200,,Thread-Gruppe  1-9,text,true,,418,129,100,100,http://localhost:7000/randomRequest,824,0,1
1676157993792,618,HTTP Request,200,,Thread-Gruppe  1-42,text,true,,418,129,100,100,http://localhost:7000/randomRequest,618,0,0
1676157993815,617,HTTP Request,200,,Thread-Gruppe  1-43,text,true,,552,129,100,100,http://localhost:7000/randomRequest,617,0,0
1676157993421,1011,HTTP Request,200,,Thread-Gruppe  1-5,text,true,,647,129,100,100,http://localhost:7000/randomRequest,1011,0,1
1676157993919,514,HTTP Request,200,,Thread-Gruppe  1-32,text,true,,540,129,100,100,http://localhost:7000/randomRequest,514,0,1
1676157993620,824,HTTP Request,200,,Thread-Gruppe  1-2,text,true,,492,129,100,100,http://localhost:7000/randomRequest,824,0,0
1676157993662,821,HTTP Request,200,,Thread-Gruppe  1-47,text,true,,419,129,100,100,http://localhost:7000/randomRequest,821,0,1
1676157993978,510,HTTP Request,200,,Thread-Gruppe  1-87,text,true,,419,129,100,100,http://localhost:7000/randomRequest,510,0,0
1676157993876,613,HTTP Request,200,,Thread-Gruppe  1-94,text,true,,492,129,100,100,http://localhost:7000/randomRequest,613,0,1
1676157993876,613,HTTP Request,200,,Thread-Gruppe  1-91,text,true,,492,129,100,100,http://localhost:7000/randomRequest,613,0,1
1676157993577,918,HTTP Request,200,,Thread-Gruppe  1-18,text,true,,486,129,100,100,http://localhost:7000/randomRequest,918,0,0
1676157993682,822,HTTP Request,200,,Thread-Gruppe  1-93,text,true,,542,129,100,100,http://localhost:7000/randomRequest,822,0,0
1676157993698,813,HTTP Request,200,,Thread-Gruppe  1-77,text,true,,488,129,100,100,http://localhost:7000/randomRequest,813,0,0
1676157993585,926,HTTP Request,200,,Thread-Gruppe  1-11,text,true,,481,129,100,100,http://localhost:7000/randomRequest,926,0,1
1676157993601,924,HTTP Request,200,,Thread-Gruppe  1-72,text,true,,419,129,100,100,http://localhost:7000/randomRequest,924,0,0
1676157993711,821,HTTP Request,200,,Thread-Gruppe  1-1,text,true,,476,129,100,100,http://localhost:7000/randomRequest,821,0,0
1676157993815,717,HTTP Request,200,,Thread-Gruppe  1-39,text,true,,488,129,100,100,http://localhost:7000/randomRequest,717,0,0
1676157993709,843,HTTP Request,200,,Thread-Gruppe  1-79,text,true,,680,129,100,100,http://localhost:7000/randomRequest,843,0,0
1676157993776,816,HTTP Request,200,,Thread-Gruppe  1-71,text,true,,540,129,100,100,http://localhost:7000/randomRequest,816,0,0
1676157993688,923,HTTP Request,200,,Thread-Gruppe  1-99,text,true,,492,129,100,100,http://localhost:7000/randomRequest,923,0,1
1676157993593,1018,HTTP Request,200,,Thread-Gruppe  1-89,text,true,,553,129,100,100,http://localhost:7000/randomRequest,1018,0,1
1676157993669,942,HTTP Request,200,,Thread-Gruppe  1-30,text,true,,669,129,100,100,http://localhost:7000/randomRequest,942,0,1
1676157993609,1045,HTTP Request,200,,Thread-Gruppe  1-96,text,true,,417,129,100,100,http://localhost:7000/randomRequest,1045,0,0
1676157993420,1234,HTTP Request,200,,Thread-Gruppe  1-26,text,true,,492,129,100,100,http://localhost:7000/randomRequest,1234,0,0
1676157993630,1024,HTTP Request,200,,Thread-Gruppe  1-28,text,true,,547,129,100,100,http://localhost:7000/randomRequest,1024,0,0
1676157993493,1195,HTTP Request,200,,Thread-Gruppe  1-44,text,true,,633,129,100,100,http://localhost:7000/randomRequest,1195,0,0
1676157994174,514,HTTP Request,200,,Thread-Gruppe  1-6,text,true,,540,129,100,100,http://localhost:7000/randomRequest,514,0,1
1676157993978,710,HTTP Request,200,,Thread-Gruppe  1-98,text,true,,492,129,100,100,http://localhost:7000/randomRequest,710,0,0
1676157993876,817,HTTP Request,200,,Thread-Gruppe  1-31,text,true,,403,129,100,100,http://localhost:7000/randomRequest,817,0,1
1676157993792,924,HTTP Request,200,,Thread-Gruppe  1-59,text,true,,492,129,100,100,http://localhost:7000/randomRequest,924,0,0
1676157994006,723,HTTP Request,200,,Thread-Gruppe  1-92,text,true,,556,129,100,100,http://localhost:7000/randomRequest,723,0,0
1676157994113,620,HTTP Request,200,,Thread-Gruppe  1-56,text,true,,419,129,100,100,http://localhost:7000/randomRequest,620,0,1
1676157993915,819,HTTP Request,200,,Thread-Gruppe  1-60,text,true,,481,129,100,100,http://localhost:7000/randomRequest,819,0,0
1676157993649,1085,HTTP Request,200,,Thread-Gruppe  1-12,text,true,,539,129,100,100,http://localhost:7000/randomRequest,1085,0,0
1676157993630,1124,HTTP Request,200,,Thread-Gruppe  1-65,text,true,,492,129,100,100,http://localhost:7000/randomRequest,1124,0,0
1676157994158,611,HTTP Request,200,,Thread-Gruppe  1-21,text,true,,552,129,100,100,http://localhost:7000/randomRequest,611,0,1
1676157994060,715,HTTP Request,200,,Thread-Gruppe  1-64,text,true,,539,129,100,100,http://localhost:7000/randomRequest,715,0,0
1676157993955,820,HTTP Request,200,,Thread-Gruppe  1-25,text,true,,492,129,100,100,http://localhost:7000/randomRequest,820,0,1
1676157994170,612,HTTP Request,200,,Thread-Gruppe  1-35,text,true,,550,129,100,100,http://localhost:7000/randomRequest,612,0,0
1676157993978,815,HTTP Request,200,,Thread-Gruppe  1-74,text,true,,482,129,100,100,http://localhost:7000/randomRequest,815,0,0
1676157993978,815,HTTP Request,200,,Thread-Gruppe  1-37,text,true,,492,129,100,100,http://localhost:7000/randomRequest,815,0,0
1676157994099,720,HTTP Request,200,,Thread-Gruppe  1-16,text,true,,485,129,100,100,http://localhost:7000/randomRequest,720,0,0
1676157994224,614,HTTP Request,200,,Thread-Gruppe  1-67,text,true,,543,129,100,100,http://localhost:7000/randomRequest,614,0,0
1676157994009,829,HTTP Request,200,,Thread-Gruppe  1-54,text,true,,492,129,100,100,http://localhost:7000/randomRequest,829,0,1
1676157994019,819,HTTP Request,200,,Thread-Gruppe  1-24,text,true,,403,129,100,100,http://localhost:7000/randomRequest,819,0,1
1676157994246,613,HTTP Request,200,,Thread-Gruppe  1-17,text,true,,492,129,100,100,http://localhost:7000/randomRequest,613,0,0
1676157994246,613,HTTP Request,200,,Thread-Gruppe  1-52,text,true,,419,129,100,100,http://localhost:7000/randomRequest,613,0,0
1676157993751,1119,HTTP Request,200,,Thread-Gruppe  1-8,text,true,,492,129,100,100,http://localhost:7000/randomRequest,1119,0,0
1676157993577,1306,HTTP Request,200,,Thread-Gruppe  1-76,text,true,,643,129,100,100,http://localhost:7000/randomRequest,1306,0,0
1676157994368,520,HTTP Request,200,,Thread-Gruppe  1-10,text,true,,418,129,100,100,http://localhost:7000/randomRequest,520,0,0
1676157994294,614,HTTP Request,200,,Thread-Gruppe  1-88,text,true,,481,129,100,100,http://localhost:7000/randomRequest,614,0,1
1676157993705,1203,HTTP Request,200,,Thread-Gruppe  1-53,text,true,,647,129,100,100,http://localhost:7000/randomRequest,1203,0,0
1676157993682,1233,HTTP Request,200,,Thread-Gruppe  1-13,text,true,,490,129,100,100,http://localhost:7000/randomRequest,1233,0,0
1676157994201,720,HTTP Request,200,,Thread-Gruppe  1-3,text,true,,401,129,100,100,http://localhost:7000/randomRequest,720,0,0
1676157994246,723,HTTP Request,200,,Thread-Gruppe  1-20,text,true,,492,129,100,100,http://localhost:7000/randomRequest,723,0,0
1676157994258,712,HTTP Request,200,,Thread-Gruppe  1-75,text,true,,419,129,100,100,http://localhost:7000/randomRequest,712,0,1
1676157993955,1015,HTTP Request,200,,Thread-Gruppe  1-41,text,true,,492,129,100,100,http://localhost:7000/randomRequest,1015,0,1
1676157994283,717,HTTP Request,200,,Thread-Gruppe  1-48,text,true,,558,129,100,100,http://localhost:7000/randomRequest,717,0,0
1676157994592,409,HTTP Request,200,,Thread-Gruppe  1-71,text,true,,417,129,100,100,http://localhost:7000/randomRequest,409,0,1
1676157994410,611,HTTP Request,200,,Thread-Gruppe  1-42,text,true,,419,129,100,100,http://localhost:7000/randomRequest,611,0,0
1676157994318,720,HTTP Request,200,,Thread-Gruppe  1-50,text,true,,486,129,100,100,http://localhost:7000/randomRequest,720,0,0
1676157993705,1340,HTTP Request,200,,Thread-Gruppe  1-57,text,true,,492,129,100,100,http://localhost:7000/randomRequest,1340,0,0
1676157994432,621,HTTP Request,200,,Thread-Gruppe  1-43,text,true,,486,129,100,100,http://localhost:7000/randomRequest,621,0,0
1676157994246,821,HTTP Request,200,,Thread-Gruppe  1-61,text,true,,492,129,100,100,http://localhost:7000/randomRequest,821,0,0
1676157994130,945,HTTP Request,200,,Thread-Gruppe  1-82,text,true,,417,129,100,100,http://localhost:7000/randomRequest,945,0,1
1676157994265,818,HTTP Request,200,,Thread-Gruppe  1-23,text,true,,403,129,100,100,http://localhost:7000/randomRequest,818,0,0
1676157993940,1152,HTTP Request,200,,Thread-Gruppe  1-95,text,true,,566,129,100,100,http://localhost:7000/randomRequest,1152,0,0
1676157994174,930,HTTP Request,200,,Thread-Gruppe  1-97,text,true,,488,129,100,100,http://localhost:7000/randomRequest,930,0,1
1676157994402,720,HTTP Request,200,,Thread-Gruppe  1-40,text,true,,542,129,100,100,http://localhost:7000/randomRequest,720,0,0
1676157994325,824,HTTP Request,200,,Thread-Gruppe  1-55,text,true,,418,129,100,100,http://localhost:7000/randomRequest,824,0,0
1676157994444,724,HTTP Request,200,,Thread-Gruppe  1-2,text,true,,552,129,100,100,http://localhost:7000/randomRequest,724,0,0
1676157994654,514,HTTP Request,200,,Thread-Gruppe  1-28,text,true,,419,129,100,100,http://localhost:7000/randomRequest,514,0,0
1676157994160,1028,HTTP Request,200,,Thread-Gruppe  1-62,text,true,,485,129,100,100,http://localhost:7000/randomRequest,1028,0,1
1676157994388,821,HTTP Request,200,,Thread-Gruppe  1-14,text,true,,566,129,100,100,http://localhost:7000/randomRequest,821,0,0
1676157994383,826,HTTP Request,200,,Thread-Gruppe  1-36,text,true,,567,129,100,100,http://localhost:7000/randomRequest,826,0,1
1676157994489,720,HTTP Request,200,,Thread-Gruppe  1-94,text,true,,488,129,100,100,http://localhost:7000/randomRequest,720,0,0
1676157994181,1028,HTTP Request,200,,Thread-Gruppe  1-58,text,true,,492,129,100,100,http://localhost:7000/randomRequest,1028,0,0
1676157994495,720,HTTP Request,200,,Thread-Gruppe  1-18,text,true,,416,129,100,100,http://localhost:7000/randomRequest,720,0,1
1676157993508,1707,HTTP Request,200,,Thread-Gruppe  1-51,text,true,,527,129,100,100,http://localhost:7000/randomRequest,1707,0,0
1676157994612,613,HTTP Request,200,,Thread-Gruppe  1-30,text,true,,492,129,100,100,http://localhost:7000/randomRequest,613,0,0
1676157994104,1121,HTTP Request,200,,Thread-Gruppe  1-15,text,true,,482,129,100,100,http://localhost:7000/randomRequest,1121,0,0
1676157994734,517,HTTP Request,200,,Thread-Gruppe  1-12,text,true,,417,129,100,100,http://localhost:7000/randomRequest,517,0,1
1676157994532,737,HTTP Request,200,,Thread-Gruppe  1-1,text,true,,415,129,100,100,http://localhost:7000/randomRequest,737,0,0
1676157994060,1209,HTTP Request,200,,Thread-Gruppe  1-70,text,true,,540,129,100,100,http://localhost:7000/randomRequest,1209,0,0
1676157994654,615,HTTP Request,200,,Thread-Gruppe  1-96,text,true,,559,129,100,100,http://localhost:7000/randomRequest,615,0,0
1676157994688,623,HTTP Request,200,,Thread-Gruppe  1-44,text,true,,419,129,100,100,http://localhost:7000/randomRequest,623,0,1
1676157994612,717,HTTP Request,200,,Thread-Gruppe  1-89,text,true,,418,129,100,100,http://localhost:7000/randomRequest,717,0,0
1676157994921,408,HTTP Request,200,,Thread-Gruppe  1-3,text,true,,419,129,100,100,http://localhost:7000/randomRequest,408,0,0
1676157994729,621,HTTP Request,200,,Thread-Gruppe  1-92,text,true,,419,129,100,100,http://localhost:7000/randomRequest,621,0,0
1676157994754,618,HTTP Request,200,,Thread-Gruppe  1-65,text,true,,490,129,100,100,http://localhost:7000/randomRequest,618,0,0
1676157994654,718,HTTP Request,200,,Thread-Gruppe  1-26,text,true,,481,129,100,100,http://localhost:7000/randomRequest,718,0,0
1676157994319,1053,HTTP Request,200,,Thread-Gruppe  1-27,text,true,,403,129,100,100,http://localhost:7000/randomRequest,1053,0,0
1676157994870,509,HTTP Request,200,,Thread-Gruppe  1-8,text,true,,492,129,100,100,http://localhost:7000/randomRequest,509,0,0
1676157994489,926,HTTP Request,200,,Thread-Gruppe  1-91,text,true,,492,129,100,100,http://localhost:7000/randomRequest,926,0,0
1676157994688,727,HTTP Request,200,,Thread-Gruppe  1-98,text,true,,417,129,100,100,http://localhost:7000/randomRequest,727,0,1
1676157993978,1437,HTTP Request,200,,Thread-Gruppe  1-100,text,true,,492,129,100,100,http://localhost:7000/randomRequest,1437,0,0
1676157994432,993,HTTP Request,200,,Thread-Gruppe  1-5,text,true,,643,129,100,100,http://localhost:7000/randomRequest,993,0,0
1676157994915,510,HTTP Request,200,,Thread-Gruppe  1-13,text,true,,419,129,100,100,http://localhost:7000/randomRequest,510,0,0
1676157994504,921,HTTP Request,200,,Thread-Gruppe  1-93,text,true,,563,129,100,100,http://localhost:7000/randomRequest,921,0,0
1676157994693,740,HTTP Request,200,,Thread-Gruppe  1-31,text,true,,417,129,100,100,http://localhost:7000/randomRequest,740,0,0
1676157994532,926,HTTP Request,200,,Thread-Gruppe  1-39,text,true,,492,129,100,100,http://localhost:7000/randomRequest,926,0,0
1676157994838,621,HTTP Request,200,,Thread-Gruppe  1-67,text,true,,548,129,100,100,http://localhost:7000/randomRequest,621,0,1
1676157994883,578,HTTP Request,200,,Thread-Gruppe  1-76,text,true,,633,129,100,100,http://localhost:7000/randomRequest,578,0,1
1676157994483,1036,HTTP Request,200,,Thread-Gruppe  1-47,text,true,,492,129,100,100,http://localhost:7000/randomRequest,1036,0,0
1676157994793,726,HTTP Request,200,,Thread-Gruppe  1-37,text,true,,492,129,100,100,http://localhost:7000/randomRequest,726,0,1
1676157994838,723,HTTP Request,200,,Thread-Gruppe  1-54,text,true,,545,129,100,100,http://localhost:7000/randomRequest,723,0,1
1676157994733,828,HTTP Request,200,,Thread-Gruppe  1-56,text,true,,549,129,100,100,http://localhost:7000/randomRequest,828,0,0
1676157995045,516,HTTP Request,200,,Thread-Gruppe  1-57,text,true,,416,129,100,100,http://localhost:7000/randomRequest,516,0,0
1676157994782,822,HTTP Request,200,,Thread-Gruppe  1-35,text,true,,413,129,100,100,http://localhost:7000/randomRequest,822,0,0
1676157994409,1211,HTTP Request,200,,Thread-Gruppe  1-9,text,true,,647,129,100,100,http://localhost:7000/randomRequest,1211,0,0
1676157995001,622,HTTP Request,200,,Thread-Gruppe  1-71,text,true,,403,129,100,100,http://localhost:7000/randomRequest,622,0,0
1676157994908,717,HTTP Request,200,,Thread-Gruppe  1-53,text,true,,403,129,100,100,http://localhost:7000/randomRequest,717,0,1
1676157995021,617,HTTP Request,200,,Thread-Gruppe  1-42,text,true,,403,129,100,100,http://localhost:7000/randomRequest,617,0,1
1676157994511,1127,HTTP Request,200,,Thread-Gruppe  1-77,text,true,,1031,129,100,100,http://localhost:7000/randomRequest,1127,0,0
1676157994433,1209,HTTP Request,200,,Thread-Gruppe  1-32,text,true,,541,129,100,100,http://localhost:7000/randomRequest,1209,0,0
1676157995038,617,HTTP Request,200,,Thread-Gruppe  1-50,text,true,,485,129,100,100,http://localhost:7000/randomRequest,617,0,1
1676157994525,1130,HTTP Request,200,,Thread-Gruppe  1-72,text,true,,530,129,100,100,http://localhost:7000/randomRequest,1130,0,0
1676157995053,615,HTTP Request,200,,Thread-Gruppe  1-43,text,true,,566,129,100,100,http://localhost:7000/randomRequest,615,0,0
1676157995068,605,HTTP Request,200,,Thread-Gruppe  1-61,text,true,,492,129,100,100,http://localhost:7000/randomRequest,605,0,0
1676157994246,1427,HTTP Request,200,,Thread-Gruppe  1-69,text,true,,481,129,100,100,http://localhost:7000/randomRequest,1427,0,0
1676157995380,309,HTTP Request,200,,Thread-Gruppe  1-8,text,true,,488,129,100,100,http://localhost:7000/randomRequest,309,0,0
1676157994160,1541,HTTP Request,200,,Thread-Gruppe  1-63,text,true,,403,129,100,100,http://localhost:7000/randomRequest,1541,0,1
1676157994775,926,HTTP Request,200,,Thread-Gruppe  1-64,text,true,,547,129,100,100,http://localhost:7000/randomRequest,926,0,1
1676157995084,617,HTTP Request,200,,Thread-Gruppe  1-23,text,true,,492,129,100,100,http://localhost:7000/randomRequest,617,0,0
1676157994489,1216,HTTP Request,200,,Thread-Gruppe  1-87,text,true,,539,129,100,100,http://localhost:7000/randomRequest,1216,0,0
1676157994819,914,HTTP Request,200,,Thread-Gruppe  1-16,text,true,,491,129,100,100,http://localhost:7000/randomRequest,914,0,1
1676157994716,1022,HTTP Request,200,,Thread-Gruppe  1-59,text,true,,485,129,100,100,http://localhost:7000/randomRequest,1022,0,1
1676157995075,723,HTTP Request,200,,Thread-Gruppe  1-82,text,true,,488,129,100,100,http://localhost:7000/randomRequest,723,0,0
1676157995210,615,HTTP Request,200,,Thread-Gruppe  1-58,text,true,,563,129,100,100,http://localhost:7000/randomRequest,615,0,0
1676157995330,513,HTTP Request,200,,Thread-Gruppe  1-3,text,true,,419,129,100,100,http://localhost:7000/randomRequest,513,0,0
1676157995434,409,HTTP Request,200,,Thread-Gruppe  1-31,text,true,,419,129,100,100,http://localhost:7000/randomRequest,409,0,0
1676157995216,639,HTTP Request,200,,Thread-Gruppe  1-18,text,true,,679,129,100,100,http://localhost:7000/randomRequest,639,0,1
1676157994971,889,HTTP Request,200,,Thread-Gruppe  1-41,text,true,,643,129,100,100,http://localhost:7000/randomRequest,889,0,0
1676157995562,307,HTTP Request,200,,Thread-Gruppe  1-57,text,true,,551,129,100,100,http://localhost:7000/randomRequest,307,0,0
1676157994318,1550,HTTP Request,200,,Thread-Gruppe  1-83,text,true,,527,129,100,100,http://localhost:7000/randomRequest,1550,0,0
1676157994552,1322,HTTP Request,200,,Thread-Gruppe  1-79,text,true,,485,129,100,100,http://localhost:7000/randomRequest,1322,0,0
1676157994859,1015,HTTP Request,200,,Thread-Gruppe  1-17,text,true,,488,129,100,100,http://localhost:7000/randomRequest,1015,0,0
1676157994270,1604,HTTP Request,200,,Thread-Gruppe  1-7,text,true,,537,129,100,100,http://localhost:7000/randomRequest,1604,0,0
1676157994859,1016,HTTP Request,200,,Thread-Gruppe  1-52,text,true,,418,129,100,100,http://localhost:7000/randomRequest,1016,0,0
1676157995270,606,HTTP Request,200,,Thread-Gruppe  1-1,text,true,,492,129,100,100,http://localhost:7000/randomRequest,606,0,0
1676157995373,512,HTTP Request,200,,Thread-Gruppe  1-65,text,true,,554,129,100,100,http://localhost:7000/randomRequest,512,0,1
1676157995373,531,HTTP Request,200,,Thread-Gruppe  1-27,text,true,,673,129,100,100,http://localhost:7000/randomRequest,531,0,1
1676157994612,1296,HTTP Request,200,,Thread-Gruppe  1-99,text,true,,527,129,100,100,http://localhost:7000/randomRequest,1296,0,0
1676157994888,1020,HTTP Request,200,,Thread-Gruppe  1-10,text,true,,485,129,100,100,http://localhost:7000/randomRequest,1020,0,1
1676157995210,716,HTTP Request,200,,Thread-Gruppe  1-94,text,true,,418,129,100,100,http://localhost:7000/randomRequest,716,0,0
1676157994081,1844,HTTP Request,200,,Thread-Gruppe  1-33,text,true,,537,129,100,100,http://localhost:7000/randomRequest,1844,0,0
1676157994908,1025,HTTP Request,200,,Thread-Gruppe  1-88,text,true,,570,129,100,100,http://localhost:7000/randomRequest,1025,0,1
1676157995313,621,HTTP Request,200,,Thread-Gruppe  1-44,text,true,,481,129,100,100,http://localhost:7000/randomRequest,621,0,0
1676157995122,824,HTTP Request,200,,Thread-Gruppe  1-40,text,true,,492,129,100,100,http://localhost:7000/randomRequest,824,0,0
1676157995226,721,HTTP Request,200,,Thread-Gruppe  1-30,text,true,,418,129,100,100,http://localhost:7000/randomRequest,721,0,0
1676157995149,819,HTTP Request,200,,Thread-Gruppe  1-55,text,true,,492,129,100,100,http://localhost:7000/randomRequest,819,0,0
1676157995669,307,HTTP Request,200,,Thread-Gruppe  1-43,text,true,,419,129,100,100,http://localhost:7000/randomRequest,307,0,0
1676157994769,1209,HTTP Request,200,,Thread-Gruppe  1-21,text,true,,527,129,100,100,http://localhost:7000/randomRequest,1209,0,1
1676157995168,810,HTTP Request,200,,Thread-Gruppe  1-28,text,true,,419,129,100,100,http://localhost:7000/randomRequest,810,0,1
1676157994282,1696,HTTP Request,200,,Thread-Gruppe  1-22,text,true,,527,129,100,100,http://localhost:7000/randomRequest,1696,0,0
1676157995210,816,HTTP Request,200,,Thread-Gruppe  1-14,text,true,,552,129,100,100,http://localhost:7000/randomRequest,816,0,0
1676157995426,615,HTTP Request,200,,Thread-Gruppe  1-5,text,true,,570,129,100,100,http://localhost:7000/randomRequest,615,0,0
1676157995639,427,HTTP Request,200,,Thread-Gruppe  1-42,text,true,,417,129,100,100,http://localhost:7000/randomRequest,427,0,1
1676157995562,508,HTTP Request,200,,Thread-Gruppe  1-56,text,true,,555,129,100,100,http://localhost:7000/randomRequest,508,0,0
1676157995373,720,HTTP Request,200,,Thread-Gruppe  1-26,text,true,,492,129,100,100,http://localhost:7000/randomRequest,720,0,1
1676157994688,1407,HTTP Request,200,,Thread-Gruppe  1-6,text,true,,541,129,100,100,http://localhost:7000/randomRequest,1407,0,1
1676157994511,1606,HTTP Request,200,,Thread-Gruppe  1-11,text,true,,541,129,100,100,http://localhost:7000/randomRequest,1606,0,0
1676157994734,1407,HTTP Request,200,,Thread-Gruppe  1-60,text,true,,630,129,100,100,http://localhost:7000/randomRequest,1407,0,1
1676157995735,407,HTTP Request,200,,Thread-Gruppe  1-16,text,true,,556,129,100,100,http://localhost:7000/randomRequest,407,0,0
1676157995739,416,HTTP Request,200,,Thread-Gruppe  1-59,text,true,,419,129,100,100,http://localhost:7000/randomRequest,416,0,1
1676157995416,739,HTTP Request,200,,Thread-Gruppe  1-100,text,true,,552,129,100,100,http://localhost:7000/randomRequest,739,0,1
1676157995252,918,HTTP Request,200,,Thread-Gruppe  1-12,text,true,,418,129,100,100,http://localhost:7000/randomRequest,918,0,1
1676157995562,609,HTTP Request,200,,Thread-Gruppe  1-54,text,true,,486,129,100,100,http://localhost:7000/randomRequest,609,0,0
1676157995168,1017,HTTP Request,200,,Thread-Gruppe  1-2,text,true,,540,129,100,100,http://localhost:7000/randomRequest,1017,0,1
1676157994969,1234,HTTP Request,200,,Thread-Gruppe  1-20,text,true,,399,129,100,100,http://localhost:7000/randomRequest,1234,0,1
1676157995702,504,HTTP Request,200,,Thread-Gruppe  1-64,text,true,,557,129,100,100,http://localhost:7000/randomRequest,504,0,1
1676157995876,330,HTTP Request,200,,Thread-Gruppe  1-52,text,true,,417,129,100,100,http://localhost:7000/randomRequest,330,0,0
1676157995706,508,HTTP Request,200,,Thread-Gruppe  1-87,text,true,,554,129,100,100,http://localhost:7000/randomRequest,508,0,1
1676157995606,617,HTTP Request,200,,Thread-Gruppe  1-35,text,true,,419,129,100,100,http://localhost:7000/randomRequest,617,0,0
1676157995416,814,HTTP Request,200,,Thread-Gruppe  1-98,text,true,,416,129,100,100,http://localhost:7000/randomRequest,814,0,1
1676157995626,617,HTTP Request,200,,Thread-Gruppe  1-53,text,true,,419,129,100,100,http://localhost:7000/randomRequest,617,0,0
1676157995934,310,HTTP Request,200,,Thread-Gruppe  1-88,text,true,,558,129,100,100,http://localhost:7000/randomRequest,310,0,0
1676157995843,412,HTTP Request,200,,Thread-Gruppe  1-3,text,true,,419,129,100,100,http://localhost:7000/randomRequest,412,0,0
1676157995330,925,HTTP Request,200,,Thread-Gruppe  1-89,text,true,,490,129,100,100,http://localhost:7000/randomRequest,925,0,0
1676157995270,1019,HTTP Request,200,,Thread-Gruppe  1-70,text,true,,485,129,100,100,http://localhost:7000/randomRequest,1019,0,0
1676157994775,1520,HTTP Request,200,,Thread-Gruppe  1-25,text,true,,641,129,100,100,http://localhost:7000/randomRequest,1520,0,1
1676157995690,619,HTTP Request,200,,Thread-Gruppe  1-8,text,true,,418,129,100,100,http://localhost:7000/randomRequest,619,0,0
1676157995104,1205,HTTP Request,200,,Thread-Gruppe  1-97,text,true,,541,129,100,100,http://localhost:7000/randomRequest,1205,0,1
1676157995702,608,HTTP Request,200,,Thread-Gruppe  1-63,text,true,,488,129,100,100,http://localhost:7000/randomRequest,608,0,1
1676157995800,510,HTTP Request,200,,Thread-Gruppe  1-82,text,true,,490,129,100,100,http://localhost:7000/randomRequest,510,0,0
1676157995520,826,HTTP Request,200,,Thread-Gruppe  1-47,text,true,,485,129,100,100,http://localhost:7000/randomRequest,826,0,1
1676157995270,1092,HTTP Request,200,,Thread-Gruppe  1-96,text,true,,541,129,100,100,http://localhost:7000/randomRequest,1092,0,0
1676157995656,717,HTTP Request,200,,Thread-Gruppe  1-72,text,true,,401,129,100,100,http://localhost:7000/randomRequest,717,0,1
1676157995875,525,HTTP Request,200,,Thread-Gruppe  1-17,text,true,,564,129,100,100,http://localhost:7000/randomRequest,525,0,0
1676157995674,728,HTTP Request,200,,Thread-Gruppe  1-69,text,true,,559,129,100,100,http://localhost:7000/randomRequest,728,0,0
1676157995674,729,HTTP Request,200,,Thread-Gruppe  1-61,text,true,,490,129,100,100,http://localhost:7000/randomRequest,729,0,0
1676157994793,1623,HTTP Request,200,,Thread-Gruppe  1-74,text,true,,537,129,100,100,http://localhost:7000/randomRequest,1623,0,1
1676157994838,1612,HTTP Request,200,,Thread-Gruppe  1-24,text,true,,541,129,100,100,http://localhost:7000/randomRequest,1612,0,1
1676157995226,1233,HTTP Request,200,,Thread-Gruppe  1-15,text,true,,490,129,100,100,http://localhost:7000/randomRequest,1233,0,0
1676157995855,607,HTTP Request,200,,Thread-Gruppe  1-18,text,true,,558,129,100,100,http://localhost:7000/randomRequest,607,0,0
1676157995643,819,HTTP Request,200,,Thread-Gruppe  1-32,text,true,,419,129,100,100,http://localhost:7000/randomRequest,819,0,1
1676157995861,613,HTTP Request,200,,Thread-Gruppe  1-41,text,true,,401,129,100,100,http://localhost:7000/randomRequest,613,0,0
1676157996171,310,HTTP Request,200,,Thread-Gruppe  1-54,text,true,,403,129,100,100,http://localhost:7000/randomRequest,310,0,0
1676157995656,825,HTTP Request,200,,Thread-Gruppe  1-50,text,true,,419,129,100,100,http://localhost:7000/randomRequest,825,0,1
1676157995869,612,HTTP Request,200,,Thread-Gruppe  1-83,text,true,,490,129,100,100,http://localhost:7000/randomRequest,612,0,0
1676157995979,523,HTTP Request,200,,Thread-Gruppe  1-28,text,true,,563,129,100,100,http://localhost:7000/randomRequest,523,0,0
1676157995216,1296,HTTP Request,200,,Thread-Gruppe  1-51,text,true,,527,129,100,100,http://localhost:7000/randomRequest,1296,0,1
1676157996204,308,HTTP Request,200,,Thread-Gruppe  1-20,text,true,,419,129,100,100,http://localhost:7000/randomRequest,308,0,1
1676157994970,1541,HTTP Request,200,,Thread-Gruppe  1-75,text,true,,481,129,100,100,http://localhost:7000/randomRequest,1541,0,1
1676157995909,613,HTTP Request,200,,Thread-Gruppe  1-99,text,true,,419,129,100,100,http://localhost:7000/randomRequest,613,0,0
1676157995926,617,HTTP Request,200,,Thread-Gruppe  1-33,text,true,,419,129,100,100,http://localhost:7000/randomRequest,617,0,0
1676157995520,1036,HTTP Request,200,,Thread-Gruppe  1-37,text,true,,419,129,100,100,http://localhost:7000/randomRequest,1036,0,1
1676157996255,308,HTTP Request,200,,Thread-Gruppe  1-3,text,true,,419,129,100,100,http://localhost:7000/randomRequest,308,0,0
1676157995885,721,HTTP Request,200,,Thread-Gruppe  1-65,text,true,,492,129,100,100,http://localhost:7000/randomRequest,721,0,1
1676157995979,627,HTTP Request,200,,Thread-Gruppe  1-21,text,true,,418,129,100,100,http://localhost:7000/randomRequest,627,0,0
1676157995976,630,HTTP Request,200,,Thread-Gruppe  1-43,text,true,,489,129,100,100,http://localhost:7000/randomRequest,630,0,1
1676157995639,991,HTTP Request,200,,Thread-Gruppe  1-77,text,true,,527,129,100,100,http://localhost:7000/randomRequest,991,0,1
1676157995825,819,HTTP Request,200,,Thread-Gruppe  1-58,text,true,,492,129,100,100,http://localhost:7000/randomRequest,819,0,0
1676157996243,413,HTTP Request,200,,Thread-Gruppe  1-53,text,true,,568,129,100,100,http://localhost:7000/randomRequest,413,0,1
1676157995624,1032,HTTP Request,200,,Thread-Gruppe  1-71,text,true,,552,129,100,100,http://localhost:7000/randomRequest,1032,0,1
1676157995460,1216,HTTP Request,200,,Thread-Gruppe  1-67,text,true,,492,129,100,100,http://localhost:7000/randomRequest,1216,0,0
1676157995875,814,HTTP Request,200,,Thread-Gruppe  1-79,text,true,,489,129,100,100,http://localhost:7000/randomRequest,814,0,0
1676157995000,1715,HTTP Request,200,,Thread-Gruppe  1-48,text,true,,647,129,100,100,http://localhost:7000/randomRequest,1715,0,0
1676157995426,1300,HTTP Request,200,,Thread-Gruppe  1-13,text,true,,643,129,100,100,http://localhost:7000/randomRequest,1300,0,0
1676157995621,1119,HTTP Request,200,,Thread-Gruppe  1-9,text,true,,530,129,100,100,http://localhost:7000/randomRequest,1119,0,0
1676157996042,716,HTTP Request,200,,Thread-Gruppe  1-5,text,true,,419,129,100,100,http://localhost:7000/randomRequest,716,0,0
1676157996155,614,HTTP Request,200,,Thread-Gruppe  1-100,text,true,,415,129,100,100,http://localhost:7000/randomRequest,614,0,0
1676157995459,1330,HTTP Request,200,,Thread-Gruppe  1-39,text,true,,419,129,100,100,http://localhost:7000/randomRequest,1330,0,0
1676157995462,1330,HTTP Request,200,,Thread-Gruppe  1-76,text,true,,551,129,100,100,http://localhost:7000/randomRequest,1330,0,0
1676157995876,934,HTTP Request,200,,Thread-Gruppe  1-1,text,true,,417,129,100,100,http://localhost:7000/randomRequest,934,0,0
1676157995904,921,HTTP Request,200,,Thread-Gruppe  1-27,text,true,,552,129,100,100,http://localhost:7000/randomRequest,921,0,0
1676157996310,520,HTTP Request,200,,Thread-Gruppe  1-63,text,true,,547,129,100,100,http://localhost:7000/randomRequest,520,0,0
1676157996142,688,HTTP Request,200,,Thread-Gruppe  1-16,text,true,,541,129,100,100,http://localhost:7000/randomRequest,688,0,0
1676157995909,921,HTTP Request,200,,Thread-Gruppe  1-10,text,true,,403,129,100,100,http://localhost:7000/randomRequest,921,0,0
1676157996230,613,HTTP Request,200,,Thread-Gruppe  1-98,text,true,,403,129,100,100,http://localhost:7000/randomRequest,613,0,0
1676157995426,1444,HTTP Request,200,,Thread-Gruppe  1-93,text,true,,547,129,100,100,http://localhost:7000/randomRequest,1444,0,0
1676157996255,615,HTTP Request,200,,Thread-Gruppe  1-89,text,true,,560,129,100,100,http://localhost:7000/randomRequest,615,0,0
1676157995947,923,HTTP Request,200,,Thread-Gruppe  1-30,text,true,,492,129,100,100,http://localhost:7000/randomRequest,923,0,0
1676157996070,823,HTTP Request,200,,Thread-Gruppe  1-56,text,true,,492,129,100,100,http://localhost:7000/randomRequest,823,0,1
1676157996481,412,HTTP Request,200,,Thread-Gruppe  1-54,text,true,,492,129,100,100,http://localhost:7000/randomRequest,412,0,1
1676157995979,931,HTTP Request,200,,Thread-Gruppe  1-22,text,true,,485,129,100,100,http://localhost:7000/randomRequest,931,0,0
1676157996186,724,HTTP Request,200,,Thread-Gruppe  1-2,text,true,,492,129,100,100,http://localhost:7000/randomRequest,724,0,0
1676157996206,714,HTTP Request,200,,Thread-Gruppe  1-52,text,true,,550,129,100,100,http://localhost:7000/randomRequest,714,0,1
1676157995702,1219,HTTP Request,200,,Thread-Gruppe  1-23,text,true,,403,129,100,100,http://localhost:7000/randomRequest,1219,0,1
1676157996296,625,HTTP Request,200,,Thread-Gruppe  1-25,text,true,,492,129,100,100,http://localhost:7000/randomRequest,625,0,1
1676157996310,611,HTTP Request,200,,Thread-Gruppe  1-82,text,true,,567,129,100,100,http://localhost:7000/randomRequest,611,0,0
1676157996512,409,HTTP Request,200,,Thread-Gruppe  1-51,text,true,,481,129,100,100,http://localhost:7000/randomRequest,409,0,1
1676157995092,1834,HTTP Request,200,,Thread-Gruppe  1-95,text,true,,492,129,100,100,http://localhost:7000/randomRequest,1834,0,1
1676157996214,717,HTTP Request,200,,Thread-Gruppe  1-87,text,true,,486,129,100,100,http://localhost:7000/randomRequest,717,0,0
1676157995416,1524,HTTP Request,200,,Thread-Gruppe  1-91,text,true,,490,129,100,100,http://localhost:7000/randomRequest,1524,0,1
1676157995843,1097,HTTP Request,200,,Thread-Gruppe  1-31,text,true,,541,129,100,100,http://localhost:7000/randomRequest,1097,0,0
1676157996142,814,HTTP Request,200,,Thread-Gruppe  1-60,text,true,,419,129,100,100,http://localhost:7000/randomRequest,814,0,0
1676157995926,1030,HTTP Request,200,,Thread-Gruppe  1-94,text,true,,558,129,100,100,http://localhost:7000/randomRequest,1030,0,0
1676157995934,1022,HTTP Request,200,,Thread-Gruppe  1-44,text,true,,566,129,100,100,http://localhost:7000/randomRequest,1022,0,0
1676157996245,712,HTTP Request,200,,Thread-Gruppe  1-88,text,true,,552,129,100,100,http://localhost:7000/randomRequest,712,0,0
1676157996026,931,HTTP Request,200,,Thread-Gruppe  1-14,text,true,,559,129,100,100,http://localhost:7000/randomRequest,931,0,1
1676157996543,414,HTTP Request,200,,Thread-Gruppe  1-33,text,true,,577,129,100,100,http://localhost:7000/randomRequest,414,0,1
1676157996459,511,HTTP Request,200,,Thread-Gruppe  1-15,text,true,,553,129,100,100,http://localhost:7000/randomRequest,511,0,0
1676157995351,1619,HTTP Request,200,,Thread-Gruppe  1-92,text,true,,527,129,100,100,http://localhost:7000/randomRequest,1619,0,0
1676157996373,610,HTTP Request,200,,Thread-Gruppe  1-72,text,true,,492,129,100,100,http://localhost:7000/randomRequest,610,0,0
1676157996066,917,HTTP Request,200,,Thread-Gruppe  1-42,text,true,,419,129,100,100,http://localhost:7000/randomRequest,917,0,0
1676157996482,516,HTTP Request,200,,Thread-Gruppe  1-83,text,true,,419,129,100,100,http://localhost:7000/randomRequest,516,0,0
1676157995875,1134,HTTP Request,200,,Thread-Gruppe  1-7,text,true,,481,129,100,100,http://localhost:7000/randomRequest,1134,0,0
1676157996606,408,HTTP Request,200,,Thread-Gruppe  1-43,text,true,,419,129,100,100,http://localhost:7000/randomRequest,408,0,0
1676157996502,515,HTTP Request,200,,Thread-Gruppe  1-28,text,true,,419,129,100,100,http://localhost:7000/randomRequest,515,0,0
1676157996096,924,HTTP Request,200,,Thread-Gruppe  1-6,text,true,,552,129,100,100,http://localhost:7000/randomRequest,924,0,0
1676157996206,817,HTTP Request,200,,Thread-Gruppe  1-64,text,true,,490,129,100,100,http://localhost:7000/randomRequest,817,0,0
1676157996400,634,HTTP Request,200,,Thread-Gruppe  1-17,text,true,,555,129,100,100,http://localhost:7000/randomRequest,634,0,3
1676157996346,711,HTTP Request,200,,Thread-Gruppe  1-47,text,true,,418,129,100,100,http://localhost:7000/randomRequest,711,0,1
1676157996563,507,HTTP Request,200,,Thread-Gruppe  1-3,text,true,,560,129,100,100,http://localhost:7000/randomRequest,507,0,1
1676157996474,611,HTTP Request,200,,Thread-Gruppe  1-41,text,true,,419,129,100,100,http://localhost:7000/randomRequest,611,0,0
1676157995869,1228,HTTP Request,200,,Thread-Gruppe  1-57,text,true,,419,129,100,100,http://localhost:7000/randomRequest,1228,0,0
1676157996170,932,HTTP Request,200,,Thread-Gruppe  1-12,text,true,,403,129,100,100,http://localhost:7000/randomRequest,932,0,0
1676157995969,1133,HTTP Request,200,,Thread-Gruppe  1-55,text,true,,418,129,100,100,http://localhost:7000/randomRequest,1133,0,0
1676157996289,822,HTTP Request,200,,Thread-Gruppe  1-70,text,true,,570,129,100,100,http://localhost:7000/randomRequest,822,0,1
1676157996093,1025,HTTP Request,200,,Thread-Gruppe  1-26,text,true,,546,129,100,100,http://localhost:7000/randomRequest,1025,0,0
1676157996726,408,HTTP Request,200,,Thread-Gruppe  1-13,text,true,,550,129,100,100,http://localhost:7000/randomRequest,408,0,1
1676157996403,731,HTTP Request,200,,Thread-Gruppe  1-69,text,true,,492,129,100,100,http://localhost:7000/randomRequest,731,0,1
1676157996644,510,HTTP Request,200,,Thread-Gruppe  1-58,text,true,,403,129,100,100,http://localhost:7000/randomRequest,510,0,1
1676157996451,708,HTTP Request,200,,Thread-Gruppe  1-24,text,true,,540,129,100,100,http://localhost:7000/randomRequest,708,0,0
1676157996155,1004,HTTP Request,200,,Thread-Gruppe  1-59,text,true,,537,129,100,100,http://localhost:7000/randomRequest,1004,0,0
1676157996630,529,HTTP Request,200,,Thread-Gruppe  1-77,text,true,,415,129,100,100,http://localhost:7000/randomRequest,529,0,0
1676157996656,506,HTTP Request,200,,Thread-Gruppe  1-53,text,true,,419,129,100,100,http://localhost:7000/randomRequest,506,0,0
1676157996769,411,HTTP Request,200,,Thread-Gruppe  1-100,text,true,,492,129,100,100,http://localhost:7000/randomRequest,411,0,1
1676157995947,1236,HTTP Request,200,,Thread-Gruppe  1-40,text,true,,417,129,100,100,http://localhost:7000/randomRequest,1236,0,0
1676157995188,2007,HTTP Request,200,,Thread-Gruppe  1-62,text,true,,537,129,100,100,http://localhost:7000/randomRequest,2007,0,1
1676157996119,1101,HTTP Request,200,,Thread-Gruppe  1-11,text,true,,540,129,100,100,http://localhost:7000/randomRequest,1101,0,0
1676157996513,710,HTTP Request,200,,Thread-Gruppe  1-20,text,true,,419,129,100,100,http://localhost:7000/randomRequest,710,0,0
1676157996403,822,HTTP Request,200,,Thread-Gruppe  1-61,text,true,,419,129,100,100,http://localhost:7000/randomRequest,822,0,1
1676157996417,814,HTTP Request,200,,Thread-Gruppe  1-74,text,true,,419,129,100,100,http://localhost:7000/randomRequest,814,0,0
1676157996309,947,HTTP Request,200,,Thread-Gruppe  1-8,text,true,,564,129,100,100,http://localhost:7000/randomRequest,947,0,0
1676157996362,909,HTTP Request,200,,Thread-Gruppe  1-96,text,true,,485,129,100,100,http://localhost:7000/randomRequest,909,0,0
1676157996910,408,HTTP Request,200,,Thread-Gruppe  1-22,text,true,,417,129,100,100,http://localhost:7000/randomRequest,408,0,1
1676157996606,712,HTTP Request,200,,Thread-Gruppe  1-65,text,true,,550,129,100,100,http://localhost:7000/randomRequest,712,0,0
1676157996810,514,HTTP Request,200,,Thread-Gruppe  1-1,text,true,,419,129,100,100,http://localhost:7000/randomRequest,514,0,1
1676157996513,811,HTTP Request,200,,Thread-Gruppe  1-75,text,true,,492,129,100,100,http://localhost:7000/randomRequest,811,0,0
1676157996893,520,HTTP Request,200,,Thread-Gruppe  1-56,text,true,,561,129,100,100,http://localhost:7000/randomRequest,520,0,0
1676157996522,899,HTTP Request,200,,Thread-Gruppe  1-99,text,true,,647,129,100,100,http://localhost:7000/randomRequest,899,0,0
1676157996921,507,HTTP Request,200,,Thread-Gruppe  1-51,text,true,,419,129,100,100,http://localhost:7000/randomRequest,507,0,0
1676157997034,412,HTTP Request,200,,Thread-Gruppe  1-17,text,true,,419,129,100,100,http://localhost:7000/randomRequest,412,0,0
1676157996556,890,HTTP Request,200,,Thread-Gruppe  1-37,text,true,,537,129,100,100,http://localhost:7000/randomRequest,890,0,0
1676157996310,1142,HTTP Request,200,,Thread-Gruppe  1-97,text,true,,519,129,100,100,http://localhost:7000/randomRequest,1142,0,0
1676157996676,779,HTTP Request,200,,Thread-Gruppe  1-67,text,true,,495,129,100,100,http://localhost:7000/randomRequest,779,0,1
1676157996843,618,HTTP Request,200,,Thread-Gruppe  1-98,text,true,,479,129,100,100,http://localhost:7000/randomRequest,618,0,0
1676157996656,817,HTTP Request,200,,Thread-Gruppe  1-71,text,true,,568,129,100,100,http://localhost:7000/randomRequest,817,0,0
1676157996970,506,HTTP Request,200,,Thread-Gruppe  1-92,text,true,,419,129,100,100,http://localhost:7000/randomRequest,506,0,0
1676157996758,718,HTTP Request,200,,Thread-Gruppe  1-5,text,true,,1816,129,100,100,http://localhost:7000/randomRequest,718,0,1
1676157997097,409,HTTP Request,200,,Thread-Gruppe  1-57,text,true,,492,129,100,100,http://localhost:7000/randomRequest,409,0,0
1676157996921,608,HTTP Request,200,,Thread-Gruppe  1-23,text,true,,492,129,100,100,http://localhost:7000/randomRequest,608,0,0
1676157996830,722,HTTP Request,200,,Thread-Gruppe  1-10,text,true,,492,129,100,100,http://localhost:7000/randomRequest,722,0,1
1676157996740,815,HTTP Request,200,,Thread-Gruppe  1-9,text,true,,419,129,100,100,http://localhost:7000/randomRequest,815,0,0
1676157997023,539,HTTP Request,200,,Thread-Gruppe  1-64,text,true,,560,129,100,100,http://localhost:7000/randomRequest,539,0,0
1676157996870,720,HTTP Request,200,,Thread-Gruppe  1-93,text,true,,416,129,100,100,http://localhost:7000/randomRequest,720,0,0
1676157997111,517,HTTP Request,200,,Thread-Gruppe  1-70,text,true,,415,129,100,100,http://localhost:7000/randomRequest,517,0,0
1676157996716,917,HTTP Request,200,,Thread-Gruppe  1-48,text,true,,492,129,100,100,http://localhost:7000/randomRequest,917,0,0
1676157996921,712,HTTP Request,200,,Thread-Gruppe  1-82,text,true,,419,129,100,100,http://localhost:7000/randomRequest,712,0,0
1676157996910,723,HTTP Request,200,,Thread-Gruppe  1-2,text,true,,492,129,100,100,http://localhost:7000/randomRequest,723,0,1
1676157996223,1410,HTTP Request,200,,Thread-Gruppe  1-35,text,true,,535,129,100,100,http://localhost:7000/randomRequest,1410,0,1
1676157996825,825,HTTP Request,200,,Thread-Gruppe  1-27,text,true,,559,129,100,100,http://localhost:7000/randomRequest,825,0,0
1676157996830,823,HTTP Request,200,,Thread-Gruppe  1-63,text,true,,490,129,100,100,http://localhost:7000/randomRequest,823,0,1
1676157996462,1191,HTTP Request,200,,Thread-Gruppe  1-32,text,true,,641,129,100,100,http://localhost:7000/randomRequest,1191,0,0
1676157996830,824,HTTP Request,200,,Thread-Gruppe  1-16,text,true,,557,129,100,100,http://localhost:7000/randomRequest,824,0,1
1676157996940,722,HTTP Request,200,,Thread-Gruppe  1-31,text,true,,417,129,100,100,http://localhost:7000/randomRequest,722,0,1
1676157996957,717,HTTP Request,200,,Thread-Gruppe  1-33,text,true,,558,129,100,100,http://localhost:7000/randomRequest,717,0,0
1676157996957,717,HTTP Request,200,,Thread-Gruppe  1-94,text,true,,419,129,100,100,http://localhost:7000/randomRequest,717,0,0
1676157996870,814,HTTP Request,200,,Thread-Gruppe  1-30,text,true,,486,129,100,100,http://localhost:7000/randomRequest,814,0,0
1676157996462,1222,HTTP Request,200,,Thread-Gruppe  1-18,text,true,,488,129,100,100,http://localhost:7000/randomRequest,1222,0,0
1676157996870,820,HTTP Request,200,,Thread-Gruppe  1-89,text,true,,490,129,100,100,http://localhost:7000/randomRequest,820,0,0
1676157997318,415,HTTP Request,200,,Thread-Gruppe  1-65,text,true,,416,129,100,100,http://localhost:7000/randomRequest,415,0,1
1676157996931,802,HTTP Request,200,,Thread-Gruppe  1-87,text,true,,536,129,100,100,http://localhost:7000/randomRequest,802,0,0
1676157997225,515,HTTP Request,200,,Thread-Gruppe  1-61,text,true,,479,129,100,100,http://localhost:7000/randomRequest,515,0,0
1676157997009,733,HTTP Request,200,,Thread-Gruppe  1-7,text,true,,417,129,100,100,http://localhost:7000/randomRequest,733,0,1
1676157996927,815,HTTP Request,200,,Thread-Gruppe  1-95,text,true,,403,129,100,100,http://localhost:7000/randomRequest,815,0,1
1676157996606,1147,HTTP Request,200,,Thread-Gruppe  1-21,text,true,,568,129,100,100,http://localhost:7000/randomRequest,1147,0,0
1676157996940,819,HTTP Request,200,,Thread-Gruppe  1-91,text,true,,492,129,100,100,http://localhost:7000/randomRequest,819,0,1
1676157997154,615,HTTP Request,200,,Thread-Gruppe  1-58,text,true,,485,129,100,100,http://localhost:7000/randomRequest,615,0,0
1676157996957,821,HTTP Request,200,,Thread-Gruppe  1-14,text,true,,857,129,100,100,http://localhost:7000/randomRequest,821,0,0
1676157997070,714,HTTP Request,200,,Thread-Gruppe  1-3,text,true,,488,129,100,100,http://localhost:7000/randomRequest,714,0,1
1676157996970,814,HTTP Request,200,,Thread-Gruppe  1-15,text,true,,555,129,100,100,http://localhost:7000/randomRequest,814,0,0
1676157996957,837,HTTP Request,200,,Thread-Gruppe  1-60,text,true,,684,129,100,100,http://localhost:7000/randomRequest,837,0,0
1676157997183,611,HTTP Request,200,,Thread-Gruppe  1-40,text,true,,419,129,100,100,http://localhost:7000/randomRequest,611,0,1
1676157997057,737,HTTP Request,200,,Thread-Gruppe  1-47,text,true,,417,129,100,100,http://localhost:7000/randomRequest,737,0,0
1676157997085,722,HTTP Request,200,,Thread-Gruppe  1-41,text,true,,571,129,100,100,http://localhost:7000/randomRequest,722,0,1
1676157996793,1017,HTTP Request,200,,Thread-Gruppe  1-76,text,true,,488,129,100,100,http://localhost:7000/randomRequest,1017,0,0
1676157997421,413,HTTP Request,200,,Thread-Gruppe  1-99,text,true,,419,129,100,100,http://localhost:7000/randomRequest,413,0,0
1676157997223,611,HTTP Request,200,,Thread-Gruppe  1-20,text,true,,492,129,100,100,http://localhost:7000/randomRequest,611,0,0
1676157997020,820,HTTP Request,200,,Thread-Gruppe  1-6,text,true,,481,129,100,100,http://localhost:7000/randomRequest,820,0,0
1676157997429,411,HTTP Request,200,,Thread-Gruppe  1-51,text,true,,557,129,100,100,http://localhost:7000/randomRequest,411,0,0
1676157997446,424,HTTP Request,200,,Thread-Gruppe  1-17,text,true,,417,129,100,100,http://localhost:7000/randomRequest,424,0,1
1676157997473,405,HTTP Request,200,,Thread-Gruppe  1-71,text,true,,419,129,100,100,http://localhost:7000/randomRequest,405,0,0
1676157997159,719,HTTP Request,200,,Thread-Gruppe  1-59,text,true,,419,129,100,100,http://localhost:7000/randomRequest,719,0,1
1676157997159,719,HTTP Request,200,,Thread-Gruppe  1-77,text,true,,488,129,100,100,http://localhost:7000/randomRequest,719,0,1
1676157996893,996,HTTP Request,200,,Thread-Gruppe  1-54,text,true,,527,129,100,100,http://localhost:7000/randomRequest,996,0,0
1676157996689,1200,HTTP Request,200,,Thread-Gruppe  1-79,text,true,,495,129,100,100,http://localhost:7000/randomRequest,1200,0,1
1676157996481,1408,HTTP Request,200,,Thread-Gruppe  1-50,text,true,,536,129,100,100,http://localhost:7000/randomRequest,1408,0,1
1676157997476,413,HTTP Request,200,,Thread-Gruppe  1-5,text,true,,481,129,100,100,http://localhost:7000/randomRequest,413,0,0
1676157997271,618,HTTP Request,200,,Thread-Gruppe  1-96,text,true,,560,129,100,100,http://localhost:7000/randomRequest,618,0,0
1676157996983,924,HTTP Request,200,,Thread-Gruppe  1-72,text,true,,481,129,100,100,http://localhost:7000/randomRequest,924,0,0
1676157997231,683,HTTP Request,200,,Thread-Gruppe  1-74,text,true,,633,129,100,100,http://localhost:7000/randomRequest,683,0,0
1676157996920,1019,HTTP Request,200,,Thread-Gruppe  1-52,text,true,,492,129,100,100,http://localhost:7000/randomRequest,1019,0,0
1676157997324,615,HTTP Request,200,,Thread-Gruppe  1-75,text,true,,562,129,100,100,http://localhost:7000/randomRequest,615,0,0
1676157997256,717,HTTP Request,200,,Thread-Gruppe  1-8,text,true,,418,129,100,100,http://localhost:7000/randomRequest,717,0,1
1676157997162,820,HTTP Request,200,,Thread-Gruppe  1-53,text,true,,403,129,100,100,http://localhost:7000/randomRequest,820,0,0
1676157996998,1020,HTTP Request,200,,Thread-Gruppe  1-83,text,true,,555,129,100,100,http://localhost:7000/randomRequest,1020,0,0
1676157997102,919,HTTP Request,200,,Thread-Gruppe  1-55,text,true,,552,129,100,100,http://localhost:7000/randomRequest,919,0,0
1676157997014,1026,HTTP Request,200,,Thread-Gruppe  1-43,text,true,,492,129,100,100,http://localhost:7000/randomRequest,1026,0,0
1676157996957,1087,HTTP Request,200,,Thread-Gruppe  1-88,text,true,,481,129,100,100,http://localhost:7000/randomRequest,1087,0,0
1676157997455,611,HTTP Request,200,,Thread-Gruppe  1-67,text,true,,415,129,100,100,http://localhost:7000/randomRequest,611,0,0
1676157997890,310,HTTP Request,200,,Thread-Gruppe  1-50,text,true,,419,129,100,100,http://localhost:7000/randomRequest,310,0,0
1676157997562,638,HTTP Request,200,,Thread-Gruppe  1-64,text,true,,474,129,100,100,http://localhost:7000/randomRequest,638,0,1
1676157997684,516,HTTP Request,200,,Thread-Gruppe  1-30,text,true,,417,129,100,100,http://localhost:7000/randomRequest,516,0,0
1676157996957,1243,HTTP Request,200,,Thread-Gruppe  1-44,text,true,,537,129,100,100,http://localhost:7000/randomRequest,1243,0,0
1676157996921,1301,HTTP Request,200,,Thread-Gruppe  1-25,text,true,,643,129,100,100,http://localhost:7000/randomRequest,1301,0,0
1676157997810,412,HTTP Request,200,,Thread-Gruppe  1-76,text,true,,418,129,100,100,http://localhost:7000/randomRequest,412,0,1
1676157997529,719,HTTP Request,200,,Thread-Gruppe  1-23,text,true,,416,129,100,100,http://localhost:7000/randomRequest,719,0,0
1676157997118,1136,HTTP Request,200,,Thread-Gruppe  1-26,text,true,,492,129,100,100,http://localhost:7000/randomRequest,1136,0,1
1676157997834,420,HTTP Request,200,,Thread-Gruppe  1-20,text,true,,552,129,100,100,http://localhost:7000/randomRequest,420,0,1
1676157997753,515,HTTP Request,200,,Thread-Gruppe  1-21,text,true,,1201,129,100,100,http://localhost:7000/randomRequest,515,0,1
1676157997654,617,HTTP Request,200,,Thread-Gruppe  1-16,text,true,,418,129,100,100,http://localhost:7000/randomRequest,617,0,0
1676157997653,618,HTTP Request,200,,Thread-Gruppe  1-63,text,true,,419,129,100,100,http://localhost:7000/randomRequest,618,0,0
1676157997446,825,HTTP Request,200,,Thread-Gruppe  1-37,text,true,,418,129,100,100,http://localhost:7000/randomRequest,825,0,1
1676157997461,820,HTTP Request,200,,Thread-Gruppe  1-98,text,true,,485,129,100,100,http://localhost:7000/randomRequest,820,0,0
1676157997159,1134,HTTP Request,200,,Thread-Gruppe  1-24,text,true,,488,129,100,100,http://localhost:7000/randomRequest,1134,0,1
1676157997785,517,HTTP Request,200,,Thread-Gruppe  1-15,text,true,,557,129,100,100,http://localhost:7000/randomRequest,517,0,0
1676157997794,511,HTTP Request,200,,Thread-Gruppe  1-60,text,true,,419,129,100,100,http://localhost:7000/randomRequest,511,0,0
1676157997807,513,HTTP Request,200,,Thread-Gruppe  1-41,text,true,,418,129,100,100,http://localhost:7000/randomRequest,513,0,0
1676157996789,1533,HTTP Request,200,,Thread-Gruppe  1-39,text,true,,540,129,100,100,http://localhost:7000/randomRequest,1533,0,1
1676157997318,1024,HTTP Request,200,,Thread-Gruppe  1-22,text,true,,486,129,100,100,http://localhost:7000/randomRequest,1024,0,1
1676157998044,313,HTTP Request,200,,Thread-Gruppe  1-88,text,true,,562,129,100,100,http://localhost:7000/randomRequest,313,0,1
1676157997770,614,HTTP Request,200,,Thread-Gruppe  1-58,text,true,,418,129,100,100,http://localhost:7000/randomRequest,614,0,0
1676157997674,720,HTTP Request,200,,Thread-Gruppe  1-33,text,true,,492,129,100,100,http://localhost:7000/randomRequest,720,0,0
1676157997878,516,HTTP Request,200,,Thread-Gruppe  1-59,text,true,,418,129,100,100,http://localhost:7000/randomRequest,516,0,1
1676157997476,926,HTTP Request,200,,Thread-Gruppe  1-92,text,true,,492,129,100,100,http://localhost:7000/randomRequest,926,0,0
1676157997690,715,HTTP Request,200,,Thread-Gruppe  1-89,text,true,,488,129,100,100,http://localhost:7000/randomRequest,715,0,0
1676157997102,1303,HTTP Request,200,,Thread-Gruppe  1-12,text,true,,631,129,100,100,http://localhost:7000/randomRequest,1303,0,0
1676157996983,1449,HTTP Request,200,,Thread-Gruppe  1-42,text,true,,401,129,100,100,http://localhost:7000/randomRequest,1449,0,0
1676157997674,758,HTTP Request,200,,Thread-Gruppe  1-94,text,true,,686,129,100,100,http://localhost:7000/randomRequest,758,0,0
1676157997413,1029,HTTP Request,200,,Thread-Gruppe  1-56,text,true,,488,129,100,100,http://localhost:7000/randomRequest,1029,0,0
1676157997134,1321,HTTP Request,200,,Thread-Gruppe  1-13,text,true,,647,129,100,100,http://localhost:7000/randomRequest,1321,0,1
1676157997940,515,HTTP Request,200,,Thread-Gruppe  1-75,text,true,,417,129,100,100,http://localhost:7000/randomRequest,515,0,0
1676157997634,828,HTTP Request,200,,Thread-Gruppe  1-2,text,true,,553,129,100,100,http://localhost:7000/randomRequest,828,0,0
1676157997742,720,HTTP Request,200,,Thread-Gruppe  1-7,text,true,,419,129,100,100,http://localhost:7000/randomRequest,720,0,0
1676157997840,622,HTTP Request,200,,Thread-Gruppe  1-6,text,true,,554,129,100,100,http://localhost:7000/randomRequest,622,0,0
1676157997742,720,HTTP Request,200,,Thread-Gruppe  1-95,text,true,,488,129,100,100,http://localhost:7000/randomRequest,720,0,0
1676157997840,622,HTTP Request,200,,Thread-Gruppe  1-51,text,true,,564,129,100,100,http://localhost:7000/randomRequest,622,0,0
1676157997650,825,HTTP Request,200,,Thread-Gruppe  1-27,text,true,,564,129,100,100,http://localhost:7000/randomRequest,825,0,1
1676157997759,716,HTTP Request,200,,Thread-Gruppe  1-91,text,true,,490,129,100,100,http://localhost:7000/randomRequest,716,0,1
1676157997134,1341,HTTP Request,200,,Thread-Gruppe  1-69,text,true,,403,129,100,100,http://localhost:7000/randomRequest,1341,0,1
1676157997634,841,HTTP Request,200,,Thread-Gruppe  1-35,text,true,,691,129,100,100,http://localhost:7000/randomRequest,841,0,0
1676157997452,1023,HTTP Request,200,,Thread-Gruppe  1-97,text,true,,492,129,100,100,http://localhost:7000/randomRequest,1023,0,0
1676157997662,823,HTTP Request,200,,Thread-Gruppe  1-31,text,true,,559,129,100,100,http://localhost:7000/randomRequest,823,0,1
1676157997778,717,HTTP Request,200,,Thread-Gruppe  1-14,text,true,,419,129,100,100,http://localhost:7000/randomRequest,717,0,1
1676157997590,917,HTTP Request,200,,Thread-Gruppe  1-93,text,true,,417,129,100,100,http://localhost:7000/randomRequest,917,0,0
1676157997794,713,HTTP Request,200,,Thread-Gruppe  1-40,text,true,,559,129,100,100,http://localhost:7000/randomRequest,713,0,0
1676157997890,636,HTTP Request,200,,Thread-Gruppe  1-79,text,true,,687,129,100,100,http://localhost:7000/randomRequest,636,0,0
1676157997196,1332,HTTP Request,200,,Thread-Gruppe  1-62,text,true,,492,129,100,100,http://localhost:7000/randomRequest,1332,0,0
1676157997914,614,HTTP Request,200,,Thread-Gruppe  1-74,text,true,,403,129,100,100,http://localhost:7000/randomRequest,614,0,1
1676157997506,1022,HTTP Request,200,,Thread-Gruppe  1-57,text,true,,715,129,100,100,http://localhost:7000/randomRequest,1022,0,1
1676157997017,1511,HTTP Request,200,,Thread-Gruppe  1-28,text,true,,536,129,100,100,http://localhost:7000/randomRequest,1511,0,0
1676157998021,520,HTTP Request,200,,Thread-Gruppe  1-55,text,true,,419,129,100,100,http://localhost:7000/randomRequest,520,0,0
1676157997628,931,HTTP Request,200,,Thread-Gruppe  1-70,text,true,,564,129,100,100,http://localhost:7000/randomRequest,931,0,0
1676157997324,1238,HTTP Request,200,,Thread-Gruppe  1-1,text,true,,481,129,100,100,http://localhost:7000/randomRequest,1238,0,0
1676157997634,928,HTTP Request,200,,Thread-Gruppe  1-82,text,true,,564,129,100,100,http://localhost:7000/randomRequest,928,0,0
1676157997553,1022,HTTP Request,200,,Thread-Gruppe  1-10,text,true,,403,129,100,100,http://localhost:7000/randomRequest,1022,0,0
1676157997870,719,HTTP Request,200,,Thread-Gruppe  1-17,text,true,,485,129,100,100,http://localhost:7000/randomRequest,719,0,1
1676157997878,718,HTTP Request,200,,Thread-Gruppe  1-77,text,true,,577,129,100,100,http://localhost:7000/randomRequest,718,0,1
1676157997180,1416,HTTP Request,200,,Thread-Gruppe  1-100,text,true,,541,129,100,100,http://localhost:7000/randomRequest,1416,0,1
1676157997734,899,HTTP Request,200,,Thread-Gruppe  1-87,text,true,,481,129,100,100,http://localhost:7000/randomRequest,899,0,0
1676157998041,621,HTTP Request,200,,Thread-Gruppe  1-43,text,true,,551,129,100,100,http://localhost:7000/randomRequest,621,0,0
1676157997740,926,HTTP Request,200,,Thread-Gruppe  1-61,text,true,,492,129,100,100,http://localhost:7000/randomRequest,926,0,0
1676157997653,1026,HTTP Request,200,,Thread-Gruppe  1-32,text,true,,492,129,100,100,http://localhost:7000/randomRequest,1026,0,0
1676157998018,728,HTTP Request,200,,Thread-Gruppe  1-83,text,true,,492,129,100,100,http://localhost:7000/randomRequest,728,0,1
1676157998254,514,HTTP Request,200,,Thread-Gruppe  1-26,text,true,,567,129,100,100,http://localhost:7000/randomRequest,514,0,0
1676157997634,1134,HTTP Request,200,,Thread-Gruppe  1-48,text,true,,482,129,100,100,http://localhost:7000/randomRequest,1134,0,0
1676157998271,509,HTTP Request,200,,Thread-Gruppe  1-37,text,true,,481,129,100,100,http://localhost:7000/randomRequest,509,0,1
1676157998384,413,HTTP Request,200,,Thread-Gruppe  1-58,text,true,,416,129,100,100,http://localhost:7000/randomRequest,413,0,0
1676157997878,924,HTTP Request,200,,Thread-Gruppe  1-71,text,true,,419,129,100,100,http://localhost:7000/randomRequest,924,0,1
1676157998293,515,HTTP Request,200,,Thread-Gruppe  1-24,text,true,,566,129,100,100,http://localhost:7000/randomRequest,515,0,0
1676157997785,1023,HTTP Request,200,,Thread-Gruppe  1-3,text,true,,485,129,100,100,http://localhost:7000/randomRequest,1023,0,0
1676157997684,1124,HTTP Request,200,,Thread-Gruppe  1-18,text,true,,492,129,100,100,http://localhost:7000/randomRequest,1124,0,0
1676157998222,617,HTTP Request,200,,Thread-Gruppe  1-76,text,true,,545,129,100,100,http://localhost:7000/randomRequest,617,0,0
1676157998222,617,HTTP Request,200,,Thread-Gruppe  1-25,text,true,,552,129,100,100,http://localhost:7000/randomRequest,617,0,0
1676157998443,409,HTTP Request,200,,Thread-Gruppe  1-56,text,true,,414,129,100,100,http://localhost:7000/randomRequest,409,0,0
1676157998342,510,HTTP Request,200,,Thread-Gruppe  1-22,text,true,,418,129,100,100,http://localhost:7000/randomRequest,510,0,0
1676157997555,1297,HTTP Request,200,,Thread-Gruppe  1-9,text,true,,641,129,100,100,http://localhost:7000/randomRequest,1297,0,0
1676157997939,931,HTTP Request,200,,Thread-Gruppe  1-52,text,true,,416,129,100,100,http://localhost:7000/randomRequest,931,0,1
1676157998254,616,HTTP Request,200,,Thread-Gruppe  1-20,text,true,,490,129,100,100,http://localhost:7000/randomRequest,616,0,0
1676157998357,513,HTTP Request,200,,Thread-Gruppe  1-88,text,true,,419,129,100,100,http://localhost:7000/randomRequest,513,0,1
1676157997733,1137,HTTP Request,200,,Thread-Gruppe  1-65,text,true,,367,129,100,100,http://localhost:7000/randomRequest,1137,0,0
1676157998269,616,HTTP Request,200,,Thread-Gruppe  1-21,text,true,,419,129,100,100,http://localhost:7000/randomRequest,616,0,0
1676157997973,922,HTTP Request,200,,Thread-Gruppe  1-8,text,true,,561,129,100,100,http://localhost:7000/randomRequest,922,0,0
1676157998302,610,HTTP Request,200,,Thread-Gruppe  1-15,text,true,,417,129,100,100,http://localhost:7000/randomRequest,610,0,0
1676157997890,1022,HTTP Request,200,,Thread-Gruppe  1-54,text,true,,488,129,100,100,http://localhost:7000/randomRequest,1022,0,0
1676157998394,518,HTTP Request,200,,Thread-Gruppe  1-59,text,true,,542,129,100,100,http://localhost:7000/randomRequest,518,0,0
1676157998405,513,HTTP Request,200,,Thread-Gruppe  1-89,text,true,,419,129,100,100,http://localhost:7000/randomRequest,513,0,0
1676157997907,1028,HTTP Request,200,,Thread-Gruppe  1-72,text,true,,492,129,100,100,http://localhost:7000/randomRequest,1028,0,0
1676157998248,723,HTTP Request,200,,Thread-Gruppe  1-23,text,true,,558,129,100,100,http://localhost:7000/randomRequest,723,0,0
1676157997982,989,HTTP Request,200,,Thread-Gruppe  1-53,text,true,,541,129,100,100,http://localhost:7000/randomRequest,989,0,0
1676157998271,718,HTTP Request,200,,Thread-Gruppe  1-63,text,true,,419,129,100,100,http://localhost:7000/randomRequest,718,0,1
1676157997794,1197,HTTP Request,200,,Thread-Gruppe  1-47,text,true,,537,129,100,100,http://localhost:7000/randomRequest,1197,0,0
1676157998200,812,HTTP Request,200,,Thread-Gruppe  1-30,text,true,,1711,129,100,100,http://localhost:7000/randomRequest,812,0,0
1676157997890,1126,HTTP Request,200,,Thread-Gruppe  1-5,text,true,,492,129,100,100,http://localhost:7000/randomRequest,1126,0,0
1676157998402,618,HTTP Request,200,,Thread-Gruppe  1-92,text,true,,485,129,100,100,http://localhost:7000/randomRequest,618,0,1
1676157998320,722,HTTP Request,200,,Thread-Gruppe  1-41,text,true,,403,129,100,100,http://localhost:7000/randomRequest,722,0,0
1676157998305,737,HTTP Request,200,,Thread-Gruppe  1-60,text,true,,474,129,100,100,http://localhost:7000/randomRequest,737,0,0
1676157998528,533,HTTP Request,200,,Thread-Gruppe  1-57,text,true,,417,129,100,100,http://localhost:7000/randomRequest,533,0,0
1676157997834,1237,HTTP Request,200,,Thread-Gruppe  1-99,text,true,,485,129,100,100,http://localhost:7000/randomRequest,1237,0,0
1676157998271,820,HTTP Request,200,,Thread-Gruppe  1-16,text,true,,490,129,100,100,http://localhost:7000/randomRequest,820,0,1
1676157998475,616,HTTP Request,200,,Thread-Gruppe  1-27,text,true,,419,129,100,100,http://localhost:7000/randomRequest,616,0,0
1676157998281,823,HTTP Request,200,,Thread-Gruppe  1-98,text,true,,403,129,100,100,http://localhost:7000/randomRequest,823,0,1
1676157998066,1042,HTTP Request,200,,Thread-Gruppe  1-67,text,true,,561,129,100,100,http://localhost:7000/randomRequest,1042,0,1
1676157998200,918,HTTP Request,200,,Thread-Gruppe  1-50,text,true,,537,129,100,100,http://localhost:7000/randomRequest,918,0,0
1676157998322,819,HTTP Request,200,,Thread-Gruppe  1-39,text,true,,418,129,100,100,http://localhost:7000/randomRequest,819,0,0
1676157998526,615,HTTP Request,200,,Thread-Gruppe  1-79,text,true,,561,129,100,100,http://localhost:7000/randomRequest,615,0,0
1676157998432,722,HTTP Request,200,,Thread-Gruppe  1-42,text,true,,488,129,100,100,http://localhost:7000/randomRequest,722,0,1
1676157998432,723,HTTP Request,200,,Thread-Gruppe  1-94,text,true,,488,129,100,100,http://localhost:7000/randomRequest,723,0,1
1676157998462,710,HTTP Request,200,,Thread-Gruppe  1-6,text,true,,403,129,100,100,http://localhost:7000/randomRequest,710,0,1
1676157998769,414,HTTP Request,200,,Thread-Gruppe  1-48,text,true,,488,129,100,100,http://localhost:7000/randomRequest,414,0,0
1676157997890,1306,HTTP Request,200,,Thread-Gruppe  1-96,text,true,,481,129,100,100,http://localhost:7000/randomRequest,1306,0,0
1676157998475,721,HTTP Request,200,,Thread-Gruppe  1-91,text,true,,562,129,100,100,http://localhost:7000/randomRequest,721,0,0
1676157998495,716,HTTP Request,200,,Thread-Gruppe  1-14,text,true,,417,129,100,100,http://localhost:7000/randomRequest,716,0,0
1676157998528,718,HTTP Request,200,,Thread-Gruppe  1-28,text,true,,492,129,100,100,http://localhost:7000/randomRequest,718,0,0
1676157998840,406,HTTP Request,200,,Thread-Gruppe  1-76,text,true,,419,129,100,100,http://localhost:7000/randomRequest,406,0,0
1676157998746,520,HTTP Request,200,,Thread-Gruppe  1-83,text,true,,418,129,100,100,http://localhost:7000/randomRequest,520,0,1
1676157998462,814,HTTP Request,200,,Thread-Gruppe  1-95,text,true,,482,129,100,100,http://localhost:7000/randomRequest,814,0,1
1676157998462,814,HTTP Request,200,,Thread-Gruppe  1-7,text,true,,402,129,100,100,http://localhost:7000/randomRequest,814,0,1
1676157998462,814,HTTP Request,200,,Thread-Gruppe  1-2,text,true,,492,129,100,100,http://localhost:7000/randomRequest,814,0,1
1676157998455,821,HTTP Request,200,,Thread-Gruppe  1-13,text,true,,485,129,100,100,http://localhost:7000/randomRequest,821,0,0
1676157998562,714,HTTP Request,200,,Thread-Gruppe  1-1,text,true,,492,129,100,100,http://localhost:7000/randomRequest,714,0,1
1676157998200,1093,HTTP Request,200,,Thread-Gruppe  1-44,text,true,,647,129,100,100,http://localhost:7000/randomRequest,1093,0,0
1676157998780,516,HTTP Request,200,,Thread-Gruppe  1-37,text,true,,403,129,100,100,http://localhost:7000/randomRequest,516,0,1
1676157998475,821,HTTP Request,200,,Thread-Gruppe  1-97,text,true,,416,129,100,100,http://localhost:7000/randomRequest,821,0,0
1676157998475,821,HTTP Request,200,,Thread-Gruppe  1-69,text,true,,492,129,100,100,http://localhost:7000/randomRequest,821,0,0
1676157998485,823,HTTP Request,200,,Thread-Gruppe  1-31,text,true,,488,129,100,100,http://localhost:7000/randomRequest,823,0,0
1676157998394,925,HTTP Request,200,,Thread-Gruppe  1-33,text,true,,488,129,100,100,http://localhost:7000/randomRequest,925,0,0
1676157998507,823,HTTP Request,200,,Thread-Gruppe  1-93,text,true,,403,129,100,100,http://localhost:7000/randomRequest,823,0,1
1676157998528,821,HTTP Request,200,,Thread-Gruppe  1-74,text,true,,566,129,100,100,http://localhost:7000/randomRequest,821,0,0
1676157998528,821,HTTP Request,200,,Thread-Gruppe  1-62,text,true,,490,129,100,100,http://localhost:7000/randomRequest,821,0,0
1676157998662,719,HTTP Request,200,,Thread-Gruppe  1-43,text,true,,488,129,100,100,http://localhost:7000/randomRequest,719,0,1
1676157998562,839,HTTP Request,200,,Thread-Gruppe  1-82,text,true,,417,129,100,100,http://localhost:7000/randomRequest,839,0,1
1676157998797,619,HTTP Request,200,,Thread-Gruppe  1-58,text,true,,489,129,100,100,http://localhost:7000/randomRequest,619,0,0
1676157998596,823,HTTP Request,200,,Thread-Gruppe  1-77,text,true,,492,129,100,100,http://localhost:7000/randomRequest,823,0,1
1676157998405,1014,HTTP Request,200,,Thread-Gruppe  1-12,text,true,,402,129,100,100,http://localhost:7000/randomRequest,1014,0,0
1676157998679,790,HTTP Request,200,,Thread-Gruppe  1-32,text,true,,481,129,100,100,http://localhost:7000/randomRequest,790,0,0
1676157998852,617,HTTP Request,200,,Thread-Gruppe  1-56,text,true,,419,129,100,100,http://localhost:7000/randomRequest,617,0,0
1676157998769,722,HTTP Request,200,,Thread-Gruppe  1-26,text,true,,487,129,100,100,http://localhost:7000/randomRequest,722,0,0
1676157998870,621,HTTP Request,200,,Thread-Gruppe  1-20,text,true,,418,129,100,100,http://localhost:7000/randomRequest,621,0,1
1676157998808,694,HTTP Request,200,,Thread-Gruppe  1-3,text,true,,626,129,100,100,http://localhost:7000/randomRequest,694,0,1
1676157998808,711,HTTP Request,200,,Thread-Gruppe  1-18,text,true,,485,129,100,100,http://localhost:7000/randomRequest,711,0,1
1676157999013,506,HTTP Request,200,,Thread-Gruppe  1-30,text,true,,419,129,100,100,http://localhost:7000/randomRequest,506,0,0
1676157998802,717,HTTP Request,200,,Thread-Gruppe  1-71,text,true,,547,129,100,100,http://localhost:7000/randomRequest,717,0,0
1676157998808,722,HTTP Request,200,,Thread-Gruppe  1-24,text,true,,492,129,100,100,http://localhost:7000/randomRequest,722,0,1
1676157998852,717,HTTP Request,200,,Thread-Gruppe  1-9,text,true,,554,129,100,100,http://localhost:7000/randomRequest,717,0,0
1676157998870,725,HTTP Request,200,,Thread-Gruppe  1-88,text,true,,486,129,100,100,http://localhost:7000/randomRequest,725,0,1
1676157998575,1030,HTTP Request,200,,Thread-Gruppe  1-10,text,true,,485,129,100,100,http://localhost:7000/randomRequest,1030,0,0
1676157998475,1130,HTTP Request,200,,Thread-Gruppe  1-35,text,true,,403,129,100,100,http://localhost:7000/randomRequest,1130,0,0
1676157999104,515,HTTP Request,200,,Thread-Gruppe  1-98,text,true,,419,129,100,100,http://localhost:7000/randomRequest,515,0,0
1676157999016,603,HTTP Request,200,,Thread-Gruppe  1-5,text,true,,561,129,100,100,http://localhost:7000/randomRequest,603,0,0
1676157999141,514,HTTP Request,200,,Thread-Gruppe  1-39,text,true,,419,129,100,100,http://localhost:7000/randomRequest,514,0,1
1676157998462,1219,HTTP Request,200,,Thread-Gruppe  1-51,text,true,,643,129,100,100,http://localhost:7000/randomRequest,1219,0,1
1676157998971,713,HTTP Request,200,,Thread-Gruppe  1-53,text,true,,485,129,100,100,http://localhost:7000/randomRequest,713,0,0
1676157998589,1095,HTTP Request,200,,Thread-Gruppe  1-17,text,true,,645,129,100,100,http://localhost:7000/randomRequest,1095,0,1
1676157999276,413,HTTP Request,200,,Thread-Gruppe  1-95,text,true,,548,129,100,100,http://localhost:7000/randomRequest,413,0,0
1676157999276,418,HTTP Request,200,,Thread-Gruppe  1-13,text,true,,492,129,100,100,http://localhost:7000/randomRequest,418,0,0
1676157999196,517,HTTP Request,200,,Thread-Gruppe  1-96,text,true,,419,129,100,100,http://localhost:7000/randomRequest,517,0,0
1676157999108,612,HTTP Request,200,,Thread-Gruppe  1-67,text,true,,488,129,100,100,http://localhost:7000/randomRequest,612,0,0
1676157998541,1189,HTTP Request,200,,Thread-Gruppe  1-55,text,true,,541,129,100,100,http://localhost:7000/randomRequest,1189,0,0
1676157998935,820,HTTP Request,200,,Thread-Gruppe  1-72,text,true,,403,129,100,100,http://localhost:7000/randomRequest,820,0,0
1676157998840,919,HTTP Request,200,,Thread-Gruppe  1-25,text,true,,528,129,100,100,http://localhost:7000/randomRequest,919,0,0
1676157999349,410,HTTP Request,200,,Thread-Gruppe  1-62,text,true,,555,129,100,100,http://localhost:7000/randomRequest,410,0,1
1676157998455,1319,HTTP Request,200,,Thread-Gruppe  1-75,text,true,,537,129,100,100,http://localhost:7000/randomRequest,1319,0,0
1676157999071,718,HTTP Request,200,,Thread-Gruppe  1-99,text,true,,492,129,100,100,http://localhost:7000/randomRequest,718,0,1
1676157998666,1123,HTTP Request,200,,Thread-Gruppe  1-61,text,true,,492,129,100,100,http://localhost:7000/randomRequest,1123,0,0
1676157999276,516,HTTP Request,200,,Thread-Gruppe  1-7,text,true,,492,129,100,100,http://localhost:7000/randomRequest,516,0,0
1676157999183,613,HTTP Request,200,,Thread-Gruppe  1-48,text,true,,554,129,100,100,http://localhost:7000/randomRequest,613,0,0
1676157998596,1200,HTTP Request,200,,Thread-Gruppe  1-100,text,true,,537,129,100,100,http://localhost:7000/randomRequest,1200,0,1
1676157998870,932,HTTP Request,200,,Thread-Gruppe  1-52,text,true,,485,129,100,100,http://localhost:7000/randomRequest,932,0,1
1676157999092,713,HTTP Request,200,,Thread-Gruppe  1-16,text,true,,489,129,100,100,http://localhost:7000/randomRequest,713,0,0
1676157999196,621,HTTP Request,200,,Thread-Gruppe  1-91,text,true,,560,129,100,100,http://localhost:7000/randomRequest,621,0,0
1676157999308,539,HTTP Request,200,,Thread-Gruppe  1-31,text,true,,687,129,100,100,http://localhost:7000/randomRequest,539,0,1
1676157999042,818,HTTP Request,200,,Thread-Gruppe  1-60,text,true,,403,129,100,100,http://localhost:7000/randomRequest,818,0,0
1676157998870,993,HTTP Request,200,,Thread-Gruppe  1-65,text,true,,630,129,100,100,http://localhost:7000/randomRequest,993,0,1
1676157999246,622,HTTP Request,200,,Thread-Gruppe  1-76,text,true,,536,129,100,100,http://localhost:7000/randomRequest,622,0,1
1676157999154,721,HTTP Request,200,,Thread-Gruppe  1-42,text,true,,403,129,100,100,http://localhost:7000/randomRequest,721,0,0
1676157998852,1023,HTTP Request,200,,Thread-Gruppe  1-22,text,true,,492,129,100,100,http://localhost:7000/randomRequest,1023,0,0
1676157969834,30056,HTTP Request,500,,Thread-Gruppe  1-46,text,false,,258,129,100,100,http://localhost:7000/randomRequest,30056,0,0
1676157999276,623,HTTP Request,200,,Thread-Gruppe  1-1,text,true,,559,129,100,100,http://localhost:7000/randomRequest,623,0,0
1676157999276,623,HTTP Request,200,,Thread-Gruppe  1-2,text,true,,418,129,100,100,http://localhost:7000/randomRequest,623,0,0
1676157999296,611,HTTP Request,200,,Thread-Gruppe  1-97,text,true,,416,129,100,100,http://localhost:7000/randomRequest,611,0,1
1676157998989,918,HTTP Request,200,,Thread-Gruppe  1-63,text,true,,419,129,100,100,http://localhost:7000/randomRequest,918,0,1
1676157999381,537,HTTP Request,200,,Thread-Gruppe  1-43,text,true,,670,129,100,100,http://localhost:7000/randomRequest,537,0,0
1676157999619,302,HTTP Request,200,,Thread-Gruppe  1-98,text,true,,418,129,100,100,http://localhost:7000/randomRequest,302,0,1
1676157999246,715,HTTP Request,200,,Thread-Gruppe  1-28,text,true,,416,129,100,100,http://localhost:7000/randomRequest,715,0,1
1676157998200,1761,HTTP Request,200,,Thread-Gruppe  1-64,text,true,,557,129,100,100,http://localhost:7000/randomRequest,1761,0,0
1676157999155,806,HTTP Request,200,,Thread-Gruppe  1-94,text,true,,481,129,100,100,http://localhost:7000/randomRequest,806,0,1
1676157999569,411,HTTP Request,200,,Thread-Gruppe  1-9,text,true,,553,129,100,100,http://localhost:7000/randomRequest,411,0,0
1676157998991,1001,HTTP Request,200,,Thread-Gruppe  1-47,text,true,,541,129,100,100,http://localhost:7000/randomRequest,1001,0,0
1676157998971,1021,HTTP Request,200,,Thread-Gruppe  1-23,text,true,,564,129,100,100,http://localhost:7000/randomRequest,1021,0,0
1676157999173,829,HTTP Request,200,,Thread-Gruppe  1-6,text,true,,553,129,100,100,http://localhost:7000/randomRequest,829,0,0
1676157999402,611,HTTP Request,200,,Thread-Gruppe  1-82,text,true,,485,129,100,100,http://localhost:7000/randomRequest,611,0,0
1676157998633,1391,HTTP Request,200,,Thread-Gruppe  1-87,text,true,,537,129,100,100,http://localhost:7000/randomRequest,1391,0,0
1676157999519,507,HTTP Request,200,,Thread-Gruppe  1-30,text,true,,419,129,100,100,http://localhost:7000/randomRequest,506,0,1
1676157998912,1114,HTTP Request,200,,Thread-Gruppe  1-15,text,true,,647,129,100,100,http://localhost:7000/randomRequest,1113,0,0
1676157999349,727,HTTP Request,200,,Thread-Gruppe  1-74,text,true,,419,129,100,100,http://localhost:7000/randomRequest,727,0,1
1676157998885,1191,HTTP Request,200,,Thread-Gruppe  1-21,text,true,,537,129,100,100,http://localhost:7000/randomRequest,1191,0,0
1676157998559,1517,HTTP Request,200,,Thread-Gruppe  1-70,text,true,,537,129,100,100,http://localhost:7000/randomRequest,1517,0,0
1676157999469,637,HTTP Request,200,,Thread-Gruppe  1-32,text,true,,681,129,100,100,http://localhost:7000/randomRequest,637,0,0
1676157999020,1086,HTTP Request,200,,Thread-Gruppe  1-92,text,true,,647,129,100,100,http://localhost:7000/randomRequest,1086,0,1
1676157999061,1045,HTTP Request,200,,Thread-Gruppe  1-57,text,true,,556,129,100,100,http://localhost:7000/randomRequest,1045,0,0
1676157999293,813,HTTP Request,200,,Thread-Gruppe  1-44,text,true,,566,129,100,100,http://localhost:7000/randomRequest,813,0,0
1676157999605,511,HTTP Request,200,,Thread-Gruppe  1-10,text,true,,492,129,100,100,http://localhost:7000/randomRequest,511,0,1
1676157999092,1024,HTTP Request,200,,Thread-Gruppe  1-27,text,true,,563,129,100,100,http://localhost:7000/randomRequest,1024,0,0
1676157998912,1212,HTTP Request,200,,Thread-Gruppe  1-59,text,true,,488,129,100,100,http://localhost:7000/randomRequest,1212,0,0
1676157999419,709,HTTP Request,200,,Thread-Gruppe  1-77,text,true,,647,129,100,100,http://localhost:7000/randomRequest,709,0,0
1676157999605,538,HTTP Request,200,,Thread-Gruppe  1-35,text,true,,417,129,100,100,http://localhost:7000/randomRequest,538,0,1
1676157998918,1235,HTTP Request,200,,Thread-Gruppe  1-89,text,true,,403,129,100,100,http://localhost:7000/randomRequest,1235,0,1
1676157999655,506,HTTP Request,200,,Thread-Gruppe  1-39,text,true,,492,129,100,100,http://localhost:7000/randomRequest,506,0,0
1676157999042,1138,HTTP Request,200,,Thread-Gruppe  1-41,text,true,,481,129,100,100,http://localhost:7000/randomRequest,1138,0,0
1676157999789,416,HTTP Request,200,,Thread-Gruppe  1-61,text,true,,553,129,100,100,http://localhost:7000/randomRequest,416,0,1
1676157999491,718,HTTP Request,200,,Thread-Gruppe  1-26,text,true,,551,129,100,100,http://localhost:7000/randomRequest,718,0,0
1676157998895,1314,HTTP Request,200,,Thread-Gruppe  1-8,text,true,,541,129,100,100,http://localhost:7000/randomRequest,1314,0,0
1676157998912,1321,HTTP Request,200,,Thread-Gruppe  1-54,text,true,,541,129,100,100,http://localhost:7000/randomRequest,1321,0,0
1676157999419,814,HTTP Request,200,,Thread-Gruppe  1-12,text,true,,481,129,100,100,http://localhost:7000/randomRequest,814,0,0
1676157999319,914,HTTP Request,200,,Thread-Gruppe  1-33,text,true,,419,129,100,100,http://localhost:7000/randomRequest,914,0,0
1676157999502,743,HTTP Request,200,,Thread-Gruppe  1-3,text,true,,677,129,100,100,http://localhost:7000/randomRequest,743,0,0
1676157998507,1742,HTTP Request,200,,Thread-Gruppe  1-40,text,true,,525,129,100,100,http://localhost:7000/randomRequest,1742,0,1
1676157999730,519,HTTP Request,200,,Thread-Gruppe  1-55,text,true,,566,129,100,100,http://localhost:7000/randomRequest,519,0,1
1676157999330,927,HTTP Request,200,,Thread-Gruppe  1-93,text,true,,557,129,100,100,http://localhost:7000/randomRequest,927,0,0
1676157999774,518,HTTP Request,200,,Thread-Gruppe  1-75,text,true,,415,129,100,100,http://localhost:7000/randomRequest,518,0,0
1676157999469,823,HTTP Request,200,,Thread-Gruppe  1-56,text,true,,492,129,100,100,http://localhost:7000/randomRequest,823,0,0
1676157999681,621,HTTP Request,200,,Thread-Gruppe  1-51,text,true,,419,129,100,100,http://localhost:7000/randomRequest,621,0,1
1676157999684,621,HTTP Request,200,,Thread-Gruppe  1-53,text,true,,485,129,100,100,http://localhost:7000/randomRequest,621,0,1
1676157999899,411,HTTP Request,200,,Thread-Gruppe  1-2,text,true,,419,129,100,100,http://localhost:7000/randomRequest,411,0,1
1676157999796,514,HTTP Request,200,,Thread-Gruppe  1-100,text,true,,418,129,100,100,http://localhost:7000/randomRequest,514,0,1
1676157999803,511,HTTP Request,200,,Thread-Gruppe  1-52,text,true,,419,129,100,100,http://localhost:7000/randomRequest,511,0,0
1676157999720,613,HTTP Request,200,,Thread-Gruppe  1-67,text,true,,492,129,100,100,http://localhost:7000/randomRequest,613,0,0
1676157999211,1148,HTTP Request,200,,Thread-Gruppe  1-14,text,true,,560,129,100,100,http://localhost:7000/randomRequest,1148,0,0
1676157999875,517,HTTP Request,200,,Thread-Gruppe  1-42,text,true,,561,129,100,100,http://localhost:7000/randomRequest,517,0,1
1676157999789,626,HTTP Request,200,,Thread-Gruppe  1-99,text,true,,485,129,100,100,http://localhost:7000/randomRequest,626,0,1
1676157999491,927,HTTP Request,200,,Thread-Gruppe  1-20,text,true,,492,129,100,100,http://localhost:7000/randomRequest,927,0,0
1676157999296,1131,HTTP Request,200,,Thread-Gruppe  1-69,text,true,,530,129,100,100,http://localhost:7000/randomRequest,1131,0,1
1676157999805,622,HTTP Request,200,,Thread-Gruppe  1-16,text,true,,492,129,100,100,http://localhost:7000/randomRequest,622,0,1
1676157999416,1011,HTTP Request,200,,Thread-Gruppe  1-58,text,true,,647,129,100,100,http://localhost:7000/randomRequest,1011,0,1
1676157970353,30076,HTTP Request,500,,Thread-Gruppe  1-86,text,false,,258,129,100,100,http://localhost:7000/randomRequest,30076,0,0
1676157999961,509,HTTP Request,200,,Thread-Gruppe  1-64,text,true,,492,129,100,100,http://localhost:7000/randomRequest,509,0,0
1676157999875,620,HTTP Request,200,,Thread-Gruppe  1-22,text,true,,558,129,100,100,http://localhost:7000/randomRequest,620,0,1
1676157999296,1218,HTTP Request,200,,Thread-Gruppe  1-37,text,true,,537,129,100,100,http://localhost:7000/randomRequest,1218,0,1
1676157999899,619,HTTP Request,200,,Thread-Gruppe  1-1,text,true,,563,129,100,100,http://localhost:7000/randomRequest,619,0,1
1676157999119,1400,HTTP Request,200,,Thread-Gruppe  1-50,text,true,,541,129,100,100,http://localhost:7000/randomRequest,1400,0,0
1676157999690,829,HTTP Request,200,,Thread-Gruppe  1-95,text,true,,492,129,100,100,http://localhost:7000/randomRequest,829,0,0
1676157999907,623,HTTP Request,200,,Thread-Gruppe  1-63,text,true,,492,129,100,100,http://localhost:7000/randomRequest,623,0,0
1676157999713,817,HTTP Request,200,,Thread-Gruppe  1-96,text,true,,418,129,100,100,http://localhost:7000/randomRequest,817,0,1
1676157999595,941,HTTP Request,200,,Thread-Gruppe  1-88,text,true,,679,129,100,100,http://localhost:7000/randomRequest,941,0,1
1676157999694,842,HTTP Request,200,,Thread-Gruppe  1-13,text,true,,417,129,100,100,http://localhost:7000/randomRequest,842,0,0
1676157999817,753,HTTP Request,200,,Thread-Gruppe  1-91,text,true,,415,129,100,100,http://localhost:7000/randomRequest,753,0,1
1676157999860,715,HTTP Request,200,,Thread-Gruppe  1-60,text,true,,558,129,100,100,http://localhost:7000/randomRequest,715,0,0
1676157999760,829,HTTP Request,200,,Thread-Gruppe  1-25,text,true,,485,129,100,100,http://localhost:7000/randomRequest,829,0,0
1676158000076,520,HTTP Request,200,,Thread-Gruppe  1-21,text,true,,418,129,100,100,http://localhost:7000/randomRequest,520,0,0
1676158000106,520,HTTP Request,200,,Thread-Gruppe  1-44,text,true,,492,129,100,100,http://localhost:7000/randomRequest,520,0,1
1676157999907,728,HTTP Request,200,,Thread-Gruppe  1-97,text,true,,417,129,100,100,http://localhost:7000/randomRequest,727,0,0
1676157999530,1129,HTTP Request,200,,Thread-Gruppe  1-24,text,true,,492,129,100,100,http://localhost:7000/randomRequest,1129,0,0
1676158000161,510,HTTP Request,200,,Thread-Gruppe  1-39,text,true,,419,129,100,100,http://localhost:7000/randomRequest,510,0,0
1676157999868,829,HTTP Request,200,,Thread-Gruppe  1-76,text,true,,492,129,100,100,http://localhost:7000/randomRequest,829,0,1
1676158000180,522,HTTP Request,200,,Thread-Gruppe  1-41,text,true,,556,129,100,100,http://localhost:7000/randomRequest,522,0,0
1676157999891,834,HTTP Request,200,,Thread-Gruppe  1-46,text,true,,492,129,100,100,http://localhost:7000/randomRequest,834,0,0
1676157999684,1041,HTTP Request,200,,Thread-Gruppe  1-17,text,true,,492,129,100,100,http://localhost:7000/randomRequest,1041,0,1
1676158000106,620,HTTP Request,200,,Thread-Gruppe  1-92,text,true,,554,129,100,100,http://localhost:7000/randomRequest,620,0,1
1676158000209,518,HTTP Request,200,,Thread-Gruppe  1-8,text,true,,418,129,100,100,http://localhost:7000/randomRequest,518,0,0
1676157999519,1221,HTTP Request,200,,Thread-Gruppe  1-18,text,true,,485,129,100,100,http://localhost:7000/randomRequest,1221,0,1
1676157999141,1599,HTTP Request,200,,Thread-Gruppe  1-79,text,true,,541,129,100,100,http://localhost:7000/randomRequest,1599,0,1
1676157999919,821,HTTP Request,200,,Thread-Gruppe  1-43,text,true,,549,129,100,100,http://localhost:7000/randomRequest,821,0,0
1676157999921,822,HTTP Request,200,,Thread-Gruppe  1-98,text,true,,556,129,100,100,http://localhost:7000/randomRequest,822,0,0
1676158000128,624,HTTP Request,200,,Thread-Gruppe  1-77,text,true,,417,129,100,100,http://localhost:7000/randomRequest,624,0,1
1676158000026,726,HTTP Request,200,,Thread-Gruppe  1-30,text,true,,492,129,100,100,http://localhost:7000/randomRequest,726,0,0
1676158000026,726,HTTP Request,200,,Thread-Gruppe  1-15,text,true,,419,129,100,100,http://localhost:7000/randomRequest,726,0,0
1676157999755,1016,HTTP Request,200,,Thread-Gruppe  1-72,text,true,,492,129,100,100,http://localhost:7000/randomRequest,1016,0,0
1676158000076,722,HTTP Request,200,,Thread-Gruppe  1-74,text,true,,419,129,100,100,http://localhost:7000/randomRequest,722,0,0
1676157999792,1013,HTTP Request,200,,Thread-Gruppe  1-7,text,true,,633,129,100,100,http://localhost:7000/randomRequest,1013,0,0
1676157999992,834,HTTP Request,200,,Thread-Gruppe  1-47,text,true,,559,129,100,100,http://localhost:7000/randomRequest,834,0,1
1676158000106,724,HTTP Request,200,,Thread-Gruppe  1-32,text,true,,488,129,100,100,http://localhost:7000/randomRequest,724,0,1
1676158000106,724,HTTP Request,200,,Thread-Gruppe  1-57,text,true,,555,129,100,100,http://localhost:7000/randomRequest,724,0,1
1676157999619,1211,HTTP Request,200,,Thread-Gruppe  1-5,text,true,,539,129,100,100,http://localhost:7000/randomRequest,1211,0,1
1676158000414,415,HTTP Request,200,,Thread-Gruppe  1-99,text,true,,558,129,100,100,http://localhost:7000/randomRequest,415,0,2
1676158000209,623,HTTP Request,200,,Thread-Gruppe  1-26,text,true,,416,129,100,100,http://localhost:7000/randomRequest,623,0,0
1676158000313,529,HTTP Request,200,,Thread-Gruppe  1-52,text,true,,419,129,100,100,http://localhost:7000/randomRequest,529,0,1
1676158000116,727,HTTP Request,200,,Thread-Gruppe  1-27,text,true,,565,129,100,100,http://localhost:7000/randomRequest,727,0,1
1676158000429,414,HTTP Request,200,,Thread-Gruppe  1-86,text,true,,416,129,100,100,http://localhost:7000/randomRequest,414,0,1
1676157999519,1325,HTTP Request,200,,Thread-Gruppe  1-71,text,true,,485,129,100,100,http://localhost:7000/randomRequest,1325,0,1
1676158000232,620,HTTP Request,200,,Thread-Gruppe  1-33,text,true,,416,129,100,100,http://localhost:7000/randomRequest,620,0,0
1676158000248,615,HTTP Request,200,,Thread-Gruppe  1-40,text,true,,567,129,100,100,http://localhost:7000/randomRequest,615,0,1
1676158000248,615,HTTP Request,200,,Thread-Gruppe  1-55,text,true,,419,129,100,100,http://localhost:7000/randomRequest,615,0,1
1676158000256,617,HTTP Request,200,,Thread-Gruppe  1-93,text,true,,419,129,100,100,http://localhost:7000/randomRequest,617,0,1
1676158000358,515,HTTP Request,200,,Thread-Gruppe  1-14,text,true,,419,129,100,100,http://localhost:7000/randomRequest,515,0,1
1676157999847,1055,HTTP Request,200,,Thread-Gruppe  1-31,text,true,,491,129,100,100,http://localhost:7000/randomRequest,1055,0,0
1676157999760,1142,HTTP Request,200,,Thread-Gruppe  1-62,text,true,,492,129,100,100,http://localhost:7000/randomRequest,1142,0,0
1676157999863,1039,HTTP Request,200,,Thread-Gruppe  1-65,text,true,,403,129,100,100,http://localhost:7000/randomRequest,1039,0,0
1676158000205,725,HTTP Request,200,,Thread-Gruppe  1-61,text,true,,554,129,100,100,http://localhost:7000/randomRequest,725,0,0
1676158000417,515,HTTP Request,200,,Thread-Gruppe  1-20,text,true,,554,129,100,100,http://localhost:7000/randomRequest,515,0,1
1676157999980,959,HTTP Request,200,,Thread-Gruppe  1-9,text,true,,568,129,100,100,http://localhost:7000/randomRequest,959,0,1
1676158000232,711,HTTP Request,200,,Thread-Gruppe  1-54,text,true,,492,129,100,100,http://localhost:7000/randomRequest,711,0,0
1676158000143,817,HTTP Request,200,,Thread-Gruppe  1-35,text,true,,559,129,100,100,http://localhost:7000/randomRequest,817,0,0
1676158000426,533,HTTP Request,200,,Thread-Gruppe  1-69,text,true,,415,129,100,100,http://localhost:7000/randomRequest,533,0,0
1676158000076,894,HTTP Request,200,,Thread-Gruppe  1-70,text,true,,540,129,100,100,http://localhost:7000/randomRequest,894,0,0
1676158000153,821,HTTP Request,200,,Thread-Gruppe  1-89,text,true,,419,129,100,100,http://localhost:7000/randomRequest,821,0,0
1676158000595,410,HTTP Request,200,,Thread-Gruppe  1-21,text,true,,557,129,100,100,http://localhost:7000/randomRequest,410,0,0
1676158000003,1006,HTTP Request,200,,Thread-Gruppe  1-6,text,true,,541,129,100,100,http://localhost:7000/randomRequest,1006,0,0
1676158000309,725,HTTP Request,200,,Thread-Gruppe  1-2,text,true,,419,129,100,100,http://localhost:7000/randomRequest,725,0,1
1676158000232,804,HTTP Request,200,,Thread-Gruppe  1-12,text,true,,526,129,100,100,http://localhost:7000/randomRequest,804,0,0
1676158000332,712,HTTP Request,200,,Thread-Gruppe  1-67,text,true,,418,129,100,100,http://localhost:7000/randomRequest,712,0,0
1676158000751,307,HTTP Request,200,,Thread-Gruppe  1-30,text,true,,419,129,100,100,http://localhost:7000/randomRequest,307,0,0
1676158000391,726,HTTP Request,200,,Thread-Gruppe  1-42,text,true,,492,129,100,100,http://localhost:7000/randomRequest,726,0,1
1676158000291,826,HTTP Request,200,,Thread-Gruppe  1-75,text,true,,485,129,100,100,http://localhost:7000/randomRequest,826,0,1
1676157999961,1157,HTTP Request,200,,Thread-Gruppe  1-94,text,true,,574,129,100,100,http://localhost:7000/randomRequest,1157,0,0
1676157999796,1335,HTTP Request,200,,Thread-Gruppe  1-48,text,true,,633,129,100,100,http://localhost:7000/randomRequest,1335,0,1
1676158000517,622,HTTP Request,200,,Thread-Gruppe  1-1,text,true,,558,129,100,100,http://localhost:7000/randomRequest,622,0,1
1676158000739,409,HTTP Request,200,,Thread-Gruppe  1-18,text,true,,416,129,100,100,http://localhost:7000/randomRequest,409,0,0
1676158000013,1136,HTTP Request,200,,Thread-Gruppe  1-82,text,true,,481,129,100,100,http://localhost:7000/randomRequest,1136,0,0
1676158000751,407,HTTP Request,200,,Thread-Gruppe  1-77,text,true,,569,129,100,100,http://localhost:7000/randomRequest,407,0,0
1676158000470,713,HTTP Request,200,,Thread-Gruppe  1-64,text,true,,489,129,100,100,http://localhost:7000/randomRequest,713,0,0
1676158000494,721,HTTP Request,200,,Thread-Gruppe  1-22,text,true,,488,129,100,100,http://localhost:7000/randomRequest,721,0,0
1676158000291,927,HTTP Request,200,,Thread-Gruppe  1-56,text,true,,485,129,100,100,http://localhost:7000/randomRequest,927,0,1
1676158000304,928,HTTP Request,200,,Thread-Gruppe  1-53,text,true,,485,129,100,100,http://localhost:7000/randomRequest,928,0,0
1676158000426,824,HTTP Request,200,,Thread-Gruppe  1-16,text,true,,546,129,100,100,http://localhost:7000/randomRequest,824,0,1
1676158000634,616,HTTP Request,200,,Thread-Gruppe  1-97,text,true,,539,129,100,100,http://localhost:7000/randomRequest,616,0,0
1676158000426,826,HTTP Request,200,,Thread-Gruppe  1-58,text,true,,418,129,100,100,http://localhost:7000/randomRequest,826,0,1
1676158000751,508,HTTP Request,200,,Thread-Gruppe  1-15,text,true,,492,129,100,100,http://localhost:7000/randomRequest,508,0,0
1676158000244,1015,HTTP Request,200,,Thread-Gruppe  1-3,text,true,,419,129,100,100,http://localhost:7000/randomRequest,1015,0,1
1676158000804,541,HTTP Request,200,,Thread-Gruppe  1-7,text,true,,670,129,100,100,http://localhost:7000/randomRequest,541,0,0
1676158001034,311,HTTP Request,200,,Thread-Gruppe  1-2,text,true,,564,129,100,100,http://localhost:7000/randomRequest,311,0,1
1676158000518,827,HTTP Request,200,,Thread-Gruppe  1-50,text,true,,403,129,100,100,http://localhost:7000/randomRequest,827,0,0
1676158000739,614,HTTP Request,200,,Thread-Gruppe  1-79,text,true,,419,129,100,100,http://localhost:7000/randomRequest,614,0,0
1676158000530,826,HTTP Request,200,,Thread-Gruppe  1-63,text,true,,403,129,100,100,http://localhost:7000/randomRequest,826,0,0
1676158000843,514,HTTP Request,200,,Thread-Gruppe  1-86,text,true,,554,129,100,100,http://localhost:7000/randomRequest,514,0,0
1676158000742,615,HTTP Request,200,,Thread-Gruppe  1-98,text,true,,553,129,100,100,http://localhost:7000/randomRequest,615,0,0
1676158000863,508,HTTP Request,200,,Thread-Gruppe  1-55,text,true,,551,129,100,100,http://localhost:7000/randomRequest,508,0,0
1676158000535,841,HTTP Request,200,,Thread-Gruppe  1-13,text,true,,417,129,100,100,http://localhost:7000/randomRequest,841,0,0
1676158000770,638,HTTP Request,200,,Thread-Gruppe  1-72,text,true,,666,129,100,100,http://localhost:7000/randomRequest,638,0,1
1676158000696,717,HTTP Request,200,,Thread-Gruppe  1-76,text,true,,481,129,100,100,http://localhost:7000/randomRequest,717,0,0
1676158000902,511,HTTP Request,200,,Thread-Gruppe  1-65,text,true,,418,129,100,100,http://localhost:7000/randomRequest,511,0,0
1676158000569,844,HTTP Request,200,,Thread-Gruppe  1-91,text,true,,673,129,100,100,http://localhost:7000/randomRequest,844,0,1
1676157999992,1428,HTTP Request,200,,Thread-Gruppe  1-23,text,true,,537,129,100,100,http://localhost:7000/randomRequest,1428,0,1
1676158000116,1324,HTTP Request,200,,Thread-Gruppe  1-10,text,true,,527,129,100,100,http://localhost:7000/randomRequest,1323,0,1
1676158000625,824,HTTP Request,200,,Thread-Gruppe  1-44,text,true,,490,129,100,100,http://localhost:7000/randomRequest,824,0,0
1676158000829,620,HTTP Request,200,,Thread-Gruppe  1-32,text,true,,417,129,100,100,http://localhost:7000/randomRequest,620,0,0
1676158000535,919,HTTP Request,200,,Thread-Gruppe  1-88,text,true,,633,129,100,100,http://localhost:7000/randomRequest,919,0,0
1676158000309,1147,HTTP Request,200,,Thread-Gruppe  1-100,text,true,,492,129,100,100,http://localhost:7000/randomRequest,1147,0,1
1676158000825,632,HTTP Request,200,,Thread-Gruppe  1-47,text,true,,474,129,100,100,http://localhost:7000/randomRequest,632,0,0
1676158000842,646,HTTP Request,200,,Thread-Gruppe  1-27,text,true,,417,129,100,100,http://localhost:7000/randomRequest,646,0,0
1676158000873,615,HTTP Request,200,,Thread-Gruppe  1-14,text,true,,548,129,100,100,http://localhost:7000/randomRequest,615,0,0
1676158000863,625,HTTP Request,200,,Thread-Gruppe  1-40,text,true,,559,129,100,100,http://localhost:7000/randomRequest,625,0,0
1676157999961,1533,HTTP Request,200,,Thread-Gruppe  1-28,text,true,,492,129,100,100,http://localhost:7000/randomRequest,1533,0,0
1676158000727,790,HTTP Request,200,,Thread-Gruppe  1-8,text,true,,495,129,100,100,http://localhost:7000/randomRequest,790,0,1
1676158000902,615,HTTP Request,200,,Thread-Gruppe  1-31,text,true,,550,129,100,100,http://localhost:7000/randomRequest,615,0,0
1676158001117,415,HTTP Request,200,,Thread-Gruppe  1-75,text,true,,492,129,100,100,http://localhost:7000/randomRequest,415,0,1
1676158000724,829,HTTP Request,200,,Thread-Gruppe  1-46,text,true,,546,129,100,100,http://localhost:7000/randomRequest,829,0,0
1676158000829,724,HTTP Request,200,,Thread-Gruppe  1-5,text,true,,419,129,100,100,http://localhost:7000/randomRequest,724,0,0
1676158000125,1436,HTTP Request,200,,Thread-Gruppe  1-59,text,true,,492,129,100,100,http://localhost:7000/randomRequest,1436,0,0
1676158000024,1537,HTTP Request,200,,Thread-Gruppe  1-87,text,true,,527,129,100,100,http://localhost:7000/randomRequest,1537,0,0
1676158000959,616,HTTP Request,200,,Thread-Gruppe  1-35,text,true,,419,129,100,100,http://localhost:7000/randomRequest,616,0,0
1676158000959,616,HTTP Request,200,,Thread-Gruppe  1-69,text,true,,554,129,100,100,http://localhost:7000/randomRequest,616,0,0
1676158000658,919,HTTP Request,200,,Thread-Gruppe  1-24,text,true,,485,129,100,100,http://localhost:7000/randomRequest,919,0,0
1676158000969,612,HTTP Request,200,,Thread-Gruppe  1-70,text,true,,419,129,100,100,http://localhost:7000/randomRequest,612,0,0
1676158000670,912,HTTP Request,200,,Thread-Gruppe  1-39,text,true,,485,129,100,100,http://localhost:7000/randomRequest,912,0,1
1676158000873,709,HTTP Request,200,,Thread-Gruppe  1-93,text,true,,487,129,100,100,http://localhost:7000/randomRequest,709,0,0
1676158000574,1023,HTTP Request,200,,Thread-Gruppe  1-60,text,true,,540,129,100,100,http://localhost:7000/randomRequest,1023,0,1
1676158000589,1020,HTTP Request,200,,Thread-Gruppe  1-25,text,true,,569,129,100,100,http://localhost:7000/randomRequest,1020,0,0
1676158001005,615,HTTP Request,200,,Thread-Gruppe  1-21,text,true,,566,129,100,100,http://localhost:7000/randomRequest,615,0,0
1676158001218,413,HTTP Request,200,,Thread-Gruppe  1-56,text,true,,419,129,100,100,http://localhost:7000/randomRequest,413,0,0
1676158000701,930,HTTP Request,200,,Thread-Gruppe  1-41,text,true,,416,129,100,100,http://localhost:7000/randomRequest,930,0,1
1676158001117,518,HTTP Request,200,,Thread-Gruppe  1-94,text,true,,419,129,100,100,http://localhost:7000/randomRequest,518,0,1
1676158000530,1116,HTTP Request,200,,Thread-Gruppe  1-96,text,true,,537,129,100,100,http://localhost:7000/randomRequest,1116,0,0
1676158001130,518,HTTP Request,200,,Thread-Gruppe  1-48,text,true,,416,129,100,100,http://localhost:7000/randomRequest,518,0,1
1676158001139,515,HTTP Request,200,,Thread-Gruppe  1-1,text,true,,416,129,100,100,http://localhost:7000/randomRequest,515,0,0
1676158000724,930,HTTP Request,200,,Thread-Gruppe  1-17,text,true,,555,129,100,100,http://localhost:7000/randomRequest,930,0,0
1676158000518,1136,HTTP Request,200,,Thread-Gruppe  1-95,text,true,,403,129,100,100,http://localhost:7000/randomRequest,1136,0,0
1676158000739,924,HTTP Request,200,,Thread-Gruppe  1-43,text,true,,492,129,100,100,http://localhost:7000/randomRequest,924,0,0
1676158000832,831,HTTP Request,200,,Thread-Gruppe  1-26,text,true,,418,129,100,100,http://localhost:7000/randomRequest,831,0,0
1676158001058,617,HTTP Request,200,,Thread-Gruppe  1-30,text,true,,545,129,100,100,http://localhost:7000/randomRequest,617,0,1
1676158000301,1410,HTTP Request,200,,Thread-Gruppe  1-51,text,true,,537,129,100,100,http://localhost:7000/randomRequest,1410,0,1
1676158000797,923,HTTP Request,200,,Thread-Gruppe  1-74,text,true,,552,129,100,100,http://localhost:7000/randomRequest,923,0,0
1676158000902,818,HTTP Request,200,,Thread-Gruppe  1-62,text,true,,485,129,100,100,http://localhost:7000/randomRequest,818,0,0
1676158001008,726,HTTP Request,200,,Thread-Gruppe  1-6,text,true,,485,129,100,100,http://localhost:7000/randomRequest,726,0,1
1676158001117,621,HTTP Request,200,,Thread-Gruppe  1-42,text,true,,419,129,100,100,http://localhost:7000/randomRequest,621,0,1
1676158000725,1028,HTTP Request,200,,Thread-Gruppe  1-92,text,true,,548,129,100,100,http://localhost:7000/randomRequest,1028,0,0
1676158001036,732,HTTP Request,200,,Thread-Gruppe  1-12,text,true,,681,129,100,100,http://localhost:7000/randomRequest,732,0,0
1676158001253,515,HTTP Request,200,,Thread-Gruppe  1-58,text,true,,419,129,100,100,http://localhost:7000/randomRequest,515,0,0
1676158001044,724,HTTP Request,200,,Thread-Gruppe  1-67,text,true,,492,129,100,100,http://localhost:7000/randomRequest,724,0,0
1676158001259,512,HTTP Request,200,,Thread-Gruppe  1-15,text,true,,541,129,100,100,http://localhost:7000/randomRequest,512,0,0
1676158001183,621,HTTP Request,200,,Thread-Gruppe  1-64,text,true,,417,129,100,100,http://localhost:7000/randomRequest,621,0,0
1676158001251,617,HTTP Request,200,,Thread-Gruppe  1-97,text,true,,488,129,100,100,http://localhost:7000/randomRequest,617,0,0
1676158000973,918,HTTP Request,200,,Thread-Gruppe  1-89,text,true,,419,129,100,100,http://localhost:7000/randomRequest,918,0,1
1676158001408,512,HTTP Request,200,,Thread-Gruppe  1-72,text,true,,566,129,100,100,http://localhost:7000/randomRequest,512,0,0
1676158001215,728,HTTP Request,200,,Thread-Gruppe  1-22,text,true,,556,129,100,100,http://localhost:7000/randomRequest,728,0,0
1676158000829,1129,HTTP Request,200,,Thread-Gruppe  1-99,text,true,,536,129,100,100,http://localhost:7000/randomRequest,1129,0,0
1676158000930,1028,HTTP Request,200,,Thread-Gruppe  1-61,text,true,,489,129,100,100,http://localhost:7000/randomRequest,1028,0,1
1676158000842,1127,HTTP Request,200,,Thread-Gruppe  1-52,text,true,,527,129,100,100,http://localhost:7000/randomRequest,1127,0,0
1676158001357,614,HTTP Request,200,,Thread-Gruppe  1-98,text,true,,563,129,100,100,http://localhost:7000/randomRequest,614,0,0
1676158000852,1119,HTTP Request,200,,Thread-Gruppe  1-33,text,true,,492,129,100,100,http://localhost:7000/randomRequest,1119,0,0
1676158001251,720,HTTP Request,200,,Thread-Gruppe  1-16,text,true,,403,129,100,100,http://localhost:7000/randomRequest,720,0,0
1676158001345,632,HTTP Request,200,,Thread-Gruppe  1-2,text,true,,417,129,100,100,http://localhost:7000/randomRequest,632,0,0
1676158001376,618,HTTP Request,200,,Thread-Gruppe  1-13,text,true,,570,129,100,100,http://localhost:7000/randomRequest,618,0,0
1676158001488,513,HTTP Request,200,,Thread-Gruppe  1-27,text,true,,555,129,100,100,http://localhost:7000/randomRequest,513,0,0
1676158001488,513,HTTP Request,200,,Thread-Gruppe  1-14,text,true,,419,129,100,100,http://localhost:7000/randomRequest,513,0,0
1676158001413,612,HTTP Request,200,,Thread-Gruppe  1-91,text,true,,570,129,100,100,http://localhost:7000/randomRequest,612,0,0
1676158001413,612,HTTP Request,200,,Thread-Gruppe  1-76,text,true,,485,129,100,100,http://localhost:7000/randomRequest,612,0,0
1676158001413,642,HTTP Request,200,,Thread-Gruppe  1-65,text,true,,672,129,100,100,http://localhost:7000/randomRequest,642,0,0
1676158001439,617,HTTP Request,200,,Thread-Gruppe  1-10,text,true,,492,129,100,100,http://localhost:7000/randomRequest,617,0,0
1676158000932,1126,HTTP Request,200,,Thread-Gruppe  1-20,text,true,,481,129,100,100,http://localhost:7000/randomRequest,1126,0,0
1676158001449,609,HTTP Request,200,,Thread-Gruppe  1-32,text,true,,488,129,100,100,http://localhost:7000/randomRequest,609,0,0
1676158001654,404,HTTP Request,200,,Thread-Gruppe  1-1,text,true,,419,129,100,100,http://localhost:7000/randomRequest,404,0,0
1676158001345,720,HTTP Request,200,,Thread-Gruppe  1-7,text,true,,401,129,100,100,http://localhost:7000/randomRequest,720,0,0
1676158001357,714,HTTP Request,200,,Thread-Gruppe  1-86,text,true,,492,129,100,100,http://localhost:7000/randomRequest,714,0,0
1676158001353,722,HTTP Request,200,,Thread-Gruppe  1-79,text,true,,568,129,100,100,http://localhost:7000/randomRequest,722,0,0
1676158001232,843,HTTP Request,200,,Thread-Gruppe  1-53,text,true,,667,129,100,100,http://localhost:7000/randomRequest,843,0,0
1676158001159,923,HTTP Request,200,,Thread-Gruppe  1-77,text,true,,403,129,100,100,http://localhost:7000/randomRequest,923,0,0
1676158001517,631,HTTP Request,200,,Thread-Gruppe  1-31,text,true,,485,129,100,100,http://localhost:7000/randomRequest,631,0,1
1676158001532,619,HTTP Request,200,,Thread-Gruppe  1-75,text,true,,416,129,100,100,http://localhost:7000/randomRequest,619,0,0
1676158001631,520,HTTP Request,200,,Thread-Gruppe  1-41,text,true,,547,129,100,100,http://localhost:7000/randomRequest,520,0,0
1676158001345,822,HTTP Request,200,,Thread-Gruppe  1-50,text,true,,540,129,100,100,http://localhost:7000/randomRequest,822,0,0
1676158001356,819,HTTP Request,200,,Thread-Gruppe  1-63,text,true,,485,129,100,100,http://localhost:7000/randomRequest,819,0,0
1676158001493,718,HTTP Request,200,,Thread-Gruppe  1-28,text,true,,485,129,100,100,http://localhost:7000/randomRequest,718,0,0
1676158000513,1708,HTTP Request,200,,Thread-Gruppe  1-37,text,true,,527,129,100,100,http://localhost:7000/randomRequest,1708,0,0
1676158000843,1401,HTTP Request,200,,Thread-Gruppe  1-71,text,true,,633,129,100,100,http://localhost:7000/randomRequest,1401,0,0
1676158000938,1313,HTTP Request,200,,Thread-Gruppe  1-9,text,true,,631,129,100,100,http://localhost:7000/randomRequest,1313,0,1
1676158001148,1103,HTTP Request,200,,Thread-Gruppe  1-18,text,true,,643,129,100,100,http://localhost:7000/randomRequest,1103,0,1
1676158001560,718,HTTP Request,200,,Thread-Gruppe  1-59,text,true,,418,129,100,100,http://localhost:7000/randomRequest,718,0,0
1676158001454,824,HTTP Request,200,,Thread-Gruppe  1-88,text,true,,403,129,100,100,http://localhost:7000/randomRequest,824,0,0
1676158001457,821,HTTP Request,200,,Thread-Gruppe  1-47,text,true,,492,129,100,100,http://localhost:7000/randomRequest,821,0,0
1676158001553,739,HTTP Request,200,,Thread-Gruppe  1-46,text,true,,561,129,100,100,http://localhost:7000/randomRequest,739,0,1
1676158001577,721,HTTP Request,200,,Thread-Gruppe  1-24,text,true,,483,129,100,100,http://localhost:7000/randomRequest,721,0,0
1676158001631,722,HTTP Request,200,,Thread-Gruppe  1-56,text,true,,485,129,100,100,http://localhost:7000/randomRequest,722,0,0
1676158001734,620,HTTP Request,200,,Thread-Gruppe  1-6,text,true,,419,129,100,100,http://localhost:7000/randomRequest,620,0,0
1676158000943,1411,HTTP Request,200,,Thread-Gruppe  1-54,text,true,,540,129,100,100,http://localhost:7000/randomRequest,1411,0,0
1676158001635,719,HTTP Request,200,,Thread-Gruppe  1-94,text,true,,556,129,100,100,http://localhost:7000/randomRequest,719,0,1
1676158000829,1525,HTTP Request,200,,Thread-Gruppe  1-57,text,true,,527,129,100,100,http://localhost:7000/randomRequest,1525,0,0
1676158001371,994,HTTP Request,200,,Thread-Gruppe  1-55,text,true,,633,129,100,100,http://localhost:7000/randomRequest,994,0,0
1676158001648,718,HTTP Request,200,,Thread-Gruppe  1-48,text,true,,403,129,100,100,http://localhost:7000/randomRequest,718,0,0
1676158001654,712,HTTP Request,200,,Thread-Gruppe  1-95,text,true,,548,129,100,100,http://localhost:7000/randomRequest,712,0,0
1676158001663,719,HTTP Request,200,,Thread-Gruppe  1-43,text,true,,568,129,100,100,http://localhost:7000/randomRequest,719,0,0
1676158001575,817,HTTP Request,200,,Thread-Gruppe  1-69,text,true,,419,129,100,100,http://localhost:7000/randomRequest,817,0,0
1676158001583,821,HTTP Request,200,,Thread-Gruppe  1-93,text,true,,488,129,100,100,http://localhost:7000/randomRequest,821,0,0
1676158001488,923,HTTP Request,200,,Thread-Gruppe  1-40,text,true,,492,129,100,100,http://localhost:7000/randomRequest,923,0,0
1676158001958,517,HTTP Request,200,,Thread-Gruppe  1-99,text,true,,492,129,100,100,http://localhost:7000/randomRequest,517,0,1
1676158001971,512,HTTP Request,200,,Thread-Gruppe  1-16,text,true,,418,129,100,100,http://localhost:7000/randomRequest,512,0,0
1676158001663,820,HTTP Request,200,,Thread-Gruppe  1-26,text,true,,402,129,100,100,http://localhost:7000/randomRequest,820,0,0
1676158001768,715,HTTP Request,200,,Thread-Gruppe  1-58,text,true,,419,129,100,100,http://localhost:7000/randomRequest,715,0,0
1676158001868,640,HTTP Request,200,,Thread-Gruppe  1-97,text,true,,417,129,100,100,http://localhost:7000/randomRequest,640,0,0
1676158001675,833,HTTP Request,200,,Thread-Gruppe  1-30,text,true,,492,129,100,100,http://localhost:7000/randomRequest,833,0,0
1676158001259,1257,HTTP Request,200,,Thread-Gruppe  1-3,text,true,,571,129,100,100,http://localhost:7000/randomRequest,1257,0,0
1676158001575,941,HTTP Request,200,,Thread-Gruppe  1-35,text,true,,417,129,100,100,http://localhost:7000/randomRequest,941,0,0
1676158001711,814,HTTP Request,200,,Thread-Gruppe  1-51,text,true,,485,129,100,100,http://localhost:7000/randomRequest,814,0,0
1676158001721,817,HTTP Request,200,,Thread-Gruppe  1-74,text,true,,485,129,100,100,http://localhost:7000/randomRequest,817,0,0
1676158001721,817,HTTP Request,200,,Thread-Gruppe  1-62,text,true,,418,129,100,100,http://localhost:7000/randomRequest,817,0,0
1676158001517,1021,HTTP Request,200,,Thread-Gruppe  1-8,text,true,,492,129,100,100,http://localhost:7000/randomRequest,1021,0,1
1676158001609,950,HTTP Request,200,,Thread-Gruppe  1-25,text,true,,561,129,100,100,http://localhost:7000/randomRequest,950,0,0
1676158001753,818,HTTP Request,200,,Thread-Gruppe  1-92,text,true,,481,129,100,100,http://localhost:7000/randomRequest,818,0,0
1676158001654,917,HTTP Request,200,,Thread-Gruppe  1-17,text,true,,553,129,100,100,http://localhost:7000/randomRequest,917,0,0
1676158002058,516,HTTP Request,200,,Thread-Gruppe  1-32,text,true,,419,129,100,100,http://localhost:7000/randomRequest,516,0,1
1676158001969,619,HTTP Request,200,,Thread-Gruppe  1-52,text,true,,554,129,100,100,http://localhost:7000/randomRequest,619,0,0
1676158002075,513,HTTP Request,200,,Thread-Gruppe  1-79,text,true,,551,129,100,100,http://localhost:7000/randomRequest,513,0,0
1676158001977,621,HTTP Request,200,,Thread-Gruppe  1-2,text,true,,419,129,100,100,http://localhost:7000/randomRequest,621,0,1
1676158001994,617,HTTP Request,200,,Thread-Gruppe  1-13,text,true,,416,129,100,100,http://localhost:7000/randomRequest,617,0,0
1676158001892,719,HTTP Request,200,,Thread-Gruppe  1-89,text,true,,492,129,100,100,http://localhost:7000/randomRequest,719,0,0
1676158001768,843,HTTP Request,200,,Thread-Gruppe  1-12,text,true,,417,129,100,100,http://localhost:7000/randomRequest,843,0,0
1676158001768,852,HTTP Request,200,,Thread-Gruppe  1-67,text,true,,417,129,100,100,http://localhost:7000/randomRequest,852,0,0
1676158002001,622,HTTP Request,200,,Thread-Gruppe  1-14,text,true,,419,129,100,100,http://localhost:7000/randomRequest,622,0,0
1676158001804,821,HTTP Request,200,,Thread-Gruppe  1-64,text,true,,492,129,100,100,http://localhost:7000/randomRequest,821,0,0
1676158002025,613,HTTP Request,200,,Thread-Gruppe  1-76,text,true,,418,129,100,100,http://localhost:7000/randomRequest,613,0,0
1676158001920,718,HTTP Request,200,,Thread-Gruppe  1-72,text,true,,560,129,100,100,http://localhost:7000/randomRequest,718,0,0
1676158002058,617,HTTP Request,200,,Thread-Gruppe  1-1,text,true,,415,129,100,100,http://localhost:7000/randomRequest,617,0,1
1676158001646,1029,HTTP Request,200,,Thread-Gruppe  1-96,text,true,,403,129,100,100,http://localhost:7000/randomRequest,1029,0,0
1676158002056,619,HTTP Request,200,,Thread-Gruppe  1-10,text,true,,490,129,100,100,http://localhost:7000/randomRequest,619,0,1
1676158002065,615,HTTP Request,200,,Thread-Gruppe  1-7,text,true,,419,129,100,100,http://localhost:7000/randomRequest,615,0,0
1676158002075,614,HTTP Request,200,,Thread-Gruppe  1-53,text,true,,564,129,100,100,http://localhost:7000/randomRequest,614,0,0
1676158002278,411,HTTP Request,200,,Thread-Gruppe  1-88,text,true,,419,129,100,100,http://localhost:7000/randomRequest,411,0,0
1676158002001,724,HTTP Request,200,,Thread-Gruppe  1-27,text,true,,492,129,100,100,http://localhost:7000/randomRequest,724,0,0
1676158002211,518,HTTP Request,200,,Thread-Gruppe  1-28,text,true,,552,129,100,100,http://localhost:7000/randomRequest,518,0,1
1676158001553,1212,HTTP Request,200,,Thread-Gruppe  1-5,text,true,,643,129,100,100,http://localhost:7000/randomRequest,1212,0,1
1676158002151,614,HTTP Request,200,,Thread-Gruppe  1-75,text,true,,548,129,100,100,http://localhost:7000/randomRequest,614,0,0
1676158001958,818,HTTP Request,200,,Thread-Gruppe  1-61,text,true,,492,129,100,100,http://localhost:7000/randomRequest,818,0,1
1676158001971,823,HTTP Request,200,,Thread-Gruppe  1-98,text,true,,481,129,100,100,http://localhost:7000/randomRequest,823,0,0
1676158001148,1663,HTTP Request,200,,Thread-Gruppe  1-82,text,true,,548,129,100,100,http://localhost:7000/randomRequest,1663,0,1
1676158001597,1235,HTTP Request,200,,Thread-Gruppe  1-60,text,true,,490,129,100,100,http://localhost:7000/randomRequest,1235,0,0
1676158001620,1242,HTTP Request,200,,Thread-Gruppe  1-21,text,true,,495,129,100,100,http://localhost:7000/randomRequest,1242,0,1
1676158002244,618,HTTP Request,200,,Thread-Gruppe  1-71,text,true,,418,129,100,100,http://localhost:7000/randomRequest,618,0,0
1676158002151,716,HTTP Request,200,,Thread-Gruppe  1-41,text,true,,492,129,100,100,http://localhost:7000/randomRequest,716,0,0
1676158001419,1448,HTTP Request,200,,Thread-Gruppe  1-23,text,true,,537,129,100,100,http://localhost:7000/randomRequest,1448,0,1
1676158002365,514,HTTP Request,200,,Thread-Gruppe  1-55,text,true,,418,129,100,100,http://localhost:7000/randomRequest,514,0,0
1676158002167,721,HTTP Request,200,,Thread-Gruppe  1-50,text,true,,571,129,100,100,http://localhost:7000/randomRequest,721,0,1
1676158002175,720,HTTP Request,200,,Thread-Gruppe  1-63,text,true,,571,129,100,100,http://localhost:7000/randomRequest,720,0,0
1676158001971,924,HTTP Request,200,,Thread-Gruppe  1-33,text,true,,492,129,100,100,http://localhost:7000/randomRequest,924,0,0
1676158002382,513,HTTP Request,200,,Thread-Gruppe  1-43,text,true,,485,129,100,100,http://localhost:7000/randomRequest,513,0,0
1676158002082,823,HTTP Request,200,,Thread-Gruppe  1-77,text,true,,486,129,100,100,http://localhost:7000/randomRequest,823,0,0
1676158002292,617,HTTP Request,200,,Thread-Gruppe  1-46,text,true,,419,129,100,100,http://localhost:7000/randomRequest,617,0,0
1676158001582,1329,HTTP Request,200,,Thread-Gruppe  1-70,text,true,,541,129,100,100,http://localhost:7000/randomRequest,1329,0,0
1676158002392,538,HTTP Request,200,,Thread-Gruppe  1-69,text,true,,417,129,100,100,http://localhost:7000/randomRequest,538,0,0
1676158002353,614,HTTP Request,200,,Thread-Gruppe  1-56,text,true,,419,129,100,100,http://localhost:7000/randomRequest,614,0,0
1676158002354,617,HTTP Request,200,,Thread-Gruppe  1-57,text,true,,419,129,100,100,http://localhost:7000/randomRequest,617,0,0
1676158002354,617,HTTP Request,200,,Thread-Gruppe  1-6,text,true,,419,129,100,100,http://localhost:7000/randomRequest,617,0,0
1676158002251,720,HTTP Request,200,,Thread-Gruppe  1-18,text,true,,550,129,100,100,http://localhost:7000/randomRequest,720,0,0
1676158002354,617,HTTP Request,200,,Thread-Gruppe  1-94,text,true,,481,129,100,100,http://localhost:7000/randomRequest,617,0,0
1676158002571,409,HTTP Request,200,,Thread-Gruppe  1-17,text,true,,550,129,100,100,http://localhost:7000/randomRequest,409,0,0
1676158002483,516,HTTP Request,200,,Thread-Gruppe  1-58,text,true,,419,129,100,100,http://localhost:7000/randomRequest,516,0,0
1676158002071,928,HTTP Request,200,,Thread-Gruppe  1-86,text,true,,492,129,100,100,http://localhost:7000/randomRequest,928,0,1
1676158002278,721,HTTP Request,200,,Thread-Gruppe  1-47,text,true,,419,129,100,100,http://localhost:7000/randomRequest,721,0,0
1676158002508,514,HTTP Request,200,,Thread-Gruppe  1-97,text,true,,489,129,100,100,http://localhost:7000/randomRequest,514,0,0
1676158002538,520,HTTP Request,200,,Thread-Gruppe  1-8,text,true,,567,129,100,100,http://localhost:7000/randomRequest,520,0,1
1676158001560,1511,HTTP Request,200,,Thread-Gruppe  1-87,text,true,,633,129,100,100,http://localhost:7000/randomRequest,1511,0,0
1676158002611,511,HTTP Request,200,,Thread-Gruppe  1-12,text,true,,419,129,100,100,http://localhost:7000/randomRequest,511,0,1
1676158002411,723,HTTP Request,200,,Thread-Gruppe  1-40,text,true,,564,129,100,100,http://localhost:7000/randomRequest,723,0,1
1676158002538,620,HTTP Request,200,,Thread-Gruppe  1-62,text,true,,558,129,100,100,http://localhost:7000/randomRequest,620,0,1
1676158002366,792,HTTP Request,200,,Thread-Gruppe  1-95,text,true,,647,129,100,100,http://localhost:7000/randomRequest,792,0,1
1676158001449,1722,HTTP Request,200,,Thread-Gruppe  1-44,text,true,,536,129,100,100,http://localhost:7000/randomRequest,1722,0,0
1676158002483,721,HTTP Request,200,,Thread-Gruppe  1-26,text,true,,492,129,100,100,http://localhost:7000/randomRequest,721,0,0
1676158002483,722,HTTP Request,200,,Thread-Gruppe  1-16,text,true,,567,129,100,100,http://localhost:7000/randomRequest,722,0,0
1676158002598,607,HTTP Request,200,,Thread-Gruppe  1-2,text,true,,492,129,100,100,http://localhost:7000/randomRequest,607,0,1
1676158002221,988,HTTP Request,200,,Thread-Gruppe  1-37,text,true,,495,129,100,100,http://localhost:7000/randomRequest,988,0,0
1676158002298,923,HTTP Request,200,,Thread-Gruppe  1-24,text,true,,403,129,100,100,http://localhost:7000/randomRequest,923,0,1
1676158001583,1638,HTTP Request,200,,Thread-Gruppe  1-39,text,true,,541,129,100,100,http://localhost:7000/randomRequest,1638,0,0
1676158002611,611,HTTP Request,200,,Thread-Gruppe  1-13,text,true,,581,129,100,100,http://localhost:7000/randomRequest,611,0,1
1676158001738,1500,HTTP Request,200,,Thread-Gruppe  1-42,text,true,,527,129,100,100,http://localhost:7000/randomRequest,1500,0,1
1676158002623,615,HTTP Request,200,,Thread-Gruppe  1-14,text,true,,551,129,100,100,http://localhost:7000/randomRequest,615,0,0
1676158002516,722,HTTP Request,200,,Thread-Gruppe  1-3,text,true,,488,129,100,100,http://localhost:7000/randomRequest,722,0,0
1676158002625,616,HTTP Request,200,,Thread-Gruppe  1-64,text,true,,553,129,100,100,http://localhost:7000/randomRequest,616,0,0
1676158002639,617,HTTP Request,200,,Thread-Gruppe  1-76,text,true,,572,129,100,100,http://localhost:7000/randomRequest,617,0,0
1676158002574,709,HTTP Request,200,,Thread-Gruppe  1-32,text,true,,561,129,100,100,http://localhost:7000/randomRequest,709,0,0
1676158002675,608,HTTP Request,200,,Thread-Gruppe  1-1,text,true,,413,129,100,100,http://localhost:7000/randomRequest,608,0,0
1676158002689,616,HTTP Request,200,,Thread-Gruppe  1-88,text,true,,415,129,100,100,http://localhost:7000/randomRequest,616,0,1
1676158002832,513,HTTP Request,200,,Thread-Gruppe  1-60,text,true,,550,129,100,100,http://localhost:7000/randomRequest,513,0,0
1676158002404,941,HTTP Request,200,,Thread-Gruppe  1-93,text,true,,547,129,100,100,http://localhost:7000/randomRequest,941,0,0
1676158002765,610,HTTP Request,200,,Thread-Gruppe  1-75,text,true,,561,129,100,100,http://localhost:7000/randomRequest,610,0,1
1676158002766,609,HTTP Request,200,,Thread-Gruppe  1-5,text,true,,492,129,100,100,http://localhost:7000/randomRequest,609,0,0
1676158002571,813,HTTP Request,200,,Thread-Gruppe  1-92,text,true,,541,129,100,100,http://localhost:7000/randomRequest,812,0,0
1676158002278,1127,HTTP Request,200,,Thread-Gruppe  1-59,text,true,,492,129,100,100,http://localhost:7000/randomRequest,1127,0,0
1676158002588,818,HTTP Request,200,,Thread-Gruppe  1-79,text,true,,489,129,100,100,http://localhost:7000/randomRequest,818,0,0
1676158002611,818,HTTP Request,200,,Thread-Gruppe  1-89,text,true,,492,129,100,100,http://localhost:7000/randomRequest,818,0,1
1676158002025,1404,HTTP Request,200,,Thread-Gruppe  1-91,text,true,,541,129,100,100,http://localhost:7000/randomRequest,1404,0,0
1676158002251,1194,HTTP Request,200,,Thread-Gruppe  1-9,text,true,,541,129,100,100,http://localhost:7000/randomRequest,1194,0,0
1676158001943,1512,HTTP Request,200,,Thread-Gruppe  1-22,text,true,,527,129,100,100,http://localhost:7000/randomRequest,1512,0,1
1676158002730,725,HTTP Request,200,,Thread-Gruppe  1-28,text,true,,418,129,100,100,http://localhost:7000/randomRequest,725,0,0
1676158002055,1423,HTTP Request,200,,Thread-Gruppe  1-65,text,true,,527,129,100,100,http://localhost:7000/randomRequest,1423,0,1
1676158002675,814,HTTP Request,200,,Thread-Gruppe  1-96,text,true,,485,129,100,100,http://localhost:7000/randomRequest,814,0,0
1676158002905,621,HTTP Request,200,,Thread-Gruppe  1-77,text,true,,485,129,100,100,http://localhost:7000/randomRequest,621,0,0
1676158002895,631,HTTP Request,200,,Thread-Gruppe  1-33,text,true,,418,129,100,100,http://localhost:7000/randomRequest,631,0,0
1676158002895,631,HTTP Request,200,,Thread-Gruppe  1-43,text,true,,563,129,100,100,http://localhost:7000/randomRequest,631,0,0
1676158002811,718,HTTP Request,200,,Thread-Gruppe  1-82,text,true,,540,129,100,100,http://localhost:7000/randomRequest,718,0,1
1676158002620,929,HTTP Request,200,,Thread-Gruppe  1-67,text,true,,419,129,100,100,http://localhost:7000/randomRequest,929,0,1
1676158002525,1030,HTTP Request,200,,Thread-Gruppe  1-51,text,true,,488,129,100,100,http://localhost:7000/randomRequest,1030,0,0
1676158003058,513,HTTP Request,200,,Thread-Gruppe  1-8,text,true,,488,129,100,100,http://localhost:7000/randomRequest,513,0,0
1676158002967,615,HTTP Request,200,,Thread-Gruppe  1-56,text,true,,418,129,100,100,http://localhost:7000/randomRequest,615,0,1
1676158002588,994,HTTP Request,200,,Thread-Gruppe  1-52,text,true,,644,129,100,100,http://localhost:7000/randomRequest,994,0,0
1676158002971,611,HTTP Request,200,,Thread-Gruppe  1-57,text,true,,481,129,100,100,http://localhost:7000/randomRequest,611,0,0
1676158002867,715,HTTP Request,200,,Thread-Gruppe  1-23,text,true,,549,129,100,100,http://localhost:7000/randomRequest,715,0,1
1676158002058,1524,HTTP Request,200,,Thread-Gruppe  1-20,text,true,,527,129,100,100,http://localhost:7000/randomRequest,1524,0,1
1676158002971,611,HTTP Request,200,,Thread-Gruppe  1-94,text,true,,419,129,100,100,http://localhost:7000/randomRequest,611,0,0
1676158002794,820,HTTP Request,200,,Thread-Gruppe  1-98,text,true,,487,129,100,100,http://localhost:7000/randomRequest,820,0,1
1676158002999,615,HTTP Request,200,,Thread-Gruppe  1-86,text,true,,403,129,100,100,http://localhost:7000/randomRequest,615,0,0
1676158003204,410,HTTP Request,200,,Thread-Gruppe  1-26,text,true,,418,129,100,100,http://localhost:7000/randomRequest,410,0,0
1676158002508,1124,HTTP Request,200,,Thread-Gruppe  1-30,text,true,,537,129,100,100,http://localhost:7000/randomRequest,1124,0,0
1676158002911,721,HTTP Request,200,,Thread-Gruppe  1-70,text,true,,419,129,100,100,http://localhost:7000/randomRequest,721,0,1
1676158002930,722,HTTP Request,200,,Thread-Gruppe  1-69,text,true,,418,129,100,100,http://localhost:7000/randomRequest,722,0,0
1676158003135,517,HTTP Request,200,,Thread-Gruppe  1-40,text,true,,417,129,100,100,http://localhost:7000/randomRequest,517,0,0
1676158002725,927,HTTP Request,200,,Thread-Gruppe  1-27,text,true,,490,129,100,100,http://localhost:7000/randomRequest,927,0,0
1676158002354,1303,HTTP Request,200,,Thread-Gruppe  1-54,text,true,,541,129,100,100,http://localhost:7000/randomRequest,1303,0,0
1676158002559,1109,HTTP Request,200,,Thread-Gruppe  1-25,text,true,,541,129,100,100,http://localhost:7000/randomRequest,1109,0,0
1676158002538,1134,HTTP Request,200,,Thread-Gruppe  1-74,text,true,,485,129,100,100,http://localhost:7000/randomRequest,1134,0,1
1676158003158,514,HTTP Request,200,,Thread-Gruppe  1-62,text,true,,419,129,100,100,http://localhost:7000/randomRequest,514,0,1
1676158002889,829,HTTP Request,200,,Thread-Gruppe  1-50,text,true,,492,129,100,100,http://localhost:7000/randomRequest,829,0,0
1676158002999,719,HTTP Request,200,,Thread-Gruppe  1-47,text,true,,402,129,100,100,http://localhost:7000/randomRequest,719,0,0
1676158002639,1079,HTTP Request,200,,Thread-Gruppe  1-72,text,true,,537,129,100,100,http://localhost:7000/randomRequest,1079,0,0
1676158003122,610,HTTP Request,200,,Thread-Gruppe  1-12,text,true,,559,129,100,100,http://localhost:7000/randomRequest,610,0,0
1676158003022,710,HTTP Request,200,,Thread-Gruppe  1-97,text,true,,551,129,100,100,http://localhost:7000/randomRequest,710,0,0
1676158003221,511,HTTP Request,200,,Thread-Gruppe  1-24,text,true,,559,129,100,100,http://localhost:7000/randomRequest,511,0,0
1676158002971,818,HTTP Request,200,,Thread-Gruppe  1-6,text,true,,490,129,100,100,http://localhost:7000/randomRequest,818,0,0
1676158002971,818,HTTP Request,200,,Thread-Gruppe  1-18,text,true,,488,129,100,100,http://localhost:7000/randomRequest,818,0,0
1676158003384,412,HTTP Request,200,,Thread-Gruppe  1-92,text,true,,549,129,100,100,http://localhost:7000/randomRequest,412,0,0
1676158002999,823,HTTP Request,200,,Thread-Gruppe  1-58,text,true,,492,129,100,100,http://localhost:7000/randomRequest,823,0,0
1676158003205,638,HTTP Request,200,,Thread-Gruppe  1-16,text,true,,417,129,100,100,http://localhost:7000/randomRequest,638,0,0
1676158003445,415,HTTP Request,200,,Thread-Gruppe  1-9,text,true,,419,129,100,100,http://localhost:7000/randomRequest,415,0,0
1676158002675,1195,HTTP Request,200,,Thread-Gruppe  1-10,text,true,,643,129,100,100,http://localhost:7000/randomRequest,1195,0,0
1676158002516,1354,HTTP Request,200,,Thread-Gruppe  1-35,text,true,,563,129,100,100,http://localhost:7000/randomRequest,1354,0,0
1676158003158,721,HTTP Request,200,,Thread-Gruppe  1-95,text,true,,490,129,100,100,http://localhost:7000/randomRequest,721,0,1
1676158003071,813,HTTP Request,200,,Thread-Gruppe  1-87,text,true,,488,129,100,100,http://localhost:7000/randomRequest,813,0,0
1676158003171,721,HTTP Request,200,,Thread-Gruppe  1-44,text,true,,418,129,100,100,http://localhost:7000/randomRequest,721,0,1
1676158002862,1030,HTTP Request,200,,Thread-Gruppe  1-21,text,true,,492,129,100,100,http://localhost:7000/randomRequest,1030,0,0
1676158003375,517,HTTP Request,200,,Thread-Gruppe  1-75,text,true,,548,129,100,100,http://localhost:7000/randomRequest,517,0,0
1676158002366,1529,HTTP Request,200,,Thread-Gruppe  1-48,text,true,,492,129,100,100,http://localhost:7000/randomRequest,1529,0,1
1676158003256,639,HTTP Request,200,,Thread-Gruppe  1-76,text,true,,417,129,100,100,http://localhost:7000/randomRequest,639,0,0
1676158003283,613,HTTP Request,200,,Thread-Gruppe  1-32,text,true,,492,129,100,100,http://localhost:7000/randomRequest,613,0,0
1676158003306,618,HTTP Request,200,,Thread-Gruppe  1-88,text,true,,548,129,100,100,http://localhost:7000/randomRequest,618,0,0
1676158003406,519,HTTP Request,200,,Thread-Gruppe  1-59,text,true,,419,129,100,100,http://localhost:7000/randomRequest,519,0,0
1676158002680,1245,HTTP Request,200,,Thread-Gruppe  1-7,text,true,,679,129,100,100,http://localhost:7000/randomRequest,1245,0,0
1676158003526,409,HTTP Request,200,,Thread-Gruppe  1-33,text,true,,419,129,100,100,http://localhost:7000/randomRequest,409,0,1
1676158002689,1246,HTTP Request,200,,Thread-Gruppe  1-53,text,true,,569,129,100,100,http://localhost:7000/randomRequest,1246,0,1
1676158003221,714,HTTP Request,200,,Thread-Gruppe  1-39,text,true,,418,129,100,100,http://localhost:7000/randomRequest,714,0,0
1676158003238,723,HTTP Request,200,,Thread-Gruppe  1-3,text,true,,418,129,100,100,http://localhost:7000/randomRequest,723,0,1
1676158003345,616,HTTP Request,200,,Thread-Gruppe  1-93,text,true,,485,129,100,100,http://localhost:7000/randomRequest,616,0,0
1676158002776,1207,HTTP Request,200,,Thread-Gruppe  1-61,text,true,,647,129,100,100,http://localhost:7000/randomRequest,1207,0,0
1676158002475,1513,HTTP Request,200,,Thread-Gruppe  1-99,text,true,,540,129,100,100,http://localhost:7000/randomRequest,1513,0,0
1676158002980,1019,HTTP Request,200,,Thread-Gruppe  1-17,text,true,,403,129,100,100,http://localhost:7000/randomRequest,1019,0,0
1676158003406,619,HTTP Request,200,,Thread-Gruppe  1-79,text,true,,419,129,100,100,http://localhost:7000/randomRequest,619,0,0
1676158003205,820,HTTP Request,200,,Thread-Gruppe  1-2,text,true,,419,129,100,100,http://localhost:7000/randomRequest,820,0,0
1676158003614,411,HTTP Request,200,,Thread-Gruppe  1-26,text,true,,419,129,100,100,http://localhost:7000/randomRequest,411,0,0
1676158003429,616,HTTP Request,200,,Thread-Gruppe  1-91,text,true,,418,129,100,100,http://localhost:7000/randomRequest,616,0,0
1676158003238,818,HTTP Request,200,,Thread-Gruppe  1-42,text,true,,488,129,100,100,http://localhost:7000/randomRequest,818,0,1
1676158003572,517,HTTP Request,200,,Thread-Gruppe  1-8,text,true,,419,129,100,100,http://localhost:7000/randomRequest,517,0,0
1676158003583,512,HTTP Request,200,,Thread-Gruppe  1-20,text,true,,419,129,100,100,http://localhost:7000/randomRequest,512,0,0
1676158002880,1229,HTTP Request,200,,Thread-Gruppe  1-55,text,true,,492,129,100,100,http://localhost:7000/randomRequest,1229,0,0
1676158003489,620,HTTP Request,200,,Thread-Gruppe  1-96,text,true,,481,129,100,100,http://localhost:7000/randomRequest,620,0,0
1676158003583,539,HTTP Request,200,,Thread-Gruppe  1-23,text,true,,417,129,100,100,http://localhost:7000/randomRequest,539,0,0
1676158003614,512,HTTP Request,200,,Thread-Gruppe  1-86,text,true,,418,129,100,100,http://localhost:7000/randomRequest,512,0,0
1676158003209,917,HTTP Request,200,,Thread-Gruppe  1-37,text,true,,485,129,100,100,http://localhost:7000/randomRequest,917,0,1
1676158003555,607,HTTP Request,200,,Thread-Gruppe  1-51,text,true,,559,129,100,100,http://localhost:7000/randomRequest,607,0,0
1676158003550,612,HTTP Request,200,,Thread-Gruppe  1-67,text,true,,419,129,100,100,http://localhost:7000/randomRequest,612,0,0
1676158003241,926,HTTP Request,200,,Thread-Gruppe  1-64,text,true,,418,129,100,100,http://localhost:7000/randomRequest,926,0,0
1676158002862,1305,HTTP Request,200,,Thread-Gruppe  1-71,text,true,,537,129,100,100,http://localhost:7000/randomRequest,1305,0,0
1676158003345,822,HTTP Request,200,,Thread-Gruppe  1-60,text,true,,403,129,100,100,http://localhost:7000/randomRequest,822,0,0
1676158003455,721,HTTP Request,200,,Thread-Gruppe  1-28,text,true,,419,129,100,100,http://localhost:7000/randomRequest,721,0,0
1676158003455,721,HTTP Request,200,,Thread-Gruppe  1-22,text,true,,418,129,100,100,http://localhost:7000/randomRequest,721,0,0
1676158002895,1310,HTTP Request,200,,Thread-Gruppe  1-63,text,true,,527,129,100,100,http://localhost:7000/randomRequest,1310,0,0
1676158003718,508,HTTP Request,200,,Thread-Gruppe  1-72,text,true,,492,129,100,100,http://localhost:7000/randomRequest,508,0,0
1676158003718,508,HTTP Request,200,,Thread-Gruppe  1-47,text,true,,558,129,100,100,http://localhost:7000/randomRequest,508,0,0
1676158003222,1022,HTTP Request,200,,Thread-Gruppe  1-13,text,true,,492,129,100,100,http://localhost:7000/randomRequest,1022,0,1
1676158003529,716,HTTP Request,200,,Thread-Gruppe  1-82,text,true,,492,129,100,100,http://localhost:7000/randomRequest,716,0,0
1676158003732,513,HTTP Request,200,,Thread-Gruppe  1-24,text,true,,419,129,100,100,http://localhost:7000/randomRequest,513,0,0
1676158003238,1021,HTTP Request,200,,Thread-Gruppe  1-14,text,true,,403,129,100,100,http://localhost:7000/randomRequest,1021,0,1
1676158002867,1404,HTTP Request,200,,Thread-Gruppe  1-41,text,true,,527,129,100,100,http://localhost:7000/randomRequest,1404,0,1
1676158003652,619,HTTP Request,200,,Thread-Gruppe  1-27,text,true,,418,129,100,100,http://localhost:7000/randomRequest,619,0,0
1676158003657,614,HTTP Request,200,,Thread-Gruppe  1-54,text,true,,490,129,100,100,http://localhost:7000/randomRequest,614,0,0
1676158003583,713,HTTP Request,200,,Thread-Gruppe  1-56,text,true,,485,129,100,100,http://localhost:7000/randomRequest,713,0,0
1676158003672,624,HTTP Request,200,,Thread-Gruppe  1-74,text,true,,553,129,100,100,http://localhost:7000/randomRequest,624,0,0
1676158003375,921,HTTP Request,200,,Thread-Gruppe  1-5,text,true,,492,129,100,100,http://localhost:7000/randomRequest,921,0,0
1676158003583,721,HTTP Request,200,,Thread-Gruppe  1-94,text,true,,560,129,100,100,http://localhost:7000/randomRequest,721,0,0
1676158002909,1399,HTTP Request,200,,Thread-Gruppe  1-46,text,true,,537,129,100,100,http://localhost:7000/randomRequest,1399,0,0
1676158003796,516,HTTP Request,200,,Thread-Gruppe  1-92,text,true,,540,129,100,100,http://localhost:7000/randomRequest,516,0,0
1676158003790,522,HTTP Request,200,,Thread-Gruppe  1-18,text,true,,419,129,100,100,http://localhost:7000/randomRequest,522,0,0
1676158003478,835,HTTP Request,200,,Thread-Gruppe  1-65,text,true,,519,129,100,100,http://localhost:7000/randomRequest,835,0,1
1676158003822,507,HTTP Request,200,,Thread-Gruppe  1-58,text,true,,488,129,100,100,http://localhost:7000/randomRequest,507,0,0
1676158003526,818,HTTP Request,200,,Thread-Gruppe  1-77,text,true,,537,129,100,100,http://localhost:7000/randomRequest,818,0,1
1676158003732,618,HTTP Request,200,,Thread-Gruppe  1-12,text,true,,486,129,100,100,http://localhost:7000/randomRequest,618,0,0
1676158003668,720,HTTP Request,200,,Thread-Gruppe  1-25,text,true,,547,129,100,100,http://localhost:7000/randomRequest,720,0,0
1676158003870,518,HTTP Request,200,,Thread-Gruppe  1-35,text,true,,563,129,100,100,http://localhost:7000/randomRequest,518,0,1
1676158003870,518,HTTP Request,200,,Thread-Gruppe  1-10,text,true,,417,129,100,100,http://localhost:7000/randomRequest,518,0,1
1676158003583,817,HTTP Request,200,,Thread-Gruppe  1-57,text,true,,419,129,100,100,http://localhost:7000/randomRequest,817,0,0
1676158003892,517,HTTP Request,200,,Thread-Gruppe  1-75,text,true,,419,129,100,100,http://localhost:7000/randomRequest,517,0,1
1676158003892,517,HTTP Request,200,,Thread-Gruppe  1-21,text,true,,553,129,100,100,http://localhost:7000/randomRequest,517,0,1
1676158003879,622,HTTP Request,200,,Thread-Gruppe  1-95,text,true,,419,129,100,100,http://localhost:7000/randomRequest,622,0,1
1676158003892,618,HTTP Request,200,,Thread-Gruppe  1-44,text,true,,488,129,100,100,http://localhost:7000/randomRequest,618,0,1
1676158003999,519,HTTP Request,200,,Thread-Gruppe  1-17,text,true,,419,129,100,100,http://localhost:7000/randomRequest,519,0,1
1676157974380,30139,HTTP Request,500,,Thread-Gruppe  1-29,text,false,,258,129,100,100,http://localhost:7000/randomRequest,30139,0,1
1676158003790,734,HTTP Request,200,,Thread-Gruppe  1-6,text,true,,417,129,100,100,http://localhost:7000/randomRequest,734,0,0
1676158003718,828,HTTP Request,200,,Thread-Gruppe  1-50,text,true,,492,129,100,100,http://localhost:7000/randomRequest,828,0,0
1676158003632,923,HTTP Request,200,,Thread-Gruppe  1-30,text,true,,492,129,100,100,http://localhost:7000/randomRequest,923,0,0
1676158003935,624,HTTP Request,200,,Thread-Gruppe  1-33,text,true,,419,129,100,100,http://localhost:7000/randomRequest,624,0,1
1676158003526,1033,HTTP Request,200,,Thread-Gruppe  1-43,text,true,,492,129,100,100,http://localhost:7000/randomRequest,1033,0,1
1676158003632,935,HTTP Request,200,,Thread-Gruppe  1-70,text,true,,415,129,100,100,http://localhost:7000/randomRequest,935,0,0
1676158003961,615,HTTP Request,200,,Thread-Gruppe  1-3,text,true,,563,129,100,100,http://localhost:7000/randomRequest,615,0,1
1676158003961,618,HTTP Request,200,,Thread-Gruppe  1-93,text,true,,551,129,100,100,http://localhost:7000/randomRequest,618,0,1
1676158003860,719,HTTP Request,200,,Thread-Gruppe  1-9,text,true,,403,129,100,100,http://localhost:7000/randomRequest,719,0,0
1676158003652,927,HTTP Request,200,,Thread-Gruppe  1-40,text,true,,492,129,100,100,http://localhost:7000/randomRequest,927,0,0
1676158003614,1015,HTTP Request,200,,Thread-Gruppe  1-98,text,true,,538,129,100,100,http://localhost:7000/randomRequest,1015,0,0
1676158003429,1200,HTTP Request,200,,Thread-Gruppe  1-89,text,true,,481,129,100,100,http://localhost:7000/randomRequest,1200,0,0
1676158003924,706,HTTP Request,200,,Thread-Gruppe  1-88,text,true,,488,129,100,100,http://localhost:7000/randomRequest,706,0,0
1676158003925,705,HTTP Request,200,,Thread-Gruppe  1-59,text,true,,554,129,100,100,http://localhost:7000/randomRequest,705,0,0
1676158003935,723,HTTP Request,200,,Thread-Gruppe  1-53,text,true,,550,129,100,100,http://localhost:7000/randomRequest,723,0,1
1676158004045,623,HTTP Request,200,,Thread-Gruppe  1-91,text,true,,492,129,100,100,http://localhost:7000/randomRequest,623,0,1
1676158004167,516,HTTP Request,200,,Thread-Gruppe  1-71,text,true,,419,129,100,100,http://localhost:7000/randomRequest,516,0,1
1676158004162,521,HTTP Request,200,,Thread-Gruppe  1-51,text,true,,415,129,100,100,http://localhost:7000/randomRequest,521,0,1
1676158004312,411,HTTP Request,200,,Thread-Gruppe  1-92,text,true,,419,129,100,100,http://localhost:7000/randomRequest,411,0,0
1676158003895,828,HTTP Request,200,,Thread-Gruppe  1-48,text,true,,488,129,100,100,http://localhost:7000/randomRequest,828,0,0
1676158004122,613,HTTP Request,200,,Thread-Gruppe  1-23,text,true,,403,129,100,100,http://localhost:7000/randomRequest,613,0,0
1676158004227,519,HTTP Request,200,,Thread-Gruppe  1-47,text,true,,419,129,100,100,http://localhost:7000/randomRequest,519,0,0
1676158004162,619,HTTP Request,200,,Thread-Gruppe  1-67,text,true,,419,129,100,100,http://localhost:7000/randomRequest,619,0,1
1676158004271,513,HTTP Request,200,,Thread-Gruppe  1-27,text,true,,419,129,100,100,http://localhost:7000/randomRequest,513,0,1
1676158004176,614,HTTP Request,200,,Thread-Gruppe  1-22,text,true,,481,129,100,100,http://localhost:7000/randomRequest,614,0,0
1676158003983,823,HTTP Request,200,,Thread-Gruppe  1-61,text,true,,551,129,100,100,http://localhost:7000/randomRequest,823,0,1
1676158003283,1525,HTTP Request,200,,Thread-Gruppe  1-1,text,true,,633,129,100,100,http://localhost:7000/randomRequest,1525,0,0
1676158004095,713,HTTP Request,200,,Thread-Gruppe  1-20,text,true,,492,129,100,100,http://localhost:7000/randomRequest,713,0,1
1676158004296,512,HTTP Request,200,,Thread-Gruppe  1-5,text,true,,492,129,100,100,http://localhost:7000/randomRequest,512,0,0
1676158003884,924,HTTP Request,200,,Thread-Gruppe  1-87,text,true,,492,129,100,100,http://localhost:7000/randomRequest,924,0,0
1676158004089,738,HTTP Request,200,,Thread-Gruppe  1-8,text,true,,417,129,100,100,http://localhost:7000/randomRequest,738,0,0
1676158004025,814,HTTP Request,200,,Thread-Gruppe  1-26,text,true,,419,129,100,100,http://localhost:7000/randomRequest,814,0,1
1676158003652,1187,HTTP Request,200,,Thread-Gruppe  1-69,text,true,,641,129,100,100,http://localhost:7000/randomRequest,1187,0,0
1676158003583,1292,HTTP Request,200,,Thread-Gruppe  1-52,text,true,,631,129,100,100,http://localhost:7000/randomRequest,1292,0,0
1676158004056,819,HTTP Request,200,,Thread-Gruppe  1-42,text,true,,492,129,100,100,http://localhost:7000/randomRequest,819,0,0
1676158003895,995,HTTP Request,200,,Thread-Gruppe  1-76,text,true,,647,129,100,100,http://localhost:7000/randomRequest,995,0,0
1676158004350,544,HTTP Request,200,,Thread-Gruppe  1-12,text,true,,417,129,100,100,http://localhost:7000/randomRequest,544,0,1
1676158004304,607,HTTP Request,200,,Thread-Gruppe  1-94,text,true,,492,129,100,100,http://localhost:7000/randomRequest,607,0,1
1676158004296,617,HTTP Request,200,,Thread-Gruppe  1-74,text,true,,550,129,100,100,http://localhost:7000/randomRequest,617,0,0
1676158004409,508,HTTP Request,200,,Thread-Gruppe  1-21,text,true,,560,129,100,100,http://localhost:7000/randomRequest,508,0,0
1676158004109,821,HTTP Request,200,,Thread-Gruppe  1-96,text,true,,488,129,100,100,http://localhost:7000/randomRequest,821,0,0
1676158004025,918,HTTP Request,200,,Thread-Gruppe  1-79,text,true,,403,129,100,100,http://localhost:7000/randomRequest,918,0,1
1676158003925,1018,HTTP Request,200,,Thread-Gruppe  1-7,text,true,,402,129,100,100,http://localhost:7000/randomRequest,1018,0,0
1676158003935,1034,HTTP Request,200,,Thread-Gruppe  1-39,text,true,,492,129,100,100,http://localhost:7000/randomRequest,1034,0,1
1676158003672,1305,HTTP Request,200,,Thread-Gruppe  1-62,text,true,,539,129,100,100,http://localhost:7000/randomRequest,1305,0,0
1676158004271,719,HTTP Request,200,,Thread-Gruppe  1-41,text,true,,543,129,100,100,http://localhost:7000/randomRequest,719,0,1
1676158004579,411,HTTP Request,200,,Thread-Gruppe  1-9,text,true,,553,129,100,100,http://localhost:7000/randomRequest,411,0,1
1676158004501,512,HTTP Request,200,,Thread-Gruppe  1-95,text,true,,492,129,100,100,http://localhost:7000/randomRequest,512,0,0
1676158003989,1024,HTTP Request,200,,Thread-Gruppe  1-99,text,true,,485,129,100,100,http://localhost:7000/randomRequest,1024,0,0
1676158004400,618,HTTP Request,200,,Thread-Gruppe  1-57,text,true,,556,129,100,100,http://localhost:7000/randomRequest,618,0,0
1676158004308,711,HTTP Request,200,,Thread-Gruppe  1-46,text,true,,486,129,100,100,http://localhost:7000/randomRequest,711,0,0
1676158004409,610,HTTP Request,200,,Thread-Gruppe  1-75,text,true,,565,129,100,100,http://localhost:7000/randomRequest,610,0,0
1676158004313,720,HTTP Request,200,,Thread-Gruppe  1-65,text,true,,485,129,100,100,http://localhost:7000/randomRequest,720,0,0
1676158003843,1203,HTTP Request,200,,Thread-Gruppe  1-16,text,true,,633,129,100,100,http://localhost:7000/randomRequest,1203,0,1
1676158004126,920,HTTP Request,200,,Thread-Gruppe  1-86,text,true,,418,129,100,100,http://localhost:7000/randomRequest,920,0,0
1676158004244,825,HTTP Request,200,,Thread-Gruppe  1-13,text,true,,416,129,100,100,http://localhost:7000/randomRequest,825,0,0
1676158004246,823,HTTP Request,200,,Thread-Gruppe  1-82,text,true,,490,129,100,100,http://localhost:7000/randomRequest,823,0,0
1676158004668,411,HTTP Request,200,,Thread-Gruppe  1-91,text,true,,550,129,100,100,http://localhost:7000/randomRequest,411,0,0
1676158004259,820,HTTP Request,200,,Thread-Gruppe  1-14,text,true,,492,129,100,100,http://localhost:7000/randomRequest,820,0,1
1676158004579,511,HTTP Request,200,,Thread-Gruppe  1-40,text,true,,555,129,100,100,http://localhost:7000/randomRequest,511,0,0
1676158004167,930,HTTP Request,200,,Thread-Gruppe  1-64,text,true,,418,129,100,100,http://localhost:7000/randomRequest,930,0,1
1676158003896,1213,HTTP Request,200,,Thread-Gruppe  1-32,text,true,,536,129,100,100,http://localhost:7000/randomRequest,1213,0,0
1676158004109,1000,HTTP Request,200,,Thread-Gruppe  1-55,text,true,,647,129,100,100,http://localhost:7000/randomRequest,1000,0,0
1676158004790,319,HTTP Request,200,,Thread-Gruppe  1-22,text,true,,418,129,100,100,http://localhost:7000/randomRequest,319,0,0
1676158004025,1093,HTTP Request,200,,Thread-Gruppe  1-2,text,true,,495,129,100,100,http://localhost:7000/randomRequest,1093,0,1
1676158004312,818,HTTP Request,200,,Thread-Gruppe  1-18,text,true,,403,129,100,100,http://localhost:7000/randomRequest,818,0,0
1676158004630,521,HTTP Request,200,,Thread-Gruppe  1-59,text,true,,492,129,100,100,http://localhost:7000/randomRequest,521,0,1
1676158004524,627,HTTP Request,200,,Thread-Gruppe  1-6,text,true,,556,129,100,100,http://localhost:7000/randomRequest,627,0,1
1676158004555,618,HTTP Request,200,,Thread-Gruppe  1-30,text,true,,548,129,100,100,http://localhost:7000/randomRequest,618,0,1
1676158004271,902,HTTP Request,200,,Thread-Gruppe  1-54,text,true,,481,129,100,100,http://localhost:7000/randomRequest,902,0,1
1676158004567,621,HTTP Request,200,,Thread-Gruppe  1-70,text,true,,418,129,100,100,http://localhost:7000/randomRequest,621,0,1
1676158004781,408,HTTP Request,200,,Thread-Gruppe  1-67,text,true,,416,129,100,100,http://localhost:7000/randomRequest,408,0,0
1676158003732,1502,HTTP Request,200,,Thread-Gruppe  1-97,text,true,,527,129,100,100,http://localhost:7000/randomRequest,1502,0,1
1676157975215,30028,HTTP Request,500,,Thread-Gruppe  1-66,text,false,,258,129,100,100,http://localhost:7000/randomRequest,30028,0,0
1676158004630,621,HTTP Request,200,,Thread-Gruppe  1-88,text,true,,555,129,100,100,http://localhost:7000/randomRequest,621,0,1
1676158004559,714,HTTP Request,200,,Thread-Gruppe  1-43,text,true,,551,129,100,100,http://localhost:7000/randomRequest,714,0,0
1676158004344,929,HTTP Request,200,,Thread-Gruppe  1-77,text,true,,488,129,100,100,http://localhost:7000/randomRequest,929,0,0
1676158004894,419,HTTP Request,200,,Thread-Gruppe  1-12,text,true,,560,129,100,100,http://localhost:7000/randomRequest,419,0,1
1676158004388,925,HTTP Request,200,,Thread-Gruppe  1-10,text,true,,490,129,100,100,http://localhost:7000/randomRequest,925,0,1
1676158004510,812,HTTP Request,200,,Thread-Gruppe  1-44,text,true,,488,129,100,100,http://localhost:7000/randomRequest,812,0,0
1676158004518,823,HTTP Request,200,,Thread-Gruppe  1-17,text,true,,488,129,100,100,http://localhost:7000/randomRequest,823,0,0
1676158004827,517,HTTP Request,200,,Thread-Gruppe  1-8,text,true,,419,129,100,100,http://localhost:7000/randomRequest,517,0,0
1676158004630,724,HTTP Request,200,,Thread-Gruppe  1-89,text,true,,416,129,100,100,http://localhost:7000/randomRequest,724,0,0
1676158004559,819,HTTP Request,200,,Thread-Gruppe  1-33,text,true,,548,129,100,100,http://localhost:7000/randomRequest,819,0,0
1676158004388,990,HTTP Request,200,,Thread-Gruppe  1-25,text,true,,643,129,100,100,http://localhost:7000/randomRequest,990,0,1
1676158004658,720,HTTP Request,200,,Thread-Gruppe  1-53,text,true,,419,129,100,100,http://localhost:7000/randomRequest,720,0,1
1676158004683,715,HTTP Request,200,,Thread-Gruppe  1-71,text,true,,418,129,100,100,http://localhost:7000/randomRequest,715,0,1
1676158004784,614,HTTP Request,200,,Thread-Gruppe  1-27,text,true,,419,129,100,100,http://localhost:7000/randomRequest,614,0,0
1676158004205,1204,HTTP Request,200,,Thread-Gruppe  1-63,text,true,,631,129,100,100,http://localhost:7000/randomRequest,1204,0,0
1676158004577,832,HTTP Request,200,,Thread-Gruppe  1-3,text,true,,552,129,100,100,http://localhost:7000/randomRequest,832,0,0
1676158004875,542,HTTP Request,200,,Thread-Gruppe  1-52,text,true,,417,129,100,100,http://localhost:7000/randomRequest,542,0,1
1676158004388,1029,HTTP Request,200,,Thread-Gruppe  1-35,text,true,,481,129,100,100,http://localhost:7000/randomRequest,1029,0,1
1676158004808,609,HTTP Request,200,,Thread-Gruppe  1-87,text,true,,489,129,100,100,http://localhost:7000/randomRequest,609,0,1
1676158004227,1196,HTTP Request,200,,Thread-Gruppe  1-72,text,true,,645,129,100,100,http://localhost:7000/randomRequest,1196,0,0
1676158004329,1094,HTTP Request,200,,Thread-Gruppe  1-58,text,true,,541,129,100,100,http://localhost:7000/randomRequest,1094,0,1
1676158004808,615,HTTP Request,200,,Thread-Gruppe  1-20,text,true,,417,129,100,100,http://localhost:7000/randomRequest,615,0,1
1676158004917,508,HTTP Request,200,,Thread-Gruppe  1-21,text,true,,403,129,100,100,http://localhost:7000/randomRequest,508,0,1
1676158004723,724,HTTP Request,200,,Thread-Gruppe  1-92,text,true,,560,129,100,100,http://localhost:7000/randomRequest,724,0,0
1676158004944,512,HTTP Request,200,,Thread-Gruppe  1-79,text,true,,419,129,100,100,http://localhost:7000/randomRequest,512,0,0
1676158004546,927,HTTP Request,200,,Thread-Gruppe  1-50,text,true,,485,129,100,100,http://localhost:7000/randomRequest,927,0,1
1676158004683,831,HTTP Request,200,,Thread-Gruppe  1-51,text,true,,488,129,100,100,http://localhost:7000/randomRequest,831,0,1
1676158004176,1338,HTTP Request,200,,Thread-Gruppe  1-28,text,true,,530,129,100,100,http://localhost:7000/randomRequest,1338,0,0
1676158004296,1222,HTTP Request,200,,Thread-Gruppe  1-56,text,true,,633,129,100,100,http://localhost:7000/randomRequest,1222,0,0
1676158004519,999,HTTP Request,200,,Thread-Gruppe  1-29,text,true,,481,129,100,100,http://localhost:7000/randomRequest,999,0,0
1676158005243,323,HTTP Request,200,,Thread-Gruppe  1-66,text,true,,557,129,100,100,http://localhost:7000/randomRequest,323,0,0
1676158004839,727,HTTP Request,200,,Thread-Gruppe  1-26,text,true,,554,129,100,100,http://localhost:7000/randomRequest,727,0,1
1676158004735,831,HTTP Request,200,,Thread-Gruppe  1-23,text,true,,492,129,100,100,http://localhost:7000/randomRequest,831,0,0
1676158004167,1406,HTTP Request,200,,Thread-Gruppe  1-60,text,true,,527,129,100,100,http://localhost:7000/randomRequest,1406,0,1
1676158004977,620,HTTP Request,200,,Thread-Gruppe  1-62,text,true,,419,129,100,100,http://localhost:7000/randomRequest,620,0,1
1676158005079,518,HTTP Request,200,,Thread-Gruppe  1-91,text,true,,418,129,100,100,http://localhost:7000/randomRequest,518,0,0
1676158005097,521,HTTP Request,200,,Thread-Gruppe  1-64,text,true,,556,129,100,100,http://localhost:7000/randomRequest,521,0,0
1676158005019,606,HTTP Request,200,,Thread-Gruppe  1-75,text,true,,403,129,100,100,http://localhost:7000/randomRequest,606,0,1
1676158005019,607,HTTP Request,200,,Thread-Gruppe  1-46,text,true,,419,129,100,100,http://localhost:7000/randomRequest,607,0,1
1676158004806,823,HTTP Request,200,,Thread-Gruppe  1-61,text,true,,485,129,100,100,http://localhost:7000/randomRequest,823,0,1
1676158004126,1503,HTTP Request,200,,Thread-Gruppe  1-37,text,true,,537,129,100,100,http://localhost:7000/randomRequest,1503,0,0
1676158004944,715,HTTP Request,200,,Thread-Gruppe  1-7,text,true,,419,129,100,100,http://localhost:7000/randomRequest,715,0,0
1676158005033,627,HTTP Request,200,,Thread-Gruppe  1-65,text,true,,417,129,100,100,http://localhost:7000/randomRequest,627,0,1
1676158005047,613,HTTP Request,200,,Thread-Gruppe  1-16,text,true,,558,129,100,100,http://localhost:7000/randomRequest,613,0,0
1676158004746,914,HTTP Request,200,,Thread-Gruppe  1-47,text,true,,881,129,100,100,http://localhost:7000/randomRequest,914,0,0
1676158005173,508,HTTP Request,200,,Thread-Gruppe  1-54,text,true,,419,129,100,100,http://localhost:7000/randomRequest,508,0,0
1676158005079,622,HTTP Request,200,,Thread-Gruppe  1-14,text,true,,481,129,100,100,http://localhost:7000/randomRequest,622,0,0
1676158004890,824,HTTP Request,200,,Thread-Gruppe  1-76,text,true,,486,129,100,100,http://localhost:7000/randomRequest,824,0,0
1676158005109,610,HTTP Request,200,,Thread-Gruppe  1-55,text,true,,555,129,100,100,http://localhost:7000/randomRequest,610,0,0
1676158004911,821,HTTP Request,200,,Thread-Gruppe  1-94,text,true,,488,129,100,100,http://localhost:7000/randomRequest,821,0,0
1676158004808,924,HTTP Request,200,,Thread-Gruppe  1-1,text,true,,492,129,100,100,http://localhost:7000/randomRequest,924,0,1
1676158005341,414,HTTP Request,200,,Thread-Gruppe  1-17,text,true,,485,129,100,100,http://localhost:7000/randomRequest,414,0,1
1676158005069,716,HTTP Request,200,,Thread-Gruppe  1-82,text,true,,417,129,100,100,http://localhost:7000/randomRequest,716,0,1
1676158004875,927,HTTP Request,200,,Thread-Gruppe  1-42,text,true,,476,129,100,100,http://localhost:7000/randomRequest,927,0,1
1676158004990,822,HTTP Request,200,,Thread-Gruppe  1-9,text,true,,490,129,100,100,http://localhost:7000/randomRequest,822,0,1
1676158005313,511,HTTP Request,200,,Thread-Gruppe  1-10,text,true,,419,129,100,100,http://localhost:7000/randomRequest,511,0,1
1676158004913,919,HTTP Request,200,,Thread-Gruppe  1-74,text,true,,562,129,100,100,http://localhost:7000/randomRequest,919,0,0
1676158005409,429,HTTP Request,200,,Thread-Gruppe  1-3,text,true,,415,129,100,100,http://localhost:7000/randomRequest,429,0,0
1676158005378,511,HTTP Request,200,,Thread-Gruppe  1-53,text,true,,418,129,100,100,http://localhost:7000/randomRequest,511,0,0
1676158005069,820,HTTP Request,200,,Thread-Gruppe  1-13,text,true,,485,129,100,100,http://localhost:7000/randomRequest,820,0,1
1676158004808,1106,HTTP Request,200,,Thread-Gruppe  1-5,text,true,,643,129,100,100,http://localhost:7000/randomRequest,1106,0,1
1676158004969,950,HTTP Request,200,,Thread-Gruppe  1-39,text,true,,672,129,100,100,http://localhost:7000/randomRequest,950,0,0
1676158005518,413,HTTP Request,200,,Thread-Gruppe  1-29,text,true,,414,129,100,100,http://localhost:7000/randomRequest,413,0,0
1676158005417,514,HTTP Request,200,,Thread-Gruppe  1-87,text,true,,419,129,100,100,http://localhost:7000/randomRequest,514,0,1
1676158005423,509,HTTP Request,200,,Thread-Gruppe  1-72,text,true,,418,129,100,100,http://localhost:7000/randomRequest,509,0,1
1676158005119,813,HTTP Request,200,,Thread-Gruppe  1-2,text,true,,490,129,100,100,http://localhost:7000/randomRequest,813,0,0
1676158005234,720,HTTP Request,200,,Thread-Gruppe  1-97,text,true,,492,129,100,100,http://localhost:7000/randomRequest,720,0,0
1676158005344,618,HTTP Request,200,,Thread-Gruppe  1-8,text,true,,418,129,100,100,http://localhost:7000/randomRequest,618,0,0
1676158005355,612,HTTP Request,200,,Thread-Gruppe  1-89,text,true,,419,129,100,100,http://localhost:7000/randomRequest,612,0,0
1676158005047,920,HTTP Request,200,,Thread-Gruppe  1-86,text,true,,492,129,100,100,http://localhost:7000/randomRequest,920,0,0
1676158004246,1736,HTTP Request,200,,Thread-Gruppe  1-24,text,true,,541,129,100,100,http://localhost:7000/randomRequest,1736,0,0
1676158005273,716,HTTP Request,200,,Thread-Gruppe  1-77,text,true,,485,129,100,100,http://localhost:7000/randomRequest,716,0,1
1676158005273,716,HTTP Request,200,,Thread-Gruppe  1-43,text,true,,414,129,100,100,http://localhost:7000/randomRequest,716,0,1
1676158005189,828,HTTP Request,200,,Thread-Gruppe  1-67,text,true,,492,129,100,100,http://localhost:7000/randomRequest,828,0,1
1676158005417,614,HTTP Request,200,,Thread-Gruppe  1-52,text,true,,403,129,100,100,http://localhost:7000/randomRequest,614,0,1
1676158005514,517,HTTP Request,200,,Thread-Gruppe  1-28,text,true,,418,129,100,100,http://localhost:7000/randomRequest,517,0,0
1676158005313,718,HTTP Request,200,,Thread-Gruppe  1-12,text,true,,545,129,100,100,http://localhost:7000/randomRequest,718,0,1
1676158005018,1017,HTTP Request,200,,Thread-Gruppe  1-57,text,true,,492,129,100,100,http://localhost:7000/randomRequest,1017,0,0
1676158005629,412,HTTP Request,200,,Thread-Gruppe  1-61,text,true,,581,129,100,100,http://localhost:7000/randomRequest,412,0,1
1676158004930,1135,HTTP Request,200,,Thread-Gruppe  1-96,text,true,,403,129,100,100,http://localhost:7000/randomRequest,1135,0,0
1676158005151,916,HTTP Request,200,,Thread-Gruppe  1-59,text,true,,419,129,100,100,http://localhost:7000/randomRequest,916,0,0
1676158005251,816,HTTP Request,200,,Thread-Gruppe  1-88,text,true,,403,129,100,100,http://localhost:7000/randomRequest,816,0,0
1676157976049,30019,HTTP Request,500,,Thread-Gruppe  1-85,text,false,,258,129,100,100,http://localhost:7000/randomRequest,30019,0,0
1676158004579,1505,HTTP Request,200,,Thread-Gruppe  1-93,text,true,,633,129,100,100,http://localhost:7000/randomRequest,1505,0,0
1676158004990,1094,HTTP Request,200,,Thread-Gruppe  1-41,text,true,,526,129,100,100,http://localhost:7000/randomRequest,1094,0,1
1676158005173,916,HTTP Request,200,,Thread-Gruppe  1-30,text,true,,490,129,100,100,http://localhost:7000/randomRequest,916,0,0
1676158005013,1119,HTTP Request,200,,Thread-Gruppe  1-95,text,true,,643,129,100,100,http://localhost:7000/randomRequest,1119,0,1
1676158005417,718,HTTP Request,200,,Thread-Gruppe  1-35,text,true,,1350,129,100,100,http://localhost:7000/randomRequest,718,0,1
1676158005188,947,HTTP Request,200,,Thread-Gruppe  1-70,text,true,,573,129,100,100,http://localhost:7000/randomRequest,947,0,1
1676158005423,721,HTTP Request,200,,Thread-Gruppe  1-20,text,true,,2516,129,100,100,http://localhost:7000/randomRequest,721,0,1
1676158005425,719,HTTP Request,200,,Thread-Gruppe  1-21,text,true,,490,129,100,100,http://localhost:7000/randomRequest,719,0,0
1676158005130,1028,HTTP Request,200,,Thread-Gruppe  1-18,text,true,,492,129,100,100,http://localhost:7000/randomRequest,1028,0,0
1676158005457,712,HTTP Request,200,,Thread-Gruppe  1-79,text,true,,490,129,100,100,http://localhost:7000/randomRequest,712,0,0
1676158005682,512,HTTP Request,200,,Thread-Gruppe  1-54,text,true,,485,129,100,100,http://localhost:7000/randomRequest,512,0,0
1676158005090,1104,HTTP Request,200,,Thread-Gruppe  1-40,text,true,,541,129,100,100,http://localhost:7000/randomRequest,1104,0,1
1676158005597,620,HTTP Request,200,,Thread-Gruppe  1-91,text,true,,490,129,100,100,http://localhost:7000/randomRequest,620,0,0
1676158005597,620,HTTP Request,200,,Thread-Gruppe  1-62,text,true,,564,129,100,100,http://localhost:7000/randomRequest,620,0,0
1676158005013,1204,HTTP Request,200,,Thread-Gruppe  1-99,text,true,,647,129,100,100,http://localhost:7000/randomRequest,1204,0,1
1676158005398,825,HTTP Request,200,,Thread-Gruppe  1-71,text,true,,569,129,100,100,http://localhost:7000/randomRequest,825,0,1
1676158004630,1610,HTTP Request,200,,Thread-Gruppe  1-98,text,true,,527,129,100,100,http://localhost:7000/randomRequest,1610,0,0
1676158005566,723,HTTP Request,200,,Thread-Gruppe  1-66,text,true,,492,129,100,100,http://localhost:7000/randomRequest,723,0,0
1676158005566,723,HTTP Request,200,,Thread-Gruppe  1-26,text,true,,566,129,100,100,http://localhost:7000/randomRequest,723,0,0
1676158005474,820,HTTP Request,200,,Thread-Gruppe  1-50,text,true,,488,129,100,100,http://localhost:7000/randomRequest,820,0,0
1676158005409,909,HTTP Request,200,,Thread-Gruppe  1-63,text,true,,481,129,100,100,http://localhost:7000/randomRequest,909,0,0
1676158005398,927,HTTP Request,200,,Thread-Gruppe  1-27,text,true,,492,129,100,100,http://localhost:7000/randomRequest,927,0,1
1676158005514,827,HTTP Request,200,,Thread-Gruppe  1-51,text,true,,492,129,100,100,http://localhost:7000/randomRequest,827,0,0
1676158005151,1190,HTTP Request,200,,Thread-Gruppe  1-6,text,true,,540,129,100,100,http://localhost:7000/randomRequest,1190,0,0
1676158005732,613,HTTP Request,200,,Thread-Gruppe  1-1,text,true,,490,129,100,100,http://localhost:7000/randomRequest,613,0,0
1676158005378,999,HTTP Request,200,,Thread-Gruppe  1-33,text,true,,643,129,100,100,http://localhost:7000/randomRequest,999,0,0
1676158005660,725,HTTP Request,200,,Thread-Gruppe  1-65,text,true,,416,129,100,100,http://localhost:7000/randomRequest,725,0,0
1676158005660,738,HTTP Request,200,,Thread-Gruppe  1-47,text,true,,678,129,100,100,http://localhost:7000/randomRequest,738,0,0
1676158005889,509,HTTP Request,200,,Thread-Gruppe  1-53,text,true,,418,129,100,100,http://localhost:7000/randomRequest,509,0,0
1676158005889,509,HTTP Request,200,,Thread-Gruppe  1-13,text,true,,419,129,100,100,http://localhost:7000/randomRequest,509,0,0
1676158006035,413,HTTP Request,200,,Thread-Gruppe  1-57,text,true,,559,129,100,100,http://localhost:7000/randomRequest,413,0,0
1676158005832,616,HTTP Request,200,,Thread-Gruppe  1-74,text,true,,419,129,100,100,http://localhost:7000/randomRequest,616,0,0
1676158005423,1031,HTTP Request,200,,Thread-Gruppe  1-58,text,true,,491,129,100,100,http://localhost:7000/randomRequest,1031,0,1
1676158005625,837,HTTP Request,200,,Thread-Gruppe  1-75,text,true,,674,129,100,100,http://localhost:7000/randomRequest,837,0,1
1676158006068,409,HTTP Request,200,,Thread-Gruppe  1-85,text,true,,560,129,100,100,http://localhost:7000/randomRequest,409,0,0
1676158005701,819,HTTP Request,200,,Thread-Gruppe  1-14,text,true,,485,129,100,100,http://localhost:7000/randomRequest,819,0,0
1676158005812,719,HTTP Request,200,,Thread-Gruppe  1-9,text,true,,481,129,100,100,http://localhost:7000/randomRequest,719,0,0
1676158005720,821,HTTP Request,200,,Thread-Gruppe  1-55,text,true,,480,129,100,100,http://localhost:7000/randomRequest,821,0,0
1676158005919,622,HTTP Request,200,,Thread-Gruppe  1-39,text,true,,418,129,100,100,http://localhost:7000/randomRequest,622,0,1
1676158005932,613,HTTP Request,200,,Thread-Gruppe  1-72,text,true,,403,129,100,100,http://localhost:7000/randomRequest,613,0,0
1676158005732,819,HTTP Request,200,,Thread-Gruppe  1-94,text,true,,416,129,100,100,http://localhost:7000/randomRequest,819,0,0
1676158005447,1104,HTTP Request,200,,Thread-Gruppe  1-92,text,true,,541,129,100,100,http://localhost:7000/randomRequest,1104,0,0
1676158005968,619,HTTP Request,200,,Thread-Gruppe  1-89,text,true,,419,129,100,100,http://localhost:7000/randomRequest,619,0,0
1676158006031,556,HTTP Request,200,,Thread-Gruppe  1-12,text,true,,417,129,100,100,http://localhost:7000/randomRequest,556,0,1
1676158006067,520,HTTP Request,200,,Thread-Gruppe  1-88,text,true,,488,129,100,100,http://localhost:7000/randomRequest,520,0,1
1676158005378,1209,HTTP Request,200,,Thread-Gruppe  1-25,text,true,,541,129,100,100,http://localhost:7000/randomRequest,1209,0,0
1676158005566,1021,HTTP Request,200,,Thread-Gruppe  1-23,text,true,,541,129,100,100,http://localhost:7000/randomRequest,1021,0,0
1676158005954,633,HTTP Request,200,,Thread-Gruppe  1-97,text,true,,487,129,100,100,http://localhost:7000/randomRequest,633,0,0
1676158005660,931,HTTP Request,200,,Thread-Gruppe  1-7,text,true,,486,129,100,100,http://localhost:7000/randomRequest,931,0,0
1676158005518,1099,HTTP Request,200,,Thread-Gruppe  1-56,text,true,,541,129,100,100,http://localhost:7000/randomRequest,1099,0,0
1676158005109,1520,HTTP Request,200,,Thread-Gruppe  1-22,text,true,,541,129,100,100,http://localhost:7000/randomRequest,1520,0,0
1676158005323,1310,HTTP Request,200,,Thread-Gruppe  1-44,text,true,,534,129,100,100,http://localhost:7000/randomRequest,1310,0,0
1676158006031,618,HTTP Request,200,,Thread-Gruppe  1-28,text,true,,419,129,100,100,http://localhost:7000/randomRequest,618,0,1
1676158006135,517,HTTP Request,200,,Thread-Gruppe  1-35,text,true,,492,129,100,100,http://localhost:7000/randomRequest,517,0,0
1676158006158,514,HTTP Request,200,,Thread-Gruppe  1-18,text,true,,555,129,100,100,http://localhost:7000/randomRequest,514,0,0
1676158006169,513,HTTP Request,200,,Thread-Gruppe  1-79,text,true,,2163,129,100,100,http://localhost:7000/randomRequest,513,0,0
1676158006194,510,HTTP Request,200,,Thread-Gruppe  1-40,text,true,,492,129,100,100,http://localhost:7000/randomRequest,510,0,0
1676158006224,512,HTTP Request,200,,Thread-Gruppe  1-71,text,true,,560,129,100,100,http://localhost:7000/randomRequest,512,0,0
1676158005109,1644,HTTP Request,200,,Thread-Gruppe  1-32,text,true,,403,129,100,100,http://localhost:7000/randomRequest,1644,0,0
1676158006133,621,HTTP Request,200,,Thread-Gruppe  1-95,text,true,,485,129,100,100,http://localhost:7000/randomRequest,621,0,0
1676158006144,617,HTTP Request,200,,Thread-Gruppe  1-20,text,true,,417,129,100,100,http://localhost:7000/randomRequest,617,0,1
1676158006144,626,HTTP Request,200,,Thread-Gruppe  1-21,text,true,,417,129,100,100,http://localhost:7000/randomRequest,626,0,1
1676158006067,718,HTTP Request,200,,Thread-Gruppe  1-59,text,true,,492,129,100,100,http://localhost:7000/randomRequest,718,0,1
1676158006294,518,HTTP Request,200,,Thread-Gruppe  1-50,text,true,,418,129,100,100,http://localhost:7000/randomRequest,518,0,1
1676158005714,1098,HTTP Request,200,,Thread-Gruppe  1-76,text,true,,537,129,100,100,http://localhost:7000/randomRequest,1098,0,0
1676158006017,795,HTTP Request,200,,Thread-Gruppe  1-67,text,true,,541,129,100,100,http://localhost:7000/randomRequest,795,0,1
1676158006217,615,HTTP Request,200,,Thread-Gruppe  1-62,text,true,,403,129,100,100,http://localhost:7000/randomRequest,615,0,1
1676158006217,615,HTTP Request,200,,Thread-Gruppe  1-99,text,true,,481,129,100,100,http://localhost:7000/randomRequest,614,0,1
1676158006318,514,HTTP Request,200,,Thread-Gruppe  1-63,text,true,,492,129,100,100,http://localhost:7000/randomRequest,514,0,0
1676158005931,901,HTTP Request,200,,Thread-Gruppe  1-29,text,true,,647,129,100,100,http://localhost:7000/randomRequest,901,0,0
1676158006325,514,HTTP Request,200,,Thread-Gruppe  1-27,text,true,,543,129,100,100,http://localhost:7000/randomRequest,514,0,0
1676158006341,511,HTTP Request,200,,Thread-Gruppe  1-6,text,true,,416,129,100,100,http://localhost:7000/randomRequest,511,0,0
1676158006448,410,HTTP Request,200,,Thread-Gruppe  1-57,text,true,,543,129,100,100,http://localhost:7000/randomRequest,410,0,0
1676158005618,1240,HTTP Request,200,,Thread-Gruppe  1-64,text,true,,489,129,100,100,http://localhost:7000/randomRequest,1240,0,0
1676158006448,411,HTTP Request,200,,Thread-Gruppe  1-74,text,true,,417,129,100,100,http://localhost:7000/randomRequest,411,0,0
1676158005626,1233,HTTP Request,200,,Thread-Gruppe  1-46,text,true,,492,129,100,100,http://localhost:7000/randomRequest,1233,0,0
1676158006240,619,HTTP Request,200,,Thread-Gruppe  1-98,text,true,,481,129,100,100,http://localhost:7000/randomRequest,619,0,1
1676158005660,1202,HTTP Request,200,,Thread-Gruppe  1-16,text,true,,541,129,100,100,http://localhost:7000/randomRequest,1202,0,0
1676158005839,1023,HTTP Request,200,,Thread-Gruppe  1-3,text,true,,492,129,100,100,http://localhost:7000/randomRequest,1023,0,0
1676158005755,1128,HTTP Request,200,,Thread-Gruppe  1-17,text,true,,492,129,100,100,http://localhost:7000/randomRequest,1128,0,0
1676158006587,305,HTTP Request,200,,Thread-Gruppe  1-88,text,true,,419,129,100,100,http://localhost:7000/randomRequest,305,0,0
1676158006289,615,HTTP Request,200,,Thread-Gruppe  1-66,text,true,,485,129,100,100,http://localhost:7000/randomRequest,615,0,0
1676158006289,615,HTTP Request,200,,Thread-Gruppe  1-26,text,true,,492,129,100,100,http://localhost:7000/randomRequest,615,0,0
1676158006399,515,HTTP Request,200,,Thread-Gruppe  1-47,text,true,,419,129,100,100,http://localhost:7000/randomRequest,515,0,0
1676158006399,515,HTTP Request,200,,Thread-Gruppe  1-53,text,true,,553,129,100,100,http://localhost:7000/randomRequest,515,0,0
1676158006521,411,HTTP Request,200,,Thread-Gruppe  1-14,text,true,,419,129,100,100,http://localhost:7000/randomRequest,411,0,0
1676158006341,616,HTTP Request,200,,Thread-Gruppe  1-51,text,true,,560,129,100,100,http://localhost:7000/randomRequest,616,0,0
1676158006541,418,HTTP Request,200,,Thread-Gruppe  1-39,text,true,,419,129,100,100,http://localhost:7000/randomRequest,418,0,0
1676158005824,1136,HTTP Request,200,,Thread-Gruppe  1-10,text,true,,419,129,100,100,http://localhost:7000/randomRequest,1136,0,0
1676158006462,510,HTTP Request,200,,Thread-Gruppe  1-75,text,true,,419,129,100,100,http://localhost:7000/randomRequest,510,0,1
1676158006385,624,HTTP Request,200,,Thread-Gruppe  1-65,text,true,,403,129,100,100,http://localhost:7000/randomRequest,624,0,1
1676158006194,820,HTTP Request,200,,Thread-Gruppe  1-54,text,true,,403,129,100,100,http://localhost:7000/randomRequest,820,0,0
1676158006399,620,HTTP Request,200,,Thread-Gruppe  1-13,text,true,,485,129,100,100,http://localhost:7000/randomRequest,620,0,0
1676158005629,1414,HTTP Request,200,,Thread-Gruppe  1-37,text,true,,541,129,100,100,http://localhost:7000/randomRequest,1414,0,1
1676158005931,1147,HTTP Request,200,,Thread-Gruppe  1-87,text,true,,419,129,100,100,http://localhost:7000/randomRequest,1147,0,0
1676158006135,943,HTTP Request,200,,Thread-Gruppe  1-70,text,true,,549,129,100,100,http://localhost:7000/randomRequest,943,0,0
1676158006089,1012,HTTP Request,200,,Thread-Gruppe  1-30,text,true,,527,129,100,100,http://localhost:7000/randomRequest,1012,0,0
1676158006587,515,HTTP Request,200,,Thread-Gruppe  1-23,text,true,,403,129,100,100,http://localhost:7000/randomRequest,515,0,0
1676158006587,515,HTTP Request,200,,Thread-Gruppe  1-12,text,true,,419,129,100,100,http://localhost:7000/randomRequest,515,0,0
1676158006591,513,HTTP Request,200,,Thread-Gruppe  1-7,text,true,,417,129,100,100,http://localhost:7000/randomRequest,513,0,0
1676158005574,1545,HTTP Request,200,,Thread-Gruppe  1-60,text,true,,488,129,100,100,http://localhost:7000/randomRequest,1545,0,0
1676158005802,1339,HTTP Request,200,,Thread-Gruppe  1-42,text,true,,490,129,100,100,http://localhost:7000/randomRequest,1339,0,0
1676158006629,512,HTTP Request,200,,Thread-Gruppe  1-22,text,true,,419,129,100,100,http://localhost:7000/randomRequest,512,0,0
1676158006531,622,HTTP Request,200,,Thread-Gruppe  1-9,text,true,,542,129,100,100,http://localhost:7000/randomRequest,622,0,1
1676158005914,1239,HTTP Request,200,,Thread-Gruppe  1-5,text,true,,492,129,100,100,http://localhost:7000/randomRequest,1239,0,0
1676158006551,608,HTTP Request,200,,Thread-Gruppe  1-94,text,true,,492,129,100,100,http://localhost:7000/randomRequest,608,0,0
1676158006031,1128,HTTP Request,200,,Thread-Gruppe  1-52,text,true,,419,129,100,100,http://localhost:7000/randomRequest,1128,0,0
1676158006041,1135,HTTP Request,200,,Thread-Gruppe  1-61,text,true,,414,129,100,100,http://localhost:7000/randomRequest,1135,0,0
1676158006682,515,HTTP Request,200,,Thread-Gruppe  1-79,text,true,,485,129,100,100,http://localhost:7000/randomRequest,515,0,0
1676158006587,618,HTTP Request,200,,Thread-Gruppe  1-97,text,true,,492,129,100,100,http://localhost:7000/randomRequest,618,0,0
1676158006217,1004,HTTP Request,200,,Thread-Gruppe  1-91,text,true,,537,129,100,100,http://localhost:7000/randomRequest,1004,0,1
1676158006704,517,HTTP Request,200,,Thread-Gruppe  1-40,text,true,,419,129,100,100,http://localhost:7000/randomRequest,517,0,0
1676158006617,626,HTTP Request,200,,Thread-Gruppe  1-56,text,true,,490,129,100,100,http://localhost:7000/randomRequest,626,0,1
1676158006633,621,HTTP Request,200,,Thread-Gruppe  1-44,text,true,,488,129,100,100,http://localhost:7000/randomRequest,621,0,1
1676158005932,1333,HTTP Request,200,,Thread-Gruppe  1-2,text,true,,492,129,100,100,http://localhost:7000/randomRequest,1333,0,0
1676158006652,624,HTTP Request,200,,Thread-Gruppe  1-35,text,true,,548,129,100,100,http://localhost:7000/randomRequest,624,0,0
1676158006477,815,HTTP Request,200,,Thread-Gruppe  1-85,text,true,,490,129,100,100,http://localhost:7000/randomRequest,815,0,1
1676158006377,919,HTTP Request,200,,Thread-Gruppe  1-33,text,true,,528,129,100,100,http://localhost:7000/randomRequest,919,0,1
1676158006587,714,HTTP Request,200,,Thread-Gruppe  1-89,text,true,,485,129,100,100,http://localhost:7000/randomRequest,714,0,0
1676158006345,980,HTTP Request,200,,Thread-Gruppe  1-1,text,true,,647,129,100,100,http://localhost:7000/randomRequest,980,0,0
1676158005982,1343,HTTP Request,200,,Thread-Gruppe  1-24,text,true,,417,129,100,100,http://localhost:7000/randomRequest,1343,0,0
1676158006454,892,HTTP Request,200,,Thread-Gruppe  1-58,text,true,,640,129,100,100,http://localhost:7000/randomRequest,892,0,1
1676158006541,815,HTTP Request,200,,Thread-Gruppe  1-55,text,true,,527,129,100,100,http://localhost:7000/randomRequest,815,0,0
1676158006755,621,HTTP Request,200,,Thread-Gruppe  1-95,text,true,,561,129,100,100,http://localhost:7000/randomRequest,621,0,0
1676158006649,727,HTTP Request,200,,Thread-Gruppe  1-28,text,true,,485,129,100,100,http://localhost:7000/randomRequest,727,0,1
1676158006673,706,HTTP Request,200,,Thread-Gruppe  1-18,text,true,,403,129,100,100,http://localhost:7000/randomRequest,706,0,0
1676158005785,1595,HTTP Request,200,,Thread-Gruppe  1-82,text,true,,647,129,100,100,http://localhost:7000/randomRequest,1595,0,0
1676158005968,1433,HTTP Request,200,,Thread-Gruppe  1-86,text,true,,492,129,100,100,http://localhost:7000/randomRequest,1433,0,0
1676158006812,613,HTTP Request,200,,Thread-Gruppe  1-67,text,true,,558,129,100,100,http://localhost:7000/randomRequest,613,0,0
1676158006832,614,HTTP Request,200,,Thread-Gruppe  1-99,text,true,,489,129,100,100,http://localhost:7000/randomRequest,614,0,0
1676158006832,614,HTTP Request,200,,Thread-Gruppe  1-62,text,true,,560,129,100,100,http://localhost:7000/randomRequest,614,0,0
1676158006587,921,HTTP Request,200,,Thread-Gruppe  1-25,text,true,,491,129,100,100,http://localhost:7000/randomRequest,921,0,0
1676158006892,616,HTTP Request,200,,Thread-Gruppe  1-88,text,true,,550,129,100,100,http://localhost:7000/randomRequest,616,0,0
1676158005989,1537,HTTP Request,200,,Thread-Gruppe  1-43,text,true,,419,129,100,100,http://localhost:7000/randomRequest,1537,0,0
1676158006932,627,HTTP Request,200,,Thread-Gruppe  1-14,text,true,,570,129,100,100,http://localhost:7000/randomRequest,627,0,0
1676158006957,608,HTTP Request,200,,Thread-Gruppe  1-51,text,true,,492,129,100,100,http://localhost:7000/randomRequest,608,0,0
1676158006959,613,HTTP Request,200,,Thread-Gruppe  1-39,text,true,,419,129,100,100,http://localhost:7000/randomRequest,613,0,0
1676158006960,619,HTTP Request,200,,Thread-Gruppe  1-10,text,true,,561,129,100,100,http://localhost:7000/randomRequest,619,0,0
1676158006859,720,HTTP Request,200,,Thread-Gruppe  1-98,text,true,,553,129,100,100,http://localhost:7000/randomRequest,720,0,0
1676158007078,502,HTTP Request,200,,Thread-Gruppe  1-70,text,true,,492,129,100,100,http://localhost:7000/randomRequest,502,0,1
1676158006786,822,HTTP Request,200,,Thread-Gruppe  1-59,text,true,,492,129,100,100,http://localhost:7000/randomRequest,822,0,0
1676158007014,615,HTTP Request,200,,Thread-Gruppe  1-54,text,true,,419,129,100,100,http://localhost:7000/randomRequest,615,0,1
1676158005989,1640,HTTP Request,200,,Thread-Gruppe  1-77,text,true,,492,129,100,100,http://localhost:7000/randomRequest,1640,0,0
1676158007141,510,HTTP Request,200,,Thread-Gruppe  1-42,text,true,,564,129,100,100,http://localhost:7000/randomRequest,510,0,1
1676158006832,827,HTTP Request,200,,Thread-Gruppe  1-63,text,true,,492,129,100,100,http://localhost:7000/randomRequest,827,0,0
1676158006832,827,HTTP Request,200,,Thread-Gruppe  1-29,text,true,,418,129,100,100,http://localhost:7000/randomRequest,827,0,0
1676158007043,619,HTTP Request,200,,Thread-Gruppe  1-37,text,true,,492,129,100,100,http://localhost:7000/randomRequest,619,0,4
1676158007153,509,HTTP Request,200,,Thread-Gruppe  1-9,text,true,,419,129,100,100,http://localhost:7000/randomRequest,509,0,0
1676158006862,817,HTTP Request,200,,Thread-Gruppe  1-16,text,true,,492,129,100,100,http://localhost:7000/randomRequest,817,0,0
1676158006859,820,HTTP Request,200,,Thread-Gruppe  1-46,text,true,,419,129,100,100,http://localhost:7000/randomRequest,820,0,0
1676158006883,817,HTTP Request,200,,Thread-Gruppe  1-17,text,true,,419,129,100,100,http://localhost:7000/randomRequest,817,0,0
1676158007102,610,HTTP Request,200,,Thread-Gruppe  1-12,text,true,,481,129,100,100,http://localhost:7000/randomRequest,610,0,1
1676158007104,626,HTTP Request,200,,Thread-Gruppe  1-7,text,true,,474,129,100,100,http://localhost:7000/randomRequest,626,0,0
1676158006084,1646,HTTP Request,200,,Thread-Gruppe  1-41,text,true,,418,129,100,100,http://localhost:7000/randomRequest,1646,0,0
1676158006812,918,HTTP Request,200,,Thread-Gruppe  1-76,text,true,,492,129,100,100,http://localhost:7000/randomRequest,918,0,0
1676158006545,1219,HTTP Request,200,,Thread-Gruppe  1-72,text,true,,526,129,100,100,http://localhost:7000/randomRequest,1219,0,0
1676158006770,997,HTTP Request,200,,Thread-Gruppe  1-21,text,true,,647,129,100,100,http://localhost:7000/randomRequest,997,0,0
1676158006853,916,HTTP Request,200,,Thread-Gruppe  1-6,text,true,,492,129,100,100,http://localhost:7000/randomRequest,916,0,0
1676158006753,1020,HTTP Request,200,,Thread-Gruppe  1-32,text,true,,419,129,100,100,http://localhost:7000/randomRequest,1020,0,0
1676158006862,917,HTTP Request,200,,Thread-Gruppe  1-3,text,true,,569,129,100,100,http://localhost:7000/randomRequest,917,0,0
1676158006858,921,HTTP Request,200,,Thread-Gruppe  1-64,text,true,,418,129,100,100,http://localhost:7000/randomRequest,921,0,0
1676158007205,607,HTTP Request,200,,Thread-Gruppe  1-97,text,true,,489,129,100,100,http://localhost:7000/randomRequest,607,0,0
1676158007101,714,HTTP Request,200,,Thread-Gruppe  1-30,text,true,,550,129,100,100,http://localhost:7000/randomRequest,714,0,0
1676158007197,618,HTTP Request,200,,Thread-Gruppe  1-79,text,true,,558,129,100,100,http://localhost:7000/randomRequest,618,0,0
1676158007346,521,HTTP Request,200,,Thread-Gruppe  1-58,text,true,,488,129,100,100,http://localhost:7000/randomRequest,521,0,1
1676158007243,624,HTTP Request,200,,Thread-Gruppe  1-56,text,true,,419,129,100,100,http://localhost:7000/randomRequest,624,0,0
1676158007380,508,HTTP Request,200,,Thread-Gruppe  1-82,text,true,,565,129,100,100,http://localhost:7000/randomRequest,508,0,0
1676158006065,1839,HTTP Request,200,,Thread-Gruppe  1-96,text,true,,492,129,100,100,http://localhost:7000/randomRequest,1839,0,0
1676158007292,621,HTTP Request,200,,Thread-Gruppe  1-85,text,true,,418,129,100,100,http://localhost:7000/randomRequest,621,0,0
1676158007301,616,HTTP Request,200,,Thread-Gruppe  1-89,text,true,,415,129,100,100,http://localhost:7000/randomRequest,616,0,1
1676158006914,1018,HTTP Request,200,,Thread-Gruppe  1-47,text,true,,492,129,100,100,http://localhost:7000/randomRequest,1018,0,1
1676158006914,1018,HTTP Request,200,,Thread-Gruppe  1-53,text,true,,486,129,100,100,http://localhost:7000/randomRequest,1018,0,1
1676158006736,1209,HTTP Request,200,,Thread-Gruppe  1-71,text,true,,645,129,100,100,http://localhost:7000/randomRequest,1209,0,0
1676158007446,513,HTTP Request,200,,Thread-Gruppe  1-62,text,true,,417,129,100,100,http://localhost:7000/randomRequest,513,0,0
1676158007265,712,HTTP Request,200,,Thread-Gruppe  1-2,text,true,,488,129,100,100,http://localhost:7000/randomRequest,712,0,0
1676158006972,1020,HTTP Request,200,,Thread-Gruppe  1-75,text,true,,488,129,100,100,http://localhost:7000/randomRequest,1020,0,0
1676158007078,914,HTTP Request,200,,Thread-Gruppe  1-87,text,true,,485,129,100,100,http://localhost:7000/randomRequest,914,0,0
1676158007401,616,HTTP Request,200,,Thread-Gruppe  1-86,text,true,,549,129,100,100,http://localhost:7000/randomRequest,616,0,0
1676158007579,438,HTTP Request,200,,Thread-Gruppe  1-98,text,true,,417,129,100,100,http://localhost:7000/randomRequest,438,0,0
1676158006812,1221,HTTP Request,200,,Thread-Gruppe  1-50,text,true,,492,129,100,100,http://localhost:7000/randomRequest,1221,0,0
1676158007325,708,HTTP Request,200,,Thread-Gruppe  1-24,text,true,,552,129,100,100,http://localhost:7000/randomRequest,708,0,1
1676158006761,1309,HTTP Request,200,,Thread-Gruppe  1-20,text,true,,541,129,100,100,http://localhost:7000/randomRequest,1309,0,0
1676158007679,409,HTTP Request,200,,Thread-Gruppe  1-16,text,true,,418,129,100,100,http://localhost:7000/randomRequest,409,0,0
1676158006904,1235,HTTP Request,200,,Thread-Gruppe  1-66,text,true,,537,129,100,100,http://localhost:7000/randomRequest,1235,0,0
1676158007119,1020,HTTP Request,200,,Thread-Gruppe  1-60,text,true,,492,129,100,100,http://localhost:7000/randomRequest,1020,0,1
1676158007526,613,HTTP Request,200,,Thread-Gruppe  1-43,text,true,,551,129,100,100,http://localhost:7000/randomRequest,613,0,0
1676158006084,2055,HTTP Request,200,,Thread-Gruppe  1-93,text,true,,481,129,100,100,http://localhost:7000/randomRequest,2055,0,0
1676158007325,814,HTTP Request,200,,Thread-Gruppe  1-1,text,true,,418,129,100,100,http://localhost:7000/randomRequest,814,0,1
1676158007009,1143,HTTP Request,200,,Thread-Gruppe  1-65,text,true,,537,129,100,100,http://localhost:7000/randomRequest,1143,0,0
1676158007651,518,HTTP Request,200,,Thread-Gruppe  1-42,text,true,,550,129,100,100,http://localhost:7000/randomRequest,518,0,1
1676158006858,1311,HTTP Request,200,,Thread-Gruppe  1-57,text,true,,491,129,100,100,http://localhost:7000/randomRequest,1311,0,0
1676158007254,921,HTTP Request,200,,Thread-Gruppe  1-44,text,true,,492,129,100,100,http://localhost:7000/randomRequest,921,0,0
1676158007565,610,HTTP Request,200,,Thread-Gruppe  1-51,text,true,,419,129,100,100,http://localhost:7000/randomRequest,610,0,0
1676158007153,1022,HTTP Request,200,,Thread-Gruppe  1-5,text,true,,481,129,100,100,http://localhost:7000/randomRequest,1022,0,0
1676158007659,520,HTTP Request,200,,Thread-Gruppe  1-63,text,true,,563,129,100,100,http://localhost:7000/randomRequest,520,0,0
1676158007357,822,HTTP Request,200,,Thread-Gruppe  1-55,text,true,,550,129,100,100,http://localhost:7000/randomRequest,822,0,0
1676158007276,916,HTTP Request,200,,Thread-Gruppe  1-35,text,true,,418,129,100,100,http://localhost:7000/randomRequest,916,0,0
1676158006839,1403,HTTP Request,200,,Thread-Gruppe  1-27,text,true,,527,129,100,100,http://localhost:7000/randomRequest,1403,0,1
1676158007730,512,HTTP Request,200,,Thread-Gruppe  1-7,text,true,,559,129,100,100,http://localhost:7000/randomRequest,512,0,0
1676158007629,613,HTTP Request,200,,Thread-Gruppe  1-77,text,true,,550,129,100,100,http://localhost:7000/randomRequest,613,0,1
1676158007159,1102,HTTP Request,200,,Thread-Gruppe  1-94,text,true,,647,129,100,100,http://localhost:7000/randomRequest,1102,0,1
1676158007663,613,HTTP Request,200,,Thread-Gruppe  1-37,text,true,,555,129,100,100,http://localhost:7000/randomRequest,613,0,0
1676158007560,716,HTTP Request,200,,Thread-Gruppe  1-14,text,true,,492,129,100,100,http://localhost:7000/randomRequest,716,0,0
1676158005962,2314,HTTP Request,200,,Thread-Gruppe  1-8,text,true,,527,129,100,100,http://localhost:7000/randomRequest,2314,0,1
1676158007221,1055,HTTP Request,200,,Thread-Gruppe  1-40,text,true,,569,129,100,100,http://localhost:7000/randomRequest,1055,0,0
1676158007764,515,HTTP Request,200,,Thread-Gruppe  1-72,text,true,,551,129,100,100,http://localhost:7000/randomRequest,515,0,0
1676158007773,516,HTTP Request,200,,Thread-Gruppe  1-32,text,true,,556,129,100,100,http://localhost:7000/randomRequest,516,0,1
1676158007779,514,HTTP Request,200,,Thread-Gruppe  1-64,text,true,,419,129,100,100,http://localhost:7000/randomRequest,514,0,1
1676158007581,718,HTTP Request,200,,Thread-Gruppe  1-70,text,true,,560,129,100,100,http://localhost:7000/randomRequest,718,0,0
1676158007102,1208,HTTP Request,200,,Thread-Gruppe  1-23,text,true,,537,129,100,100,http://localhost:7000/randomRequest,1208,0,1
1676158007608,711,HTTP Request,200,,Thread-Gruppe  1-59,text,true,,402,129,100,100,http://localhost:7000/randomRequest,711,0,0
1676158007730,613,HTTP Request,200,,Thread-Gruppe  1-76,text,true,,419,129,100,100,http://localhost:7000/randomRequest,613,0,0
1676158007712,631,HTTP Request,200,,Thread-Gruppe  1-12,text,true,,417,129,100,100,http://localhost:7000/randomRequest,631,0,0
1676158007019,1326,HTTP Request,200,,Thread-Gruppe  1-13,text,true,,527,129,100,100,http://localhost:7000/randomRequest,1326,0,0
1676158007446,928,HTTP Request,200,,Thread-Gruppe  1-99,text,true,,481,129,100,100,http://localhost:7000/randomRequest,928,0,0
1676158007659,718,HTTP Request,200,,Thread-Gruppe  1-29,text,true,,537,129,100,100,http://localhost:7000/randomRequest,718,0,0
1676158007663,719,HTTP Request,200,,Thread-Gruppe  1-9,text,true,,419,129,100,100,http://localhost:7000/randomRequest,719,0,0
1676158007296,1097,HTTP Request,200,,Thread-Gruppe  1-33,text,true,,537,129,100,100,http://localhost:7000/randomRequest,1097,0,0
1676158007779,614,HTTP Request,200,,Thread-Gruppe  1-3,text,true,,419,129,100,100,http://localhost:7000/randomRequest,614,0,1
1676158006904,1489,HTTP Request,200,,Thread-Gruppe  1-26,text,true,,647,129,100,100,http://localhost:7000/randomRequest,1489,0,0
1676158007977,416,HTTP Request,200,,Thread-Gruppe  1-2,text,true,,418,129,100,100,http://localhost:7000/randomRequest,416,0,1
1676158007579,816,HTTP Request,200,,Thread-Gruppe  1-10,text,true,,419,129,100,100,http://localhost:7000/randomRequest,816,0,0
1676158007679,716,HTTP Request,200,,Thread-Gruppe  1-46,text,true,,490,129,100,100,http://localhost:7000/randomRequest,716,0,0
1676158007377,1018,HTTP Request,200,,Thread-Gruppe  1-28,text,true,,403,129,100,100,http://localhost:7000/randomRequest,1018,0,0
1676158007700,718,HTTP Request,200,,Thread-Gruppe  1-17,text,true,,482,129,100,100,http://localhost:7000/randomRequest,718,0,0
1676158007221,1197,HTTP Request,200,,Thread-Gruppe  1-91,text,true,,647,129,100,100,http://localhost:7000/randomRequest,1197,0,0
1676158008018,402,HTTP Request,200,,Thread-Gruppe  1-86,text,true,,419,129,100,100,http://localhost:7000/randomRequest,402,0,0
1676158007508,912,HTTP Request,200,,Thread-Gruppe  1-25,text,true,,415,129,100,100,http://localhost:7000/randomRequest,912,0,0
1676158007815,610,HTTP Request,200,,Thread-Gruppe  1-30,text,true,,419,129,100,100,http://localhost:7000/randomRequest,610,0,0
1676158007730,716,HTTP Request,200,,Thread-Gruppe  1-41,text,true,,492,129,100,100,http://localhost:7000/randomRequest,716,0,0
1676158007629,817,HTTP Request,200,,Thread-Gruppe  1-54,text,true,,419,129,100,100,http://localhost:7000/randomRequest,817,0,1
1676158007945,516,HTTP Request,200,,Thread-Gruppe  1-71,text,true,,419,129,100,100,http://localhost:7000/randomRequest,516,0,1
1676158007176,1306,HTTP Request,200,,Thread-Gruppe  1-61,text,true,,537,129,100,100,http://localhost:7000/randomRequest,1306,0,0
1676158007379,1107,HTTP Request,200,,Thread-Gruppe  1-18,text,true,,536,129,100,100,http://localhost:7000/randomRequest,1107,0,1
1676158007812,713,HTTP Request,200,,Thread-Gruppe  1-97,text,true,,562,129,100,100,http://localhost:7000/randomRequest,713,0,1
1676158008034,519,HTTP Request,200,,Thread-Gruppe  1-50,text,true,,560,129,100,100,http://localhost:7000/randomRequest,519,0,0
1676158007913,645,HTTP Request,200,,Thread-Gruppe  1-85,text,true,,547,129,100,100,http://localhost:7000/randomRequest,645,0,0
1676158007932,633,HTTP Request,200,,Thread-Gruppe  1-53,text,true,,417,129,100,100,http://localhost:7000/randomRequest,633,0,0
1676158007767,815,HTTP Request,200,,Thread-Gruppe  1-21,text,true,,485,129,100,100,http://localhost:7000/randomRequest,815,0,1
1676158007769,813,HTTP Request,200,,Thread-Gruppe  1-6,text,true,,418,129,100,100,http://localhost:7000/randomRequest,813,0,0
1676158008070,512,HTTP Request,200,,Thread-Gruppe  1-20,text,true,,552,129,100,100,http://localhost:7000/randomRequest,512,0,1
1676158007868,720,HTTP Request,200,,Thread-Gruppe  1-56,text,true,,548,129,100,100,http://localhost:7000/randomRequest,720,0,0
1676158007572,1021,HTTP Request,200,,Thread-Gruppe  1-39,text,true,,492,129,100,100,http://localhost:7000/randomRequest,1021,0,0
1676158007992,612,HTTP Request,200,,Thread-Gruppe  1-75,text,true,,403,129,100,100,http://localhost:7000/randomRequest,612,0,1
1676158007992,612,HTTP Request,200,,Thread-Gruppe  1-87,text,true,,489,129,100,100,http://localhost:7000/randomRequest,612,0,1
1676158008018,611,HTTP Request,200,,Thread-Gruppe  1-98,text,true,,419,129,100,100,http://localhost:7000/randomRequest,611,0,0
1676158007141,1512,HTTP Request,200,,Thread-Gruppe  1-22,text,true,,525,129,100,100,http://localhost:7000/randomRequest,1512,0,1
1676158007932,721,HTTP Request,200,,Thread-Gruppe  1-47,text,true,,419,129,100,100,http://localhost:7000/randomRequest,721,0,0
1676158008242,411,HTTP Request,200,,Thread-Gruppe  1-77,text,true,,419,129,100,100,http://localhost:7000/randomRequest,411,0,1
1676158008175,510,HTTP Request,200,,Thread-Gruppe  1-5,text,true,,556,129,100,100,http://localhost:7000/randomRequest,510,0,0
1676158007868,825,HTTP Request,200,,Thread-Gruppe  1-58,text,true,,419,129,100,100,http://localhost:7000/randomRequest,825,0,0
1676158006859,1834,HTTP Request,200,,Thread-Gruppe  1-74,text,true,,527,129,100,100,http://localhost:7000/randomRequest,1834,0,0
1676158007159,1535,HTTP Request,200,,Thread-Gruppe  1-52,text,true,,481,129,100,100,http://localhost:7000/randomRequest,1535,0,1
1676158008289,405,HTTP Request,200,,Thread-Gruppe  1-32,text,true,,419,129,100,100,http://localhost:7000/randomRequest,405,0,0
1676158007904,825,HTTP Request,200,,Thread-Gruppe  1-96,text,true,,562,129,100,100,http://localhost:7000/randomRequest,825,0,1
1676157978713,30020,HTTP Request,500,,Thread-Gruppe  1-90,text,false,,258,129,100,100,http://localhost:7000/randomRequest,30020,0,0
1676158008242,513,HTTP Request,200,,Thread-Gruppe  1-7,text,true,,419,129,100,100,http://localhost:7000/randomRequest,513,0,1
1676158008261,514,HTTP Request,200,,Thread-Gruppe  1-94,text,true,,561,129,100,100,http://localhost:7000/randomRequest,514,0,0
1676158008169,616,HTTP Request,200,,Thread-Gruppe  1-57,text,true,,492,129,100,100,http://localhost:7000/randomRequest,616,0,1
1676158008374,411,HTTP Request,200,,Thread-Gruppe  1-99,text,true,,555,129,100,100,http://localhost:7000/randomRequest,411,0,0
1676158008179,614,HTTP Request,200,,Thread-Gruppe  1-63,text,true,,551,129,100,100,http://localhost:7000/randomRequest,614,0,0
1676158008382,411,HTTP Request,200,,Thread-Gruppe  1-9,text,true,,416,129,100,100,http://localhost:7000/randomRequest,411,0,1
1676158008276,517,HTTP Request,200,,Thread-Gruppe  1-14,text,true,,559,129,100,100,http://localhost:7000/randomRequest,517,0,1
1676158007889,926,HTTP Request,200,,Thread-Gruppe  1-82,text,true,,553,129,100,100,http://localhost:7000/randomRequest,926,0,0
1676158008299,518,HTTP Request,200,,Thread-Gruppe  1-70,text,true,,419,129,100,100,http://localhost:7000/randomRequest,518,0,0
1676158008425,407,HTTP Request,200,,Thread-Gruppe  1-30,text,true,,419,129,100,100,http://localhost:7000/randomRequest,407,0,0
1676157978678,30155,HTTP Request,500,,Thread-Gruppe  1-73,text,false,,258,129,100,100,http://localhost:7000/randomRequest,30155,0,0
1676158008139,722,HTTP Request,200,,Thread-Gruppe  1-1,text,true,,416,129,100,100,http://localhost:7000/randomRequest,722,0,0
1676158008565,308,HTTP Request,200,,Thread-Gruppe  1-53,text,true,,560,129,100,100,http://localhost:7000/randomRequest,308,0,0
1676158008279,615,HTTP Request,200,,Thread-Gruppe  1-72,text,true,,480,129,100,100,http://localhost:7000/randomRequest,615,0,0
1676158008179,715,HTTP Request,200,,Thread-Gruppe  1-55,text,true,,488,129,100,100,http://localhost:7000/randomRequest,715,0,0
1676158008393,508,HTTP Request,200,,Thread-Gruppe  1-26,text,true,,556,129,100,100,http://localhost:7000/randomRequest,508,0,1
1676158007508,1396,HTTP Request,200,,Thread-Gruppe  1-88,text,true,,537,129,100,100,http://localhost:7000/randomRequest,1396,0,0
1676158008192,719,HTTP Request,200,,Thread-Gruppe  1-35,text,true,,492,129,100,100,http://localhost:7000/randomRequest,719,0,1
1676158008310,621,HTTP Request,200,,Thread-Gruppe  1-23,text,true,,481,129,100,100,http://localhost:7000/randomRequest,621,0,0
1676158008139,816,HTTP Request,200,,Thread-Gruppe  1-66,text,true,,492,129,100,100,http://localhost:7000/randomRequest,816,0,0
1676158008242,723,HTTP Request,200,,Thread-Gruppe  1-27,text,true,,492,129,100,100,http://localhost:7000/randomRequest,723,0,1
1676158007959,1034,HTTP Request,200,,Thread-Gruppe  1-62,text,true,,563,129,100,100,http://localhost:7000/randomRequest,1034,0,0
1676158008175,818,HTTP Request,200,,Thread-Gruppe  1-51,text,true,,492,129,100,100,http://localhost:7000/randomRequest,818,0,0
1676158007377,1645,HTTP Request,200,,Thread-Gruppe  1-95,text,true,,537,129,100,100,http://localhost:7000/randomRequest,1645,0,0
1676158007426,1606,HTTP Request,200,,Thread-Gruppe  1-67,text,true,,535,129,100,100,http://localhost:7000/randomRequest,1606,0,0
1676158007917,1115,HTTP Request,200,,Thread-Gruppe  1-89,text,true,,492,129,100,100,http://localhost:7000/randomRequest,1115,0,1
1676158008420,612,HTTP Request,200,,Thread-Gruppe  1-25,text,true,,488,129,100,100,http://localhost:7000/randomRequest,612,0,1
1676158008446,610,HTTP Request,200,,Thread-Gruppe  1-54,text,true,,552,129,100,100,http://localhost:7000/randomRequest,610,0,1
1676158008343,725,HTTP Request,200,,Thread-Gruppe  1-76,text,true,,403,129,100,100,http://localhost:7000/randomRequest,725,0,0
1676158008139,929,HTTP Request,200,,Thread-Gruppe  1-93,text,true,,633,129,100,100,http://localhost:7000/randomRequest,929,0,0
1676158008276,819,HTTP Request,200,,Thread-Gruppe  1-37,text,true,,488,129,100,100,http://localhost:7000/randomRequest,819,0,0
1676158008482,616,HTTP Request,200,,Thread-Gruppe  1-61,text,true,,419,129,100,100,http://localhost:7000/randomRequest,616,0,0
1676158008694,405,HTTP Request,200,,Thread-Gruppe  1-32,text,true,,419,129,100,100,http://localhost:7000/randomRequest,405,0,0
1676158008293,808,HTTP Request,200,,Thread-Gruppe  1-64,text,true,,485,129,100,100,http://localhost:7000/randomRequest,808,0,0
1676158008582,519,HTTP Request,200,,Thread-Gruppe  1-20,text,true,,419,129,100,100,http://localhost:7000/randomRequest,519,0,0
1676158008276,825,HTTP Request,200,,Thread-Gruppe  1-40,text,true,,492,129,100,100,http://localhost:7000/randomRequest,825,0,1
1676158008393,714,HTTP Request,200,,Thread-Gruppe  1-33,text,true,,481,129,100,100,http://localhost:7000/randomRequest,714,0,1
1676158008395,713,HTTP Request,200,,Thread-Gruppe  1-10,text,true,,565,129,100,100,http://localhost:7000/randomRequest,713,0,0
1676158008525,611,HTTP Request,200,,Thread-Gruppe  1-97,text,true,,3818,129,100,100,http://localhost:7000/randomRequest,611,0,0
1676158008395,741,HTTP Request,200,,Thread-Gruppe  1-46,text,true,,545,129,100,100,http://localhost:7000/randomRequest,741,0,0
1676158008420,716,HTTP Request,200,,Thread-Gruppe  1-86,text,true,,492,129,100,100,http://localhost:7000/randomRequest,716,0,1
1676158008139,1033,HTTP Request,200,,Thread-Gruppe  1-60,text,true,,537,129,100,100,http://localhost:7000/randomRequest,1033,0,0
1676158008653,519,HTTP Request,200,,Thread-Gruppe  1-47,text,true,,492,129,100,100,http://localhost:7000/randomRequest,519,0,1
1676158008653,519,HTTP Request,200,,Thread-Gruppe  1-22,text,true,,417,129,100,100,http://localhost:7000/randomRequest,519,0,1
1676158008034,1145,HTTP Request,200,,Thread-Gruppe  1-24,text,true,,470,129,100,100,http://localhost:7000/randomRequest,1145,0,0
1676158008276,925,HTTP Request,200,,Thread-Gruppe  1-8,text,true,,478,129,100,100,http://localhost:7000/randomRequest,925,0,1
1676158008793,411,HTTP Request,200,,Thread-Gruppe  1-9,text,true,,574,129,100,100,http://localhost:7000/randomRequest,411,0,0
1676158007815,1395,HTTP Request,200,,Thread-Gruppe  1-79,text,true,,643,129,100,100,http://localhost:7000/randomRequest,1395,0,0
1676158008393,817,HTTP Request,200,,Thread-Gruppe  1-2,text,true,,492,129,100,100,http://localhost:7000/randomRequest,817,0,1
1676158008393,822,HTTP Request,200,,Thread-Gruppe  1-3,text,true,,492,129,100,100,http://localhost:7000/randomRequest,822,0,1
1676158008139,1100,HTTP Request,200,,Thread-Gruppe  1-43,text,true,,647,129,100,100,http://localhost:7000/randomRequest,1100,0,0
1676158008733,522,HTTP Request,200,,Thread-Gruppe  1-90,text,true,,521,129,100,100,http://localhost:7000/randomRequest,522,0,0
1676158008345,929,HTTP Request,200,,Thread-Gruppe  1-13,text,true,,556,129,100,100,http://localhost:7000/randomRequest,929,0,0
1676158008553,721,HTTP Request,200,,Thread-Gruppe  1-50,text,true,,492,129,100,100,http://localhost:7000/randomRequest,721,0,0
1676158008175,1127,HTTP Request,200,,Thread-Gruppe  1-44,text,true,,540,129,100,100,http://localhost:7000/randomRequest,1127,0,0
1676158008377,925,HTTP Request,200,,Thread-Gruppe  1-29,text,true,,544,129,100,100,http://localhost:7000/randomRequest,925,0,0
1676158008169,1136,HTTP Request,200,,Thread-Gruppe  1-42,text,true,,633,129,100,100,http://localhost:7000/randomRequest,1136,0,1
1676158008693,615,HTTP Request,200,,Thread-Gruppe  1-74,text,true,,568,129,100,100,http://localhost:7000/randomRequest,615,0,0
1676158008685,630,HTTP Request,200,,Thread-Gruppe  1-5,text,true,,417,129,100,100,http://localhost:7000/randomRequest,630,0,0
1676158008395,920,HTTP Request,200,,Thread-Gruppe  1-28,text,true,,488,129,100,100,http://localhost:7000/randomRequest,920,0,0
1676158008604,717,HTTP Request,200,,Thread-Gruppe  1-75,text,true,,555,129,100,100,http://localhost:7000/randomRequest,717,0,0
1676158008319,1002,HTTP Request,200,,Thread-Gruppe  1-59,text,true,,527,129,100,100,http://localhost:7000/randomRequest,1002,0,0
1676158008817,510,HTTP Request,200,,Thread-Gruppe  1-70,text,true,,2349,129,100,100,http://localhost:7000/randomRequest,510,0,1
1676158008694,637,HTTP Request,200,,Thread-Gruppe  1-52,text,true,,417,129,100,100,http://localhost:7000/randomRequest,637,0,0
1676158008446,897,HTTP Request,200,,Thread-Gruppe  1-41,text,true,,643,129,100,100,http://localhost:7000/randomRequest,897,0,1
1676158008418,925,HTTP Request,200,,Thread-Gruppe  1-91,text,true,,403,129,100,100,http://localhost:7000/randomRequest,925,0,1
1676157979254,30090,HTTP Request,500,,Thread-Gruppe  1-68,text,false,,258,129,100,100,http://localhost:7000/randomRequest,30090,0,0
1676158008833,515,HTTP Request,200,,Thread-Gruppe  1-73,text,true,,419,129,100,100,http://localhost:7000/randomRequest,515,0,0
1676158008653,723,HTTP Request,200,,Thread-Gruppe  1-77,text,true,,565,129,100,100,http://localhost:7000/randomRequest,723,0,1
1676158008558,818,HTTP Request,200,,Thread-Gruppe  1-85,text,true,,419,129,100,100,http://localhost:7000/randomRequest,818,0,0
1676158008775,620,HTTP Request,200,,Thread-Gruppe  1-94,text,true,,492,129,100,100,http://localhost:7000/randomRequest,620,0,0
1676158008152,1243,HTTP Request,200,,Thread-Gruppe  1-65,text,true,,537,129,100,100,http://localhost:7000/randomRequest,1243,0,0
1676158008794,614,HTTP Request,200,,Thread-Gruppe  1-14,text,true,,418,129,100,100,http://localhost:7000/randomRequest,614,0,0
1676158008582,826,HTTP Request,200,,Thread-Gruppe  1-21,text,true,,418,129,100,100,http://localhost:7000/randomRequest,826,0,0
1676158008593,818,HTTP Request,200,,Thread-Gruppe  1-39,text,true,,418,129,100,100,http://localhost:7000/randomRequest,818,0,1
1676158008815,616,HTTP Request,200,,Thread-Gruppe  1-82,text,true,,551,129,100,100,http://localhost:7000/randomRequest,616,0,1
1676158008832,620,HTTP Request,200,,Thread-Gruppe  1-30,text,true,,419,129,100,100,http://localhost:7000/randomRequest,620,0,0
1676158008343,1133,HTTP Request,200,,Thread-Gruppe  1-12,text,true,,523,129,100,100,http://localhost:7000/randomRequest,1133,0,0
1676158008089,1391,HTTP Request,200,,Thread-Gruppe  1-16,text,true,,527,129,100,100,http://localhost:7000/randomRequest,1391,0,0
1676158008873,619,HTTP Request,200,,Thread-Gruppe  1-53,text,true,,492,129,100,100,http://localhost:7000/randomRequest,619,0,1
1676158008894,616,HTTP Request,200,,Thread-Gruppe  1-55,text,true,,567,129,100,100,http://localhost:7000/randomRequest,616,0,1
1676158008785,726,HTTP Request,200,,Thread-Gruppe  1-57,text,true,,492,129,100,100,http://localhost:7000/randomRequest,726,0,0
1676158008629,918,HTTP Request,200,,Thread-Gruppe  1-98,text,true,,523,129,100,100,http://localhost:7000/randomRequest,918,0,0
1676158008861,718,HTTP Request,200,,Thread-Gruppe  1-1,text,true,,419,129,100,100,http://localhost:7000/randomRequest,718,0,0
1676158008965,614,HTTP Request,200,,Thread-Gruppe  1-27,text,true,,554,129,100,100,http://localhost:7000/randomRequest,614,0,0
1676158009069,532,HTTP Request,200,,Thread-Gruppe  1-76,text,true,,417,129,100,100,http://localhost:7000/randomRequest,532,0,0
1676158008785,830,HTTP Request,200,,Thread-Gruppe  1-99,text,true,,554,129,100,100,http://localhost:7000/randomRequest,830,0,0
1676158008894,721,HTTP Request,200,,Thread-Gruppe  1-72,text,true,,492,129,100,100,http://localhost:7000/randomRequest,721,0,1
1676158008486,1129,HTTP Request,200,,Thread-Gruppe  1-18,text,true,,488,129,100,100,http://localhost:7000/randomRequest,1129,0,0
1676158009201,416,HTTP Request,200,,Thread-Gruppe  1-8,text,true,,417,129,100,100,http://localhost:7000/randomRequest,416,0,0
1676158008693,927,HTTP Request,200,,Thread-Gruppe  1-58,text,true,,488,129,100,100,http://localhost:7000/randomRequest,927,0,0
1676158009022,625,HTTP Request,200,,Thread-Gruppe  1-95,text,true,,544,129,100,100,http://localhost:7000/randomRequest,625,0,1
1676158008904,743,HTTP Request,200,,Thread-Gruppe  1-88,text,true,,402,129,100,100,http://localhost:7000/randomRequest,743,0,0
1676158008729,918,HTTP Request,200,,Thread-Gruppe  1-96,text,true,,643,129,100,100,http://localhost:7000/randomRequest,918,0,1
1676158009032,622,HTTP Request,200,,Thread-Gruppe  1-67,text,true,,419,129,100,100,http://localhost:7000/randomRequest,622,0,1
1676158009136,518,HTTP Request,200,,Thread-Gruppe  1-97,text,true,,563,129,100,100,http://localhost:7000/randomRequest,518,0,0
1676158009032,622,HTTP Request,200,,Thread-Gruppe  1-89,text,true,,558,129,100,100,http://localhost:7000/randomRequest,622,0,1
1676158009069,615,HTTP Request,200,,Thread-Gruppe  1-93,text,true,,419,129,100,100,http://localhost:7000/randomRequest,615,0,0
1676158008582,1123,HTTP Request,200,,Thread-Gruppe  1-6,text,true,,647,129,100,100,http://localhost:7000/randomRequest,1123,0,0
1676158008993,725,HTTP Request,200,,Thread-Gruppe  1-51,text,true,,492,129,100,100,http://localhost:7000/randomRequest,725,0,0
1676158008793,927,HTTP Request,200,,Thread-Gruppe  1-63,text,true,,481,129,100,100,http://localhost:7000/randomRequest,927,0,0
1676158009344,414,HTTP Request,200,,Thread-Gruppe  1-68,text,true,,419,129,100,100,http://localhost:7000/randomRequest,414,0,0
1676158009255,514,HTTP Request,200,,Thread-Gruppe  1-90,text,true,,488,129,100,100,http://localhost:7000/randomRequest,514,0,1
1676158009343,426,HTTP Request,200,,Thread-Gruppe  1-41,text,true,,417,129,100,100,http://localhost:7000/randomRequest,426,0,0
1676158008461,1311,HTTP Request,200,,Thread-Gruppe  1-71,text,true,,641,129,100,100,http://localhost:7000/randomRequest,1311,0,0
1676158009274,510,HTTP Request,200,,Thread-Gruppe  1-13,text,true,,417,129,100,100,http://localhost:7000/randomRequest,510,0,0
1676158008589,1216,HTTP Request,200,,Thread-Gruppe  1-56,text,true,,527,129,100,100,http://localhost:7000/randomRequest,1216,0,0
1676158008993,819,HTTP Request,200,,Thread-Gruppe  1-62,text,true,,559,129,100,100,http://localhost:7000/randomRequest,819,0,0
1676158009095,728,HTTP Request,200,,Thread-Gruppe  1-37,text,true,,563,129,100,100,http://localhost:7000/randomRequest,728,0,1
1676158009215,617,HTTP Request,200,,Thread-Gruppe  1-3,text,true,,489,129,100,100,http://localhost:7000/randomRequest,617,0,0
1676158009315,517,HTTP Request,200,,Thread-Gruppe  1-5,text,true,,419,129,100,100,http://localhost:7000/randomRequest,517,0,0
1676158008604,1229,HTTP Request,200,,Thread-Gruppe  1-87,text,true,,486,129,100,100,http://localhost:7000/randomRequest,1229,0,0
1676158009098,741,HTTP Request,200,,Thread-Gruppe  1-61,text,true,,692,129,100,100,http://localhost:7000/randomRequest,741,0,1
1676158009343,515,HTTP Request,200,,Thread-Gruppe  1-91,text,true,,418,129,100,100,http://localhost:7000/randomRequest,515,0,0
1676158009348,517,HTTP Request,200,,Thread-Gruppe  1-73,text,true,,543,129,100,100,http://localhost:7000/randomRequest,517,0,0
1676158009056,820,HTTP Request,200,,Thread-Gruppe  1-54,text,true,,492,129,100,100,http://localhost:7000/randomRequest,820,0,1
1676158009172,716,HTTP Request,200,,Thread-Gruppe  1-47,text,true,,488,129,100,100,http://localhost:7000/randomRequest,716,0,0
1676158009377,511,HTTP Request,200,,Thread-Gruppe  1-77,text,true,,572,129,100,100,http://localhost:7000/randomRequest,511,0,0
1676158009179,726,HTTP Request,200,,Thread-Gruppe  1-24,text,true,,557,129,100,100,http://localhost:7000/randomRequest,726,0,0
1676158009204,719,HTTP Request,200,,Thread-Gruppe  1-9,text,true,,492,129,100,100,http://localhost:7000/randomRequest,719,0,0
1676158009302,622,HTTP Request,200,,Thread-Gruppe  1-29,text,true,,492,129,100,100,http://localhost:7000/randomRequest,622,0,0
1676158009099,826,HTTP Request,200,,Thread-Gruppe  1-32,text,true,,419,129,100,100,http://localhost:7000/randomRequest,826,0,0
1676158009411,514,HTTP Request,200,,Thread-Gruppe  1-39,text,true,,419,129,100,100,http://localhost:7000/randomRequest,514,0,0
1676158009321,612,HTTP Request,200,,Thread-Gruppe  1-75,text,true,,418,129,100,100,http://localhost:7000/randomRequest,612,0,0
1676158008911,1022,HTTP Request,200,,Thread-Gruppe  1-35,text,true,,485,129,100,100,http://localhost:7000/randomRequest,1022,0,0
1676158008932,1029,HTTP Request,200,,Thread-Gruppe  1-23,text,true,,482,129,100,100,http://localhost:7000/randomRequest,1029,0,0
1676158009432,529,HTTP Request,200,,Thread-Gruppe  1-82,text,true,,417,129,100,100,http://localhost:7000/randomRequest,529,0,0
1676158008955,1023,HTTP Request,200,,Thread-Gruppe  1-66,text,true,,418,129,100,100,http://localhost:7000/randomRequest,1023,0,0
1676158009477,512,HTTP Request,200,,Thread-Gruppe  1-12,text,true,,490,129,100,100,http://localhost:7000/randomRequest,512,0,0
1676158009452,538,HTTP Request,200,,Thread-Gruppe  1-30,text,true,,562,129,100,100,http://localhost:7000/randomRequest,538,0,1
1676158009302,723,HTTP Request,200,,Thread-Gruppe  1-44,text,true,,552,129,100,100,http://localhost:7000/randomRequest,723,0,0
1676158009615,413,HTTP Request,200,,Thread-Gruppe  1-72,text,true,,549,129,100,100,http://localhost:7000/randomRequest,413,0,0
1676158009480,613,HTTP Request,200,,Thread-Gruppe  1-16,text,true,,419,129,100,100,http://localhost:7000/randomRequest,613,0,0
1676158009172,921,HTTP Request,200,,Thread-Gruppe  1-22,text,true,,566,129,100,100,http://localhost:7000/randomRequest,921,0,0
1676158009579,516,HTTP Request,200,,Thread-Gruppe  1-1,text,true,,552,129,100,100,http://localhost:7000/randomRequest,516,0,0
1676158009579,516,HTTP Request,200,,Thread-Gruppe  1-27,text,true,,550,129,100,100,http://localhost:7000/randomRequest,516,0,0
1676158009172,923,HTTP Request,200,,Thread-Gruppe  1-60,text,true,,481,129,100,100,http://localhost:7000/randomRequest,923,0,0
1676158009101,1016,HTTP Request,200,,Thread-Gruppe  1-64,text,true,,481,129,100,100,http://localhost:7000/randomRequest,1016,0,0
1676158009601,516,HTTP Request,200,,Thread-Gruppe  1-76,text,true,,418,129,100,100,http://localhost:7000/randomRequest,516,0,0
1676158009492,625,HTTP Request,200,,Thread-Gruppe  1-53,text,true,,418,129,100,100,http://localhost:7000/randomRequest,625,0,1
1676158009615,513,HTTP Request,200,,Thread-Gruppe  1-18,text,true,,550,129,100,100,http://localhost:7000/randomRequest,513,0,0
1676158009101,1027,HTTP Request,200,,Thread-Gruppe  1-40,text,true,,403,129,100,100,http://localhost:7000/randomRequest,1027,0,0
1676158009510,622,HTTP Request,200,,Thread-Gruppe  1-55,text,true,,492,129,100,100,http://localhost:7000/randomRequest,622,0,0
1676158009315,817,HTTP Request,200,,Thread-Gruppe  1-28,text,true,,486,129,100,100,http://localhost:7000/randomRequest,817,0,0
1676158008756,1392,HTTP Request,200,,Thread-Gruppe  1-7,text,true,,539,129,100,100,http://localhost:7000/randomRequest,1392,0,0
1676158009647,514,HTTP Request,200,,Thread-Gruppe  1-96,text,true,,419,129,100,100,http://localhost:7000/randomRequest,514,0,0
1676158009136,1029,HTTP Request,200,,Thread-Gruppe  1-86,text,true,,419,129,100,100,http://localhost:7000/randomRequest,1029,0,0
1676158009239,928,HTTP Request,200,,Thread-Gruppe  1-43,text,true,,417,129,100,100,http://localhost:7000/randomRequest,928,0,0
1676158009309,889,HTTP Request,200,,Thread-Gruppe  1-74,text,true,,495,129,100,100,http://localhost:7000/randomRequest,889,0,0
1676158008901,1310,HTTP Request,200,,Thread-Gruppe  1-26,text,true,,647,129,100,100,http://localhost:7000/randomRequest,1310,0,0
1676158009408,824,HTTP Request,200,,Thread-Gruppe  1-21,text,true,,492,129,100,100,http://localhost:7000/randomRequest,824,0,0
1676158009718,514,HTTP Request,200,,Thread-Gruppe  1-51,text,true,,414,129,100,100,http://localhost:7000/randomRequest,514,0,0
1676158009620,612,HTTP Request,200,,Thread-Gruppe  1-58,text,true,,419,129,100,100,http://localhost:7000/randomRequest,612,0,0
1676158009832,410,HTTP Request,200,,Thread-Gruppe  1-3,text,true,,419,129,100,100,http://localhost:7000/randomRequest,410,0,0
1676158009136,1131,HTTP Request,200,,Thread-Gruppe  1-46,text,true,,492,129,100,100,http://localhost:7000/randomRequest,1131,0,0
1676158009858,409,HTTP Request,200,,Thread-Gruppe  1-91,text,true,,419,129,100,100,http://localhost:7000/randomRequest,409,0,0
1676158009769,512,HTTP Request,200,,Thread-Gruppe  1-41,text,true,,548,129,100,100,http://localhost:7000/randomRequest,512,0,0
1676158009647,638,HTTP Request,200,,Thread-Gruppe  1-88,text,true,,414,129,100,100,http://localhost:7000/randomRequest,638,0,0
1676158009615,719,HTTP Request,200,,Thread-Gruppe  1-99,text,true,,492,129,100,100,http://localhost:7000/randomRequest,719,0,0
1676158009617,717,HTTP Request,200,,Thread-Gruppe  1-8,text,true,,403,129,100,100,http://localhost:7000/randomRequest,717,0,1
1676158009839,516,HTTP Request,200,,Thread-Gruppe  1-61,text,true,,481,129,100,100,http://localhost:7000/randomRequest,516,0,0
1676158009108,1247,HTTP Request,200,,Thread-Gruppe  1-10,text,true,,591,129,100,100,http://localhost:7000/randomRequest,1247,0,0
1676158009327,1028,HTTP Request,200,,Thread-Gruppe  1-70,text,true,,550,129,100,100,http://localhost:7000/randomRequest,1028,0,1
1676158009331,1051,HTTP Request,200,,Thread-Gruppe  1-52,text,true,,582,129,100,100,http://localhost:7000/randomRequest,1051,0,1
1676158009876,513,HTTP Request,200,,Thread-Gruppe  1-54,text,true,,544,129,100,100,http://localhost:7000/randomRequest,513,0,0
1676158009670,719,HTTP Request,200,,Thread-Gruppe  1-97,text,true,,488,129,100,100,http://localhost:7000/randomRequest,719,0,1
1676158009274,1130,HTTP Request,200,,Thread-Gruppe  1-50,text,true,,492,129,100,100,http://localhost:7000/randomRequest,1130,0,0
1676158009210,1208,HTTP Request,200,,Thread-Gruppe  1-2,text,true,,647,129,100,100,http://localhost:7000/randomRequest,1208,0,1
1676158009210,1208,HTTP Request,200,,Thread-Gruppe  1-79,text,true,,537,129,100,100,http://localhost:7000/randomRequest,1208,0,1
1676158009395,1030,HTTP Request,200,,Thread-Gruppe  1-94,text,true,,527,129,100,100,http://localhost:7000/randomRequest,1030,0,1
1676158009032,1407,HTTP Request,200,,Thread-Gruppe  1-25,text,true,,527,129,100,100,http://localhost:7000/randomRequest,1407,0,1
1676158009305,1134,HTTP Request,200,,Thread-Gruppe  1-42,text,true,,403,129,100,100,http://localhost:7000/randomRequest,1134,0,0
1676158009408,1051,HTTP Request,200,,Thread-Gruppe  1-14,text,true,,674,129,100,100,http://localhost:7000/randomRequest,1051,0,0
1676158009377,1091,HTTP Request,200,,Thread-Gruppe  1-85,text,true,,633,129,100,100,http://localhost:7000/randomRequest,1091,0,0
1676158009654,814,HTTP Request,200,,Thread-Gruppe  1-67,text,true,,403,129,100,100,http://localhost:7000/randomRequest,814,0,0
1676158009769,716,HTTP Request,200,,Thread-Gruppe  1-90,text,true,,492,129,100,100,http://localhost:7000/randomRequest,716,0,0
1676158009684,818,HTTP Request,200,,Thread-Gruppe  1-93,text,true,,550,129,100,100,http://localhost:7000/randomRequest,818,0,0
1676158009785,723,HTTP Request,200,,Thread-Gruppe  1-13,text,true,,551,129,100,100,http://localhost:7000/randomRequest,723,0,0
1676158010093,415,HTTP Request,200,,Thread-Gruppe  1-16,text,true,,419,129,100,100,http://localhost:7000/randomRequest,415,0,1
1676158009107,1401,HTTP Request,200,,Thread-Gruppe  1-33,text,true,,527,129,100,100,http://localhost:7000/randomRequest,1401,0,1
1676158010095,417,HTTP Request,200,,Thread-Gruppe  1-1,text,true,,554,129,100,100,http://localhost:7000/randomRequest,417,0,1
1676158009321,1205,HTTP Request,200,,Thread-Gruppe  1-59,text,true,,541,129,100,100,http://localhost:7000/randomRequest,1205,0,0
1676158009805,723,HTTP Request,200,,Thread-Gruppe  1-56,text,true,,481,129,100,100,http://localhost:7000/randomRequest,723,0,0
1676158009812,721,HTTP Request,200,,Thread-Gruppe  1-62,text,true,,562,129,100,100,http://localhost:7000/randomRequest,721,0,0
1676158009823,720,HTTP Request,200,,Thread-Gruppe  1-37,text,true,,490,129,100,100,http://localhost:7000/randomRequest,720,0,0
1676158009925,618,HTTP Request,200,,Thread-Gruppe  1-39,text,true,,419,129,100,100,http://localhost:7000/randomRequest,618,0,0
1676158009101,1460,HTTP Request,200,,Thread-Gruppe  1-20,text,true,,677,129,100,100,http://localhost:7000/randomRequest,1460,0,0
1676158009720,845,HTTP Request,200,,Thread-Gruppe  1-63,text,true,,710,129,100,100,http://localhost:7000/randomRequest,845,0,0
1676158009647,922,HTTP Request,200,,Thread-Gruppe  1-95,text,true,,492,129,100,100,http://localhost:7000/randomRequest,922,0,0
1676158009889,723,HTTP Request,200,,Thread-Gruppe  1-77,text,true,,418,129,100,100,http://localhost:7000/randomRequest,723,0,0
1676158010132,515,HTTP Request,200,,Thread-Gruppe  1-55,text,true,,492,129,100,100,http://localhost:7000/randomRequest,515,0,0
1676158009990,657,HTTP Request,200,,Thread-Gruppe  1-30,text,true,,550,129,100,100,http://localhost:7000/randomRequest,657,0,0
1676158009832,834,HTTP Request,200,,Thread-Gruppe  1-5,text,true,,492,129,100,100,http://localhost:7000/randomRequest,834,0,0
1676158009758,915,HTTP Request,200,,Thread-Gruppe  1-68,text,true,,419,129,100,100,http://localhost:7000/randomRequest,915,0,0
1676158009989,726,HTTP Request,200,,Thread-Gruppe  1-12,text,true,,488,129,100,100,http://localhost:7000/randomRequest,726,0,0
1676158010118,614,HTTP Request,200,,Thread-Gruppe  1-64,text,true,,485,129,100,100,http://localhost:7000/randomRequest,614,0,0
1676158009923,828,HTTP Request,200,,Thread-Gruppe  1-9,text,true,,550,129,100,100,http://localhost:7000/randomRequest,828,0,0
1676158009925,826,HTTP Request,200,,Thread-Gruppe  1-32,text,true,,551,129,100,100,http://localhost:7000/randomRequest,826,0,0
1676158010242,512,HTTP Request,200,,Thread-Gruppe  1-3,text,true,,417,129,100,100,http://localhost:7000/randomRequest,512,0,0
1676158009833,925,HTTP Request,200,,Thread-Gruppe  1-87,text,true,,492,129,100,100,http://localhost:7000/randomRequest,925,0,0
1676158010148,620,HTTP Request,200,,Thread-Gruppe  1-7,text,true,,419,129,100,100,http://localhost:7000/randomRequest,620,0,0
1676158010268,511,HTTP Request,200,,Thread-Gruppe  1-46,text,true,,418,129,100,100,http://localhost:7000/randomRequest,511,0,0
1676158009865,928,HTTP Request,200,,Thread-Gruppe  1-73,text,true,,403,129,100,100,http://localhost:7000/randomRequest,928,0,0
1676158010095,724,HTTP Request,200,,Thread-Gruppe  1-27,text,true,,488,129,100,100,http://localhost:7000/randomRequest,724,0,1
1676158010211,620,HTTP Request,200,,Thread-Gruppe  1-26,text,true,,490,129,100,100,http://localhost:7000/randomRequest,620,0,1
1676158009705,1131,HTTP Request,200,,Thread-Gruppe  1-6,text,true,,481,129,100,100,http://localhost:7000/randomRequest,1131,0,0
1676158010425,411,HTTP Request,200,,Thread-Gruppe  1-94,text,true,,556,129,100,100,http://localhost:7000/randomRequest,411,0,0
1676158010028,823,HTTP Request,200,,Thread-Gruppe  1-72,text,true,,492,129,100,100,http://localhost:7000/randomRequest,823,0,0
1676158010128,723,HTTP Request,200,,Thread-Gruppe  1-40,text,true,,492,129,100,100,http://localhost:7000/randomRequest,723,0,1
1676158010128,723,HTTP Request,200,,Thread-Gruppe  1-18,text,true,,419,129,100,100,http://localhost:7000/randomRequest,723,0,1
1676158010232,619,HTTP Request,200,,Thread-Gruppe  1-51,text,true,,401,129,100,100,http://localhost:7000/randomRequest,619,0,1
1676158010459,411,HTTP Request,200,,Thread-Gruppe  1-14,text,true,,554,129,100,100,http://localhost:7000/randomRequest,411,0,0
1676158009961,914,HTTP Request,200,,Thread-Gruppe  1-23,text,true,,488,129,100,100,http://localhost:7000/randomRequest,914,0,0
1676158010198,720,HTTP Request,200,,Thread-Gruppe  1-74,text,true,,492,129,100,100,http://localhost:7000/randomRequest,720,0,0
1676158009905,1034,HTTP Request,200,,Thread-Gruppe  1-24,text,true,,558,129,100,100,http://localhost:7000/randomRequest,1033,0,0
1676158010439,515,HTTP Request,200,,Thread-Gruppe  1-25,text,true,,419,129,100,100,http://localhost:7000/randomRequest,515,0,0
1676158010355,615,HTTP Request,200,,Thread-Gruppe  1-70,text,true,,403,129,100,100,http://localhost:7000/randomRequest,615,0,1
1676158010268,711,HTTP Request,200,,Thread-Gruppe  1-91,text,true,,563,129,100,100,http://localhost:7000/randomRequest,711,0,0
1676158010095,928,HTTP Request,200,,Thread-Gruppe  1-60,text,true,,647,129,100,100,http://localhost:7000/randomRequest,928,0,1
1676158010533,518,HTTP Request,200,,Thread-Gruppe  1-62,text,true,,419,129,100,100,http://localhost:7000/randomRequest,518,0,0
1676158010232,824,HTTP Request,200,,Thread-Gruppe  1-58,text,true,,544,129,100,100,http://localhost:7000/randomRequest,824,0,1
1676158010025,1033,HTTP Request,200,,Thread-Gruppe  1-44,text,true,,419,129,100,100,http://localhost:7000/randomRequest,1033,0,0
1676158010439,619,HTTP Request,200,,Thread-Gruppe  1-42,text,true,,489,129,100,100,http://localhost:7000/randomRequest,619,0,0
1676158009924,1134,HTTP Request,200,,Thread-Gruppe  1-29,text,true,,523,129,100,100,http://localhost:7000/randomRequest,1134,0,0
1676158009933,1132,HTTP Request,200,,Thread-Gruppe  1-35,text,true,,492,129,100,100,http://localhost:7000/randomRequest,1132,0,0
1676158009933,1134,HTTP Request,200,,Thread-Gruppe  1-75,text,true,,568,129,100,100,http://localhost:7000/randomRequest,1134,0,0
1676158010232,842,HTTP Request,200,,Thread-Gruppe  1-21,text,true,,581,129,100,100,http://localhost:7000/randomRequest,842,0,1
1676158009772,1303,HTTP Request,200,,Thread-Gruppe  1-71,text,true,,495,129,100,100,http://localhost:7000/randomRequest,1303,0,0
1676158010334,741,HTTP Request,200,,Thread-Gruppe  1-99,text,true,,680,129,100,100,http://localhost:7000/randomRequest,741,0,0
1676158010165,917,HTTP Request,200,,Thread-Gruppe  1-86,text,true,,492,129,100,100,http://localhost:7000/randomRequest,917,0,0
1676158010468,614,HTTP Request,200,,Thread-Gruppe  1-67,text,true,,551,129,100,100,http://localhost:7000/randomRequest,614,0,1
1676157981057,30026,HTTP Request,500,,Thread-Gruppe  1-84,text,false,,258,129,100,100,http://localhost:7000/randomRequest,30026,0,0
1676158010382,719,HTTP Request,200,,Thread-Gruppe  1-52,text,true,,567,129,100,100,http://localhost:7000/randomRequest,719,0,0
1676158010389,713,HTTP Request,200,,Thread-Gruppe  1-97,text,true,,550,129,100,100,http://localhost:7000/randomRequest,713,0,1
1676158010389,720,HTTP Request,200,,Thread-Gruppe  1-54,text,true,,488,129,100,100,http://localhost:7000/randomRequest,720,0,1
1676158010285,824,HTTP Request,200,,Thread-Gruppe  1-88,text,true,,488,129,100,100,http://localhost:7000/randomRequest,824,0,0
1676158009395,1714,HTTP Request,200,,Thread-Gruppe  1-65,text,true,,633,129,100,100,http://localhost:7000/randomRequest,1714,0,1
1676158010508,616,HTTP Request,200,,Thread-Gruppe  1-16,text,true,,492,129,100,100,http://localhost:7000/randomRequest,616,0,0
1676158010404,720,HTTP Request,200,,Thread-Gruppe  1-50,text,true,,403,129,100,100,http://localhost:7000/randomRequest,720,0,0
1676158010334,790,HTTP Request,200,,Thread-Gruppe  1-8,text,true,,647,129,100,100,http://localhost:7000/randomRequest,790,0,0
1676158010526,612,HTTP Request,200,,Thread-Gruppe  1-59,text,true,,419,129,100,100,http://localhost:7000/randomRequest,612,0,1
1676158009670,1468,HTTP Request,200,,Thread-Gruppe  1-89,text,true,,578,129,100,100,http://localhost:7000/randomRequest,1468,0,1
1676158010118,1020,HTTP Request,200,,Thread-Gruppe  1-53,text,true,,492,129,100,100,http://localhost:7000/randomRequest,1020,0,0
1676158010528,617,HTTP Request,200,,Thread-Gruppe  1-56,text,true,,488,129,100,100,http://localhost:7000/randomRequest,617,0,0
1676158010132,1030,HTTP Request,200,,Thread-Gruppe  1-28,text,true,,560,129,100,100,http://localhost:7000/randomRequest,1030,0,0
1676158009961,1208,HTTP Request,200,,Thread-Gruppe  1-82,text,true,,541,129,100,100,http://localhost:7000/randomRequest,1208,0,0
1676158010355,822,HTTP Request,200,,Thread-Gruppe  1-10,text,true,,552,129,100,100,http://localhost:7000/randomRequest,822,0,1
1676158010468,715,HTTP Request,200,,Thread-Gruppe  1-85,text,true,,556,129,100,100,http://localhost:7000/randomRequest,715,0,1
1676158010673,510,HTTP Request,200,,Thread-Gruppe  1-68,text,true,,419,129,100,100,http://localhost:7000/randomRequest,510,0,1
1676158010779,404,HTTP Request,200,,Thread-Gruppe  1-46,text,true,,419,129,100,100,http://localhost:7000/randomRequest,404,0,0
1676158009978,1228,HTTP Request,200,,Thread-Gruppe  1-66,text,true,,481,129,100,100,http://localhost:7000/randomRequest,1228,0,0
1676158010508,719,HTTP Request,200,,Thread-Gruppe  1-33,text,true,,490,129,100,100,http://localhost:7000/randomRequest,719,0,0
1676158010118,1124,HTTP Request,200,,Thread-Gruppe  1-76,text,true,,643,129,100,100,http://localhost:7000/randomRequest,1124,0,0
1676158010733,519,HTTP Request,200,,Thread-Gruppe  1-64,text,true,,419,129,100,100,http://localhost:7000/randomRequest,519,0,0
1676158010851,416,HTTP Request,200,,Thread-Gruppe  1-40,text,true,,419,129,100,100,http://localhost:7000/randomRequest,416,0,1
1676158010570,715,HTTP Request,200,,Thread-Gruppe  1-95,text,true,,554,129,100,100,http://localhost:7000/randomRequest,715,0,0
1676158010793,509,HTTP Request,200,,Thread-Gruppe  1-73,text,true,,556,129,100,100,http://localhost:7000/randomRequest,509,0,0
1676158010508,819,HTTP Request,200,,Thread-Gruppe  1-13,text,true,,492,129,100,100,http://localhost:7000/randomRequest,819,0,0
1676158010543,809,HTTP Request,200,,Thread-Gruppe  1-37,text,true,,491,129,100,100,http://localhost:7000/randomRequest,809,0,0
1676158010851,518,HTTP Request,200,,Thread-Gruppe  1-18,text,true,,568,129,100,100,http://localhost:7000/randomRequest,518,0,1
1676158010754,624,HTTP Request,200,,Thread-Gruppe  1-3,text,true,,547,129,100,100,http://localhost:7000/randomRequest,624,0,0
1676158010565,813,HTTP Request,200,,Thread-Gruppe  1-63,text,true,,492,129,100,100,http://localhost:7000/randomRequest,813,0,0
1676158010768,612,HTTP Request,200,,Thread-Gruppe  1-7,text,true,,560,129,100,100,http://localhost:7000/randomRequest,612,0,1
1676158010561,819,HTTP Request,200,,Thread-Gruppe  1-20,text,true,,492,129,100,100,http://localhost:7000/randomRequest,819,0,0
1676158010647,759,HTTP Request,200,,Thread-Gruppe  1-55,text,true,,673,129,100,100,http://localhost:7000/randomRequest,759,0,19
1676158010418,1009,HTTP Request,200,,Thread-Gruppe  1-79,text,true,,541,129,100,100,http://localhost:7000/randomRequest,1009,0,0
1676158010512,923,HTTP Request,200,,Thread-Gruppe  1-1,text,true,,419,129,100,100,http://localhost:7000/randomRequest,923,0,0
1676158011138,316,HTTP Request,200,,Thread-Gruppe  1-59,text,true,,418,129,100,100,http://localhost:7000/randomRequest,316,0,1
1676158010356,1106,HTTP Request,200,,Thread-Gruppe  1-61,text,true,,541,129,100,100,http://localhost:7000/randomRequest,1106,0,0
1676158010954,516,HTTP Request,200,,Thread-Gruppe  1-25,text,true,,419,129,100,100,http://localhost:7000/randomRequest,516,0,0
1676158010647,836,HTTP Request,200,,Thread-Gruppe  1-30,text,true,,549,129,100,100,http://localhost:7000/randomRequest,836,0,19
1676158011082,409,HTTP Request,200,,Thread-Gruppe  1-67,text,true,,562,129,100,100,http://localhost:7000/randomRequest,409,0,0
1676157981406,30088,HTTP Request,500,,Thread-Gruppe  1-81,text,false,,258,129,100,100,http://localhost:7000/randomRequest,30088,0,0
1676158010612,921,HTTP Request,200,,Thread-Gruppe  1-77,text,true,,492,129,100,100,http://localhost:7000/randomRequest,921,0,0
1676158010167,1403,HTTP Request,200,,Thread-Gruppe  1-43,text,true,,537,129,100,100,http://localhost:7000/randomRequest,1403,0,1
1676158010161,1419,HTTP Request,200,,Thread-Gruppe  1-96,text,true,,527,129,100,100,http://localhost:7000/randomRequest,1419,0,0
1676158011065,515,HTTP Request,200,,Thread-Gruppe  1-35,text,true,,484,129,100,100,http://localhost:7000/randomRequest,515,0,0
1676158010970,634,HTTP Request,200,,Thread-Gruppe  1-70,text,true,,417,129,100,100,http://localhost:7000/randomRequest,634,0,0
1676158009889,1719,HTTP Request,200,,Thread-Gruppe  1-47,text,true,,537,129,100,100,http://localhost:7000/randomRequest,1719,0,0
1676158011101,509,HTTP Request,200,,Thread-Gruppe  1-52,text,true,,415,129,100,100,http://localhost:7000/randomRequest,509,0,0
1676158010418,1201,HTTP Request,200,,Thread-Gruppe  1-2,text,true,,633,129,100,100,http://localhost:7000/randomRequest,1201,0,0
1676158011109,514,HTTP Request,200,,Thread-Gruppe  1-88,text,true,,553,129,100,100,http://localhost:7000/randomRequest,514,0,0
1676158011109,516,HTTP Request,200,,Thread-Gruppe  1-54,text,true,,563,129,100,100,http://localhost:7000/randomRequest,516,0,0
1676158011023,618,HTTP Request,200,,Thread-Gruppe  1-60,text,true,,572,129,100,100,http://localhost:7000/randomRequest,618,0,0
1676158011074,617,HTTP Request,200,,Thread-Gruppe  1-21,text,true,,416,129,100,100,http://localhost:7000/randomRequest,617,0,0
1676158010979,719,HTTP Request,200,,Thread-Gruppe  1-91,text,true,,563,129,100,100,http://localhost:7000/randomRequest,719,0,0
1676158011082,616,HTTP Request,200,,Thread-Gruppe  1-86,text,true,,555,129,100,100,http://localhost:7000/randomRequest,616,0,0
1676158011102,617,HTTP Request,200,,Thread-Gruppe  1-97,text,true,,419,129,100,100,http://localhost:7000/randomRequest,617,0,0
1676158011138,591,HTTP Request,200,,Thread-Gruppe  1-53,text,true,,633,129,100,100,http://localhost:7000/randomRequest,591,0,1
1676158011124,614,HTTP Request,200,,Thread-Gruppe  1-16,text,true,,550,129,100,100,http://localhost:7000/randomRequest,614,0,0
1676158010715,1027,HTTP Request,200,,Thread-Gruppe  1-12,text,true,,413,129,100,100,http://localhost:7000/randomRequest,1027,0,0
1676158011227,515,HTTP Request,200,,Thread-Gruppe  1-33,text,true,,418,129,100,100,http://localhost:7000/randomRequest,515,0,0
1676158011138,624,HTTP Request,200,,Thread-Gruppe  1-89,text,true,,489,129,100,100,http://localhost:7000/randomRequest,624,0,1
1676158010831,931,HTTP Request,200,,Thread-Gruppe  1-26,text,true,,419,129,100,100,http://localhost:7000/randomRequest,931,0,1
1676158011051,718,HTTP Request,200,,Thread-Gruppe  1-62,text,true,,418,129,100,100,http://localhost:7000/randomRequest,718,0,0
1676158010836,933,HTTP Request,200,,Thread-Gruppe  1-6,text,true,,551,129,100,100,http://localhost:7000/randomRequest,933,0,0
1676158011058,717,HTTP Request,200,,Thread-Gruppe  1-42,text,true,,485,129,100,100,http://localhost:7000/randomRequest,717,0,0
1676158011058,717,HTTP Request,200,,Thread-Gruppe  1-44,text,true,,419,129,100,100,http://localhost:7000/randomRequest,717,0,0
1676158010751,1024,HTTP Request,200,,Thread-Gruppe  1-9,text,true,,492,129,100,100,http://localhost:7000/randomRequest,1024,0,0
1676158011242,533,HTTP Request,200,,Thread-Gruppe  1-76,text,true,,540,129,100,100,http://localhost:7000/randomRequest,533,0,0
1676158010485,1300,HTTP Request,200,,Thread-Gruppe  1-90,text,true,,541,129,100,100,http://localhost:7000/randomRequest,1300,0,0
1676158010666,1119,HTTP Request,200,,Thread-Gruppe  1-5,text,true,,419,129,100,100,http://localhost:7000/randomRequest,1119,0,0
1676158011380,410,HTTP Request,200,,Thread-Gruppe  1-7,text,true,,485,129,100,100,http://localhost:7000/randomRequest,410,0,1
1676158011183,619,HTTP Request,200,,Thread-Gruppe  1-68,text,true,,490,129,100,100,http://localhost:7000/randomRequest,619,0,1
1676158011183,619,HTTP Request,200,,Thread-Gruppe  1-46,text,true,,418,129,100,100,http://localhost:7000/randomRequest,619,0,1
1676158011285,527,HTTP Request,200,,Thread-Gruppe  1-95,text,true,,417,129,100,100,http://localhost:7000/randomRequest,527,0,1
1676158010918,894,HTTP Request,200,,Thread-Gruppe  1-74,text,true,,535,129,100,100,http://localhost:7000/randomRequest,894,0,0
1676158011327,512,HTTP Request,200,,Thread-Gruppe  1-13,text,true,,418,129,100,100,http://localhost:7000/randomRequest,512,0,0
1676158010502,1337,HTTP Request,200,,Thread-Gruppe  1-93,text,true,,485,129,100,100,http://localhost:7000/randomRequest,1337,0,0
1676158010751,1126,HTTP Request,200,,Thread-Gruppe  1-32,text,true,,419,129,100,100,http://localhost:7000/randomRequest,1126,0,0
1676158011058,819,HTTP Request,200,,Thread-Gruppe  1-29,text,true,,492,129,100,100,http://localhost:7000/randomRequest,819,0,0
1676158010875,1016,HTTP Request,200,,Thread-Gruppe  1-23,text,true,,537,129,100,100,http://localhost:7000/randomRequest,1016,0,1
1676158011109,817,HTTP Request,200,,Thread-Gruppe  1-65,text,true,,418,129,100,100,http://localhost:7000/randomRequest,817,0,0
1676158010836,1128,HTTP Request,200,,Thread-Gruppe  1-94,text,true,,564,129,100,100,http://localhost:7000/randomRequest,1128,0,0
1676158010851,1128,HTTP Request,200,,Thread-Gruppe  1-51,text,true,,481,129,100,100,http://localhost:7000/randomRequest,1128,0,1
1676158011056,923,HTTP Request,200,,Thread-Gruppe  1-58,text,true,,570,129,100,100,http://localhost:7000/randomRequest,923,0,0
1676158010543,1437,HTTP Request,200,,Thread-Gruppe  1-39,text,true,,492,129,100,100,http://localhost:7000/randomRequest,1437,0,0
1676158011067,921,HTTP Request,200,,Thread-Gruppe  1-75,text,true,,414,129,100,100,http://localhost:7000/randomRequest,921,0,1
1676158010281,1708,HTTP Request,200,,Thread-Gruppe  1-41,text,true,,527,129,100,100,http://localhost:7000/randomRequest,1708,0,0
1676158011252,739,HTTP Request,200,,Thread-Gruppe  1-64,text,true,,564,129,100,100,http://localhost:7000/randomRequest,739,0,0
1676158011378,613,HTTP Request,200,,Thread-Gruppe  1-63,text,true,,419,129,100,100,http://localhost:7000/randomRequest,613,0,1
1676158011075,929,HTTP Request,200,,Thread-Gruppe  1-99,text,true,,490,129,100,100,http://localhost:7000/randomRequest,929,0,0
1676158010093,1926,HTTP Request,200,,Thread-Gruppe  1-22,text,true,,527,129,100,100,http://localhost:7000/randomRequest,1926,0,1
1676158011302,717,HTTP Request,200,,Thread-Gruppe  1-73,text,true,,419,129,100,100,http://localhost:7000/randomRequest,717,0,0
1676158011454,615,HTTP Request,200,,Thread-Gruppe  1-59,text,true,,419,129,100,100,http://localhost:7000/randomRequest,615,0,1
1676158011145,930,HTTP Request,200,,Thread-Gruppe  1-56,text,true,,485,129,100,100,http://localhost:7000/randomRequest,930,0,1
1676158011470,612,HTTP Request,200,,Thread-Gruppe  1-25,text,true,,547,129,100,100,http://localhost:7000/randomRequest,612,0,0
1676158011369,713,HTTP Request,200,,Thread-Gruppe  1-18,text,true,,563,129,100,100,http://localhost:7000/randomRequest,713,0,1
1676158011483,618,HTTP Request,200,,Thread-Gruppe  1-30,text,true,,403,129,100,100,http://localhost:7000/randomRequest,618,0,1
1676158011580,521,HTTP Request,200,,Thread-Gruppe  1-96,text,true,,561,129,100,100,http://localhost:7000/randomRequest,521,0,0
1676158011580,521,HTTP Request,200,,Thread-Gruppe  1-35,text,true,,492,129,100,100,http://localhost:7000/randomRequest,521,0,0
1676158011698,406,HTTP Request,200,,Thread-Gruppe  1-91,text,true,,485,129,100,100,http://localhost:7000/randomRequest,406,0,0
1676158011491,613,HTTP Request,200,,Thread-Gruppe  1-67,text,true,,481,129,100,100,http://localhost:7000/randomRequest,613,0,0
1676158011785,334,HTTP Request,200,,Thread-Gruppe  1-5,text,true,,417,129,100,100,http://localhost:7000/randomRequest,334,0,0
1676158011604,515,HTTP Request,200,,Thread-Gruppe  1-70,text,true,,419,129,100,100,http://localhost:7000/randomRequest,515,0,0
1676158011619,513,HTTP Request,200,,Thread-Gruppe  1-2,text,true,,573,129,100,100,http://localhost:7000/randomRequest,513,0,0
1676158011625,508,HTTP Request,200,,Thread-Gruppe  1-54,text,true,,550,129,100,100,http://localhost:7000/randomRequest,508,0,0
1676158011380,791,HTTP Request,200,,Thread-Gruppe  1-20,text,true,,633,129,100,100,http://localhost:7000/randomRequest,791,0,1
1676158011641,539,HTTP Request,200,,Thread-Gruppe  1-60,text,true,,417,129,100,100,http://localhost:7000/randomRequest,539,0,1
1676158011267,913,HTTP Request,200,,Thread-Gruppe  1-40,text,true,,481,129,100,100,http://localhost:7000/randomRequest,913,0,0
1676158011162,1018,HTTP Request,200,,Thread-Gruppe  1-28,text,true,,564,129,100,100,http://localhost:7000/randomRequest,1018,0,1
1676158011075,1129,HTTP Request,200,,Thread-Gruppe  1-71,text,true,,492,129,100,100,http://localhost:7000/randomRequest,1129,0,0
1676158011378,826,HTTP Request,200,,Thread-Gruppe  1-3,text,true,,403,129,100,100,http://localhost:7000/randomRequest,826,0,1
1676158010758,1459,HTTP Request,200,,Thread-Gruppe  1-87,text,true,,470,129,100,100,http://localhost:7000/randomRequest,1459,0,0
1676158010939,1309,HTTP Request,200,,Thread-Gruppe  1-24,text,true,,540,129,100,100,http://localhost:7000/randomRequest,1309,0,0
1676158011623,637,HTTP Request,200,,Thread-Gruppe  1-88,text,true,,554,129,100,100,http://localhost:7000/randomRequest,637,0,1
1676158011769,512,HTTP Request,200,,Thread-Gruppe  1-6,text,true,,540,129,100,100,http://localhost:7000/randomRequest,512,0,1
1676158011775,512,HTTP Request,200,,Thread-Gruppe  1-44,text,true,,556,129,100,100,http://localhost:7000/randomRequest,512,0,0
1676158010870,1417,HTTP Request,200,,Thread-Gruppe  1-14,text,true,,633,129,100,100,http://localhost:7000/randomRequest,1417,0,0
1676158011839,512,HTTP Request,200,,Thread-Gruppe  1-93,text,true,,553,129,100,100,http://localhost:7000/randomRequest,512,0,0
1676158010819,1532,HTTP Request,200,,Thread-Gruppe  1-27,text,true,,492,129,100,100,http://localhost:7000/randomRequest,1532,0,1
1676158011533,822,HTTP Request,200,,Thread-Gruppe  1-77,text,true,,418,129,100,100,http://localhost:7000/randomRequest,822,0,0
1676158011462,922,HTTP Request,200,,Thread-Gruppe  1-61,text,true,,403,129,100,100,http://localhost:7000/randomRequest,922,0,0
1676158011775,616,HTTP Request,200,,Thread-Gruppe  1-42,text,true,,558,129,100,100,http://localhost:7000/randomRequest,616,0,0
1676158011494,915,HTTP Request,200,,Thread-Gruppe  1-81,text,true,,490,129,100,100,http://localhost:7000/randomRequest,915,0,1
1676158011812,613,HTTP Request,200,,Thread-Gruppe  1-74,text,true,,419,129,100,100,http://localhost:7000/randomRequest,613,0,1
1676158011124,1302,HTTP Request,200,,Thread-Gruppe  1-50,text,true,,645,129,100,100,http://localhost:7000/randomRequest,1302,0,0
1676158011207,1219,HTTP Request,200,,Thread-Gruppe  1-66,text,true,,527,129,100,100,http://localhost:7000/randomRequest,1219,0,0
1676158011720,716,HTTP Request,200,,Thread-Gruppe  1-97,text,true,,418,129,100,100,http://localhost:7000/randomRequest,716,0,0
1676158011124,1330,HTTP Request,200,,Thread-Gruppe  1-8,text,true,,488,129,100,100,http://localhost:7000/randomRequest,1330,0,0
1676158011730,724,HTTP Request,200,,Thread-Gruppe  1-53,text,true,,566,129,100,100,http://localhost:7000/randomRequest,724,0,0
1676158011435,1032,HTTP Request,200,,Thread-Gruppe  1-1,text,true,,492,129,100,100,http://localhost:7000/randomRequest,1032,0,0
1676158011762,711,HTTP Request,200,,Thread-Gruppe  1-89,text,true,,546,129,100,100,http://localhost:7000/randomRequest,711,0,0
1676158011990,514,HTTP Request,200,,Thread-Gruppe  1-41,text,true,,419,129,100,100,http://localhost:7000/randomRequest,514,0,0
1676158011428,1081,HTTP Request,200,,Thread-Gruppe  1-79,text,true,,491,129,100,100,http://localhost:7000/randomRequest,1081,0,0
1676158011608,922,HTTP Request,200,,Thread-Gruppe  1-47,text,true,,487,129,100,100,http://localhost:7000/randomRequest,922,0,0
1676158011839,715,HTTP Request,200,,Thread-Gruppe  1-13,text,true,,492,129,100,100,http://localhost:7000/randomRequest,715,0,0
1676158012069,506,HTTP Request,200,,Thread-Gruppe  1-59,text,true,,553,129,100,100,http://localhost:7000/randomRequest,506,0,0
1676158011964,611,HTTP Request,200,,Thread-Gruppe  1-94,text,true,,492,129,100,100,http://localhost:7000/randomRequest,611,0,0
1676158012180,413,HTTP Request,200,,Thread-Gruppe  1-40,text,true,,416,129,100,100,http://localhost:7000/randomRequest,413,0,0
1676158011775,818,HTTP Request,200,,Thread-Gruppe  1-76,text,true,,417,129,100,100,http://localhost:7000/randomRequest,818,0,0
1676158011878,715,HTTP Request,200,,Thread-Gruppe  1-29,text,true,,485,129,100,100,http://localhost:7000/randomRequest,715,0,0
1676158012101,509,HTTP Request,200,,Thread-Gruppe  1-35,text,true,,483,129,100,100,http://localhost:7000/randomRequest,509,0,0
1676158012101,509,HTTP Request,200,,Thread-Gruppe  1-30,text,true,,492,129,100,100,http://localhost:7000/randomRequest,509,0,0
1676158011991,619,HTTP Request,200,,Thread-Gruppe  1-64,text,true,,574,129,100,100,http://localhost:7000/randomRequest,619,0,0
1676158012104,506,HTTP Request,200,,Thread-Gruppe  1-67,text,true,,561,129,100,100,http://localhost:7000/randomRequest,506,0,0
1676158011812,818,HTTP Request,200,,Thread-Gruppe  1-95,text,true,,563,129,100,100,http://localhost:7000/randomRequest,818,0,1
1676158012119,512,HTTP Request,200,,Thread-Gruppe  1-5,text,true,,558,129,100,100,http://localhost:7000/randomRequest,512,0,1
1676158011927,714,HTTP Request,200,,Thread-Gruppe  1-65,text,true,,551,129,100,100,http://localhost:7000/randomRequest,714,0,0
1676158011742,914,HTTP Request,200,,Thread-Gruppe  1-12,text,true,,641,129,100,100,http://localhost:7000/randomRequest,914,0,1
1676158011769,906,HTTP Request,200,,Thread-Gruppe  1-62,text,true,,643,129,100,100,http://localhost:7000/randomRequest,906,0,1
1676158010851,1829,HTTP Request,200,,Thread-Gruppe  1-72,text,true,,537,129,100,100,http://localhost:7000/randomRequest,1829,0,1
1676158012171,510,HTTP Request,200,,Thread-Gruppe  1-20,text,true,,418,129,100,100,http://localhost:7000/randomRequest,510,0,0
1676158011980,724,HTTP Request,200,,Thread-Gruppe  1-58,text,true,,485,129,100,100,http://localhost:7000/randomRequest,724,0,0
1676158012075,629,HTTP Request,200,,Thread-Gruppe  1-56,text,true,,419,129,100,100,http://localhost:7000/randomRequest,629,0,0
1676158011170,1534,HTTP Request,200,,Thread-Gruppe  1-82,text,true,,492,129,100,100,http://localhost:7000/randomRequest,1534,0,0
1676158011802,911,HTTP Request,200,,Thread-Gruppe  1-46,text,true,,492,129,100,100,http://localhost:7000/randomRequest,911,0,0
1676158011790,923,HTTP Request,200,,Thread-Gruppe  1-7,text,true,,485,129,100,100,http://localhost:7000/randomRequest,923,0,1
1676158011989,724,HTTP Request,200,,Thread-Gruppe  1-75,text,true,,419,129,100,100,http://localhost:7000/randomRequest,724,0,0
1676158011698,1015,HTTP Request,200,,Thread-Gruppe  1-86,text,true,,489,129,100,100,http://localhost:7000/randomRequest,1015,0,0
1676158011691,1022,HTTP Request,200,,Thread-Gruppe  1-21,text,true,,490,129,100,100,http://localhost:7000/randomRequest,1022,0,1
1676158011610,1103,HTTP Request,200,,Thread-Gruppe  1-52,text,true,,633,129,100,100,http://localhost:7000/randomRequest,1103,0,0
1676158012019,713,HTTP Request,200,,Thread-Gruppe  1-22,text,true,,492,129,100,100,http://localhost:7000/randomRequest,713,0,0
1676158011183,1549,HTTP Request,200,,Thread-Gruppe  1-85,text,true,,527,129,100,100,http://localhost:7000/randomRequest,1549,0,1
1676158011742,990,HTTP Request,200,,Thread-Gruppe  1-33,text,true,,643,129,100,100,http://localhost:7000/randomRequest,990,0,1
1676158012132,619,HTTP Request,200,,Thread-Gruppe  1-2,text,true,,578,129,100,100,http://localhost:7000/randomRequest,619,0,0
1676158012133,625,HTTP Request,200,,Thread-Gruppe  1-54,text,true,,419,129,100,100,http://localhost:7000/randomRequest,625,0,1
1676158011570,1191,HTTP Request,200,,Thread-Gruppe  1-43,text,true,,633,129,100,100,http://localhost:7000/randomRequest,1191,0,0
1676158011352,1409,HTTP Request,200,,Thread-Gruppe  1-37,text,true,,541,129,100,100,http://localhost:7000/randomRequest,1409,0,0
1676158012248,513,HTTP Request,200,,Thread-Gruppe  1-24,text,true,,554,129,100,100,http://localhost:7000/randomRequest,513,0,0
1676158011177,1600,HTTP Request,200,,Thread-Gruppe  1-10,text,true,,527,129,100,100,http://localhost:7000/randomRequest,1600,0,0
1676158011083,1709,HTTP Request,200,,Thread-Gruppe  1-84,text,true,,540,129,100,100,http://localhost:7000/randomRequest,1709,0,0
1676158012180,621,HTTP Request,200,,Thread-Gruppe  1-28,text,true,,418,129,100,100,http://localhost:7000/randomRequest,621,0,1
1676158012082,719,HTTP Request,200,,Thread-Gruppe  1-25,text,true,,492,129,100,100,http://localhost:7000/randomRequest,719,0,0
1676158012180,621,HTTP Request,200,,Thread-Gruppe  1-60,text,true,,492,129,100,100,http://localhost:7000/randomRequest,621,0,0
1676158011980,828,HTTP Request,200,,Thread-Gruppe  1-51,text,true,,492,129,100,100,http://localhost:7000/randomRequest,828,0,0
1676158011785,1028,HTTP Request,200,,Thread-Gruppe  1-90,text,true,,403,129,100,100,http://localhost:7000/randomRequest,1028,0,0
1676158012104,713,HTTP Request,200,,Thread-Gruppe  1-91,text,true,,419,129,100,100,http://localhost:7000/randomRequest,713,0,0
1676158012101,716,HTTP Request,200,,Thread-Gruppe  1-96,text,true,,492,129,100,100,http://localhost:7000/randomRequest,716,0,0
1676158011407,1410,HTTP Request,200,,Thread-Gruppe  1-55,text,true,,638,129,100,100,http://localhost:7000/randomRequest,1410,0,0
1676158011891,926,HTTP Request,200,,Thread-Gruppe  1-23,text,true,,492,129,100,100,http://localhost:7000/randomRequest,926,0,1
1676158012409,411,HTTP Request,200,,Thread-Gruppe  1-81,text,true,,490,129,100,100,http://localhost:7000/randomRequest,411,0,0
1676158012426,433,HTTP Request,200,,Thread-Gruppe  1-50,text,true,,674,129,100,100,http://localhost:7000/randomRequest,433,0,0
1676158011802,1060,HTTP Request,200,,Thread-Gruppe  1-68,text,true,,582,129,100,100,http://localhost:7000/randomRequest,1060,0,0
1676158012355,514,HTTP Request,200,,Thread-Gruppe  1-77,text,true,,485,129,100,100,http://localhost:7000/randomRequest,514,0,0
1676158011775,1100,HTTP Request,200,,Thread-Gruppe  1-9,text,true,,537,129,100,100,http://localhost:7000/randomRequest,1100,0,0
1676158012281,621,HTTP Request,200,,Thread-Gruppe  1-6,text,true,,419,129,100,100,http://localhost:7000/randomRequest,621,0,1
1676158012082,823,HTTP Request,200,,Thread-Gruppe  1-18,text,true,,536,129,100,100,http://localhost:7000/randomRequest,823,0,0
1676158012287,618,HTTP Request,200,,Thread-Gruppe  1-14,text,true,,418,129,100,100,http://localhost:7000/randomRequest,618,0,0
1676158012384,529,HTTP Request,200,,Thread-Gruppe  1-61,text,true,,417,129,100,100,http://localhost:7000/randomRequest,529,0,1
1676158012391,526,HTTP Request,200,,Thread-Gruppe  1-42,text,true,,417,129,100,100,http://localhost:7000/randomRequest,526,0,1
1676158012004,915,HTTP Request,200,,Thread-Gruppe  1-99,text,true,,552,129,100,100,http://localhost:7000/randomRequest,915,0,0
1676158012610,310,HTTP Request,200,,Thread-Gruppe  1-64,text,true,,557,129,100,100,http://localhost:7000/randomRequest,310,0,0
1676158012217,718,HTTP Request,200,,Thread-Gruppe  1-87,text,true,,557,129,100,100,http://localhost:7000/randomRequest,718,0,1
1676158012425,510,HTTP Request,200,,Thread-Gruppe  1-74,text,true,,558,129,100,100,http://localhost:7000/randomRequest,510,0,0
1676158011739,1228,HTTP Request,200,,Thread-Gruppe  1-16,text,true,,537,129,100,100,http://localhost:7000/randomRequest,1228,0,0
1676158012351,620,HTTP Request,200,,Thread-Gruppe  1-93,text,true,,492,129,100,100,http://localhost:7000/randomRequest,620,0,0
1676158012351,620,HTTP Request,200,,Thread-Gruppe  1-27,text,true,,485,129,100,100,http://localhost:7000/randomRequest,620,0,0
1676158012467,508,HTTP Request,200,,Thread-Gruppe  1-1,text,true,,419,129,100,100,http://localhost:7000/randomRequest,508,0,1
1676158012473,512,HTTP Request,200,,Thread-Gruppe  1-89,text,true,,415,129,100,100,http://localhost:7000/randomRequest,512,0,0
1676158011980,1029,HTTP Request,200,,Thread-Gruppe  1-39,text,true,,492,129,100,100,http://localhost:7000/randomRequest,1029,0,0
1676158011991,1028,HTTP Request,200,,Thread-Gruppe  1-63,text,true,,492,129,100,100,http://localhost:7000/randomRequest,1028,0,0
1676158012019,1019,HTTP Request,200,,Thread-Gruppe  1-73,text,true,,492,129,100,100,http://localhost:7000/randomRequest,1019,0,0
1676158012454,617,HTTP Request,200,,Thread-Gruppe  1-8,text,true,,488,129,100,100,http://localhost:7000/randomRequest,617,0,0
1676158012260,819,HTTP Request,200,,Thread-Gruppe  1-88,text,true,,490,129,100,100,http://localhost:7000/randomRequest,819,0,1
1676158012680,412,HTTP Request,200,,Thread-Gruppe  1-72,text,true,,492,129,100,100,http://localhost:7000/randomRequest,412,0,1
1676158011762,1330,HTTP Request,200,,Thread-Gruppe  1-26,text,true,,403,129,100,100,http://localhost:7000/randomRequest,1330,0,0
1676158012761,433,HTTP Request,200,,Thread-Gruppe  1-24,text,true,,417,129,100,100,http://localhost:7000/randomRequest,433,0,0
1676158011878,1331,HTTP Request,200,,Thread-Gruppe  1-32,text,true,,490,129,100,100,http://localhost:7000/randomRequest,1331,0,0
1676158012287,923,HTTP Request,200,,Thread-Gruppe  1-44,text,true,,492,129,100,100,http://localhost:7000/randomRequest,923,0,0
1676158012704,514,HTTP Request,200,,Thread-Gruppe  1-58,text,true,,490,129,100,100,http://localhost:7000/randomRequest,514,0,0
1676158012204,1017,HTTP Request,200,,Thread-Gruppe  1-3,text,true,,492,129,100,100,http://localhost:7000/randomRequest,1017,0,0
1676158012610,611,HTTP Request,200,,Thread-Gruppe  1-35,text,true,,419,129,100,100,http://localhost:7000/randomRequest,611,0,0
1676158012818,403,HTTP Request,200,,Thread-Gruppe  1-55,text,true,,418,129,100,100,http://localhost:7000/randomRequest,403,0,0
1676158012426,815,HTTP Request,200,,Thread-Gruppe  1-66,text,true,,485,129,100,100,http://localhost:7000/randomRequest,815,0,0
1676158012732,509,HTTP Request,200,,Thread-Gruppe  1-22,text,true,,479,129,100,100,http://localhost:7000/randomRequest,509,0,0
1676158012530,711,HTTP Request,200,,Thread-Gruppe  1-47,text,true,,416,129,100,100,http://localhost:7000/randomRequest,711,0,0
1676158012681,613,HTTP Request,200,,Thread-Gruppe  1-20,text,true,,419,129,100,100,http://localhost:7000/randomRequest,613,0,1
1676158012575,719,HTTP Request,200,,Thread-Gruppe  1-94,text,true,,481,129,100,100,http://localhost:7000/randomRequest,719,0,1
1676158012593,717,HTTP Request,200,,Thread-Gruppe  1-76,text,true,,555,129,100,100,http://localhost:7000/randomRequest,717,0,1
1676158012593,717,HTTP Request,200,,Thread-Gruppe  1-29,text,true,,485,129,100,100,http://localhost:7000/randomRequest,717,0,1
1676158012801,509,HTTP Request,200,,Thread-Gruppe  1-60,text,true,,557,129,100,100,http://localhost:7000/randomRequest,509,0,0
1676158012204,1106,HTTP Request,200,,Thread-Gruppe  1-71,text,true,,537,129,100,100,http://localhost:7000/randomRequest,1106,0,0
1676158012713,608,HTTP Request,200,,Thread-Gruppe  1-21,text,true,,489,129,100,100,http://localhost:7000/randomRequest,608,0,1
1676158012610,711,HTTP Request,200,,Thread-Gruppe  1-67,text,true,,570,129,100,100,http://localhost:7000/randomRequest,711,0,0
1676158012917,404,HTTP Request,200,,Thread-Gruppe  1-42,text,true,,403,129,100,100,http://localhost:7000/randomRequest,404,0,1
1676158012732,619,HTTP Request,200,,Thread-Gruppe  1-85,text,true,,557,129,100,100,http://localhost:7000/randomRequest,619,0,0
1676158012436,923,HTTP Request,200,,Thread-Gruppe  1-97,text,true,,481,129,100,100,http://localhost:7000/randomRequest,923,0,0
1676158012751,619,HTTP Request,200,,Thread-Gruppe  1-2,text,true,,557,129,100,100,http://localhost:7000/randomRequest,619,0,0
1676158012777,622,HTTP Request,200,,Thread-Gruppe  1-10,text,true,,548,129,100,100,http://localhost:7000/randomRequest,622,0,0
1676158012575,824,HTTP Request,200,,Thread-Gruppe  1-59,text,true,,419,129,100,100,http://localhost:7000/randomRequest,824,0,1
1676158012801,612,HTTP Request,200,,Thread-Gruppe  1-28,text,true,,555,129,100,100,http://localhost:7000/randomRequest,612,0,0
1676158012902,511,HTTP Request,200,,Thread-Gruppe  1-6,text,true,,419,129,100,100,http://localhost:7000/randomRequest,511,0,0
1676158012814,614,HTTP Request,200,,Thread-Gruppe  1-90,text,true,,418,129,100,100,http://localhost:7000/randomRequest,614,0,0
1676158013019,409,HTTP Request,200,,Thread-Gruppe  1-63,text,true,,401,129,100,100,http://localhost:7000/randomRequest,409,0,1
1676158012818,610,HTTP Request,200,,Thread-Gruppe  1-23,text,true,,492,129,100,100,http://localhost:7000/randomRequest,610,0,0
1676158012713,715,HTTP Request,200,,Thread-Gruppe  1-7,text,true,,485,129,100,100,http://localhost:7000/randomRequest,715,0,1
1676158012732,722,HTTP Request,200,,Thread-Gruppe  1-33,text,true,,492,129,100,100,http://localhost:7000/randomRequest,722,0,0
1676158012610,844,HTTP Request,200,,Thread-Gruppe  1-30,text,true,,672,129,100,100,http://localhost:7000/randomRequest,844,0,0
1676158012758,719,HTTP Request,200,,Thread-Gruppe  1-54,text,true,,492,129,100,100,http://localhost:7000/randomRequest,719,0,0
1676158012554,927,HTTP Request,200,,Thread-Gruppe  1-13,text,true,,492,129,100,100,http://localhost:7000/randomRequest,927,0,1
1676158012504,994,HTTP Request,200,,Thread-Gruppe  1-41,text,true,,633,129,100,100,http://localhost:7000/randomRequest,994,0,0
1676158012761,741,HTTP Request,200,,Thread-Gruppe  1-43,text,true,,672,129,100,100,http://localhost:7000/randomRequest,741,0,0
1676158012792,723,HTTP Request,200,,Thread-Gruppe  1-84,text,true,,481,129,100,100,http://localhost:7000/randomRequest,723,0,1
1676158012801,714,HTTP Request,200,,Thread-Gruppe  1-25,text,true,,484,129,100,100,http://localhost:7000/randomRequest,714,0,0
1676158012713,818,HTTP Request,200,,Thread-Gruppe  1-52,text,true,,489,129,100,100,http://localhost:7000/randomRequest,818,0,1
1676158012920,616,HTTP Request,200,,Thread-Gruppe  1-64,text,true,,550,129,100,100,http://localhost:7000/randomRequest,616,0,0
1676158012820,716,HTTP Request,200,,Thread-Gruppe  1-81,text,true,,419,129,100,100,http://localhost:7000/randomRequest,716,0,0
1676158012630,918,HTTP Request,200,,Thread-Gruppe  1-95,text,true,,551,129,100,100,http://localhost:7000/randomRequest,918,0,1
1676158012119,1429,HTTP Request,200,,Thread-Gruppe  1-70,text,true,,485,129,100,100,http://localhost:7000/randomRequest,1429,0,1
1676158012454,1116,HTTP Request,200,,Thread-Gruppe  1-53,text,true,,537,129,100,100,http://localhost:7000/randomRequest,1116,0,0
1676158012632,938,HTTP Request,200,,Thread-Gruppe  1-5,text,true,,415,129,100,100,http://localhost:7000/randomRequest,938,0,0
1676158012656,925,HTTP Request,200,,Thread-Gruppe  1-12,text,true,,419,129,100,100,http://localhost:7000/randomRequest,925,0,0
1676158012862,719,HTTP Request,200,,Thread-Gruppe  1-68,text,true,,492,129,100,100,http://localhost:7000/randomRequest,719,0,1
1676158012971,611,HTTP Request,200,,Thread-Gruppe  1-93,text,true,,481,129,100,100,http://localhost:7000/randomRequest,611,0,0
1676158013210,409,HTTP Request,200,,Thread-Gruppe  1-44,text,true,,483,129,100,100,http://localhost:7000/randomRequest,409,0,0
1676158012913,712,HTTP Request,200,,Thread-Gruppe  1-61,text,true,,551,129,100,100,http://localhost:7000/randomRequest,712,0,1
1676158012919,715,HTTP Request,200,,Thread-Gruppe  1-99,text,true,,485,129,100,100,http://localhost:7000/randomRequest,715,0,0
1676158013241,415,HTTP Request,200,,Thread-Gruppe  1-66,text,true,,401,129,100,100,http://localhost:7000/randomRequest,415,0,0
1676158013241,415,HTTP Request,200,,Thread-Gruppe  1-22,text,true,,481,129,100,100,http://localhost:7000/randomRequest,415,0,1
1676158012971,688,HTTP Request,200,,Thread-Gruppe  1-27,text,true,,633,129,100,100,http://localhost:7000/randomRequest,688,0,0
1676158012641,1027,HTTP Request,200,,Thread-Gruppe  1-65,text,true,,488,129,100,100,http://localhost:7000/randomRequest,1027,0,1
1676158012985,690,HTTP Request,200,,Thread-Gruppe  1-89,text,true,,645,129,100,100,http://localhost:7000/randomRequest,690,0,0
1676158012869,806,HTTP Request,200,,Thread-Gruppe  1-77,text,true,,541,129,100,100,http://localhost:7000/randomRequest,806,0,1
1676158012967,719,HTTP Request,200,,Thread-Gruppe  1-16,text,true,,559,129,100,100,http://localhost:7000/randomRequest,719,0,1
1676158012704,1019,HTTP Request,200,,Thread-Gruppe  1-82,text,true,,647,129,100,100,http://localhost:7000/randomRequest,1019,0,0
1676158013221,514,HTTP Request,200,,Thread-Gruppe  1-3,text,true,,548,129,100,100,http://localhost:7000/randomRequest,514,0,0
1676158012818,920,HTTP Request,200,,Thread-Gruppe  1-91,text,true,,403,129,100,100,http://localhost:7000/randomRequest,920,0,0
1676158012859,894,HTTP Request,200,,Thread-Gruppe  1-50,text,true,,541,129,100,100,http://localhost:7000/randomRequest,894,0,0
1676158013241,516,HTTP Request,200,,Thread-Gruppe  1-47,text,true,,419,129,100,100,http://localhost:7000/randomRequest,516,0,1
1676158012975,828,HTTP Request,200,,Thread-Gruppe  1-1,text,true,,489,129,100,100,http://localhost:7000/randomRequest,828,0,1
1676158012905,917,HTTP Request,200,,Thread-Gruppe  1-14,text,true,,490,129,100,100,http://localhost:7000/randomRequest,917,0,1
1676158012509,1313,HTTP Request,200,,Thread-Gruppe  1-79,text,true,,633,129,100,100,http://localhost:7000/randomRequest,1313,0,0
1676158013294,528,HTTP Request,200,,Thread-Gruppe  1-20,text,true,,552,129,100,100,http://localhost:7000/randomRequest,528,0,1
1676158013218,620,HTTP Request,200,,Thread-Gruppe  1-58,text,true,,492,129,100,100,http://localhost:7000/randomRequest,620,0,0
1676158013321,518,HTTP Request,200,,Thread-Gruppe  1-67,text,true,,492,129,100,100,http://localhost:7000/randomRequest,518,0,1
1676158013502,413,HTTP Request,200,,Thread-Gruppe  1-43,text,true,,563,129,100,100,http://localhost:7000/randomRequest,413,0,1
1676158013092,834,HTTP Request,200,,Thread-Gruppe  1-72,text,true,,551,129,100,100,http://localhost:7000/randomRequest,834,0,0
1676158013399,527,HTTP Request,200,,Thread-Gruppe  1-59,text,true,,548,129,100,100,http://localhost:7000/randomRequest,527,0,1
1676158013310,619,HTTP Request,200,,Thread-Gruppe  1-76,text,true,,419,129,100,100,http://localhost:7000/randomRequest,619,0,1
1676158012713,1228,HTTP Request,200,,Thread-Gruppe  1-75,text,true,,492,129,100,100,http://localhost:7000/randomRequest,1228,0,1
1676158013221,725,HTTP Request,200,,Thread-Gruppe  1-35,text,true,,492,129,100,100,http://localhost:7000/randomRequest,725,0,0
1676158012761,1198,HTTP Request,200,,Thread-Gruppe  1-37,text,true,,647,129,100,100,http://localhost:7000/randomRequest,1198,0,0
1676158013321,638,HTTP Request,200,,Thread-Gruppe  1-21,text,true,,677,129,100,100,http://localhost:7000/randomRequest,638,0,1
1676158013536,426,HTTP Request,200,,Thread-Gruppe  1-64,text,true,,546,129,100,100,http://localhost:7000/randomRequest,426,0,1
1676158013351,611,HTTP Request,200,,Thread-Gruppe  1-85,text,true,,492,129,100,100,http://localhost:7000/randomRequest,611,0,0
1676158013454,511,HTTP Request,200,,Thread-Gruppe  1-33,text,true,,419,129,100,100,http://localhost:7000/randomRequest,511,0,0
1676158013194,784,HTTP Request,200,,Thread-Gruppe  1-24,text,true,,647,129,100,100,http://localhost:7000/randomRequest,784,0,1
1676158013079,931,HTTP Request,200,,Thread-Gruppe  1-88,text,true,,356,129,100,100,http://localhost:7000/randomRequest,931,0,0
1676158013092,934,HTTP Request,200,,Thread-Gruppe  1-26,text,true,,485,129,100,100,http://localhost:7000/randomRequest,934,0,0
1676158013399,627,HTTP Request,200,,Thread-Gruppe  1-10,text,true,,492,129,100,100,http://localhost:7000/randomRequest,627,0,7
1676158012713,1316,HTTP Request,200,,Thread-Gruppe  1-86,text,true,,541,129,100,100,http://localhost:7000/randomRequest,1316,0,1
1676158013310,721,HTTP Request,200,,Thread-Gruppe  1-29,text,true,,556,129,100,100,http://localhost:7000/randomRequest,721,0,1
1676158013310,726,HTTP Request,200,,Thread-Gruppe  1-71,text,true,,488,129,100,100,http://localhost:7000/randomRequest,726,0,1
1676158012713,1331,HTTP Request,200,,Thread-Gruppe  1-46,text,true,,535,129,100,100,http://localhost:7000/randomRequest,1331,0,1
1676158013532,516,HTTP Request,200,,Thread-Gruppe  1-52,text,true,,418,129,100,100,http://localhost:7000/randomRequest,516,0,0
1676158013321,730,HTTP Request,200,,Thread-Gruppe  1-42,text,true,,490,129,100,100,http://localhost:7000/randomRequest,730,0,1
1676158012935,1126,HTTP Request,200,,Thread-Gruppe  1-74,text,true,,401,129,100,100,http://localhost:7000/randomRequest,1126,0,1
1676158013071,1001,HTTP Request,200,,Thread-Gruppe  1-8,text,true,,645,129,100,100,http://localhost:7000/randomRequest,1001,0,0
1676158013359,722,HTTP Request,200,,Thread-Gruppe  1-97,text,true,,485,129,100,100,http://localhost:7000/randomRequest,722,0,0
1676158012676,1405,HTTP Request,200,,Thread-Gruppe  1-62,text,true,,541,129,100,100,http://localhost:7000/randomRequest,1405,0,0
1676158013570,512,HTTP Request,200,,Thread-Gruppe  1-53,text,true,,403,129,100,100,http://localhost:7000/randomRequest,512,0,0
1676158013477,624,HTTP Request,200,,Thread-Gruppe  1-54,text,true,,485,129,100,100,http://localhost:7000/randomRequest,624,0,1
1676158013481,620,HTTP Request,200,,Thread-Gruppe  1-13,text,true,,403,129,100,100,http://localhost:7000/randomRequest,620,0,1
1676158012905,1196,HTTP Request,200,,Thread-Gruppe  1-18,text,true,,524,129,100,100,http://localhost:7000/randomRequest,1196,0,1
1676158013581,520,HTTP Request,200,,Thread-Gruppe  1-12,text,true,,555,129,100,100,http://localhost:7000/randomRequest,520,0,1
1676158013686,418,HTTP Request,200,,Thread-Gruppe  1-16,text,true,,558,129,100,100,http://localhost:7000/randomRequest,418,0,0
1676158013582,522,HTTP Request,200,,Thread-Gruppe  1-93,text,true,,419,129,100,100,http://localhost:7000/randomRequest,522,0,0
1676158013413,698,HTTP Request,200,,Thread-Gruppe  1-28,text,true,,647,129,100,100,http://localhost:7000/randomRequest,698,0,4
1676158012704,1407,HTTP Request,200,,Thread-Gruppe  1-56,text,true,,647,129,100,100,http://localhost:7000/randomRequest,1407,0,0
1676158012935,1194,HTTP Request,200,,Thread-Gruppe  1-87,text,true,,643,129,100,100,http://localhost:7000/randomRequest,1194,0,1
1676158013209,922,HTTP Request,200,,Thread-Gruppe  1-32,text,true,,488,129,100,100,http://localhost:7000/randomRequest,922,0,1
1676158012818,1313,HTTP Request,200,,Thread-Gruppe  1-96,text,true,,541,129,100,100,http://localhost:7000/randomRequest,1313,0,0
1676158013310,829,HTTP Request,200,,Thread-Gruppe  1-60,text,true,,418,129,100,100,http://localhost:7000/randomRequest,829,0,1
1676158013536,616,HTTP Request,200,,Thread-Gruppe  1-81,text,true,,551,129,100,100,http://localhost:7000/randomRequest,616,0,0
1676158013803,412,HTTP Request,200,,Thread-Gruppe  1-1,text,true,,419,129,100,100,http://localhost:7000/randomRequest,412,0,0
1676158013038,1194,HTTP Request,200,,Thread-Gruppe  1-73,text,true,,541,129,100,100,http://localhost:7000/randomRequest,1194,0,1
1676158013619,624,HTTP Request,200,,Thread-Gruppe  1-44,text,true,,565,129,100,100,http://localhost:7000/randomRequest,624,0,0
1676158013428,821,HTTP Request,200,,Thread-Gruppe  1-90,text,true,,552,129,100,100,http://localhost:7000/randomRequest,821,0,0
1676158013294,992,HTTP Request,200,,Thread-Gruppe  1-94,text,true,,642,129,100,100,http://localhost:7000/randomRequest,992,0,1
1676158013570,719,HTTP Request,200,,Thread-Gruppe  1-5,text,true,,558,129,100,100,http://localhost:7000/randomRequest,719,0,0
1676158013581,725,HTTP Request,200,,Thread-Gruppe  1-68,text,true,,418,129,100,100,http://localhost:7000/randomRequest,725,0,1
1676158012593,1718,HTTP Request,200,,Thread-Gruppe  1-40,text,true,,537,129,100,100,http://localhost:7000/randomRequest,1718,0,1
1676158013823,512,HTTP Request,200,,Thread-Gruppe  1-20,text,true,,412,129,100,100,http://localhost:7000/randomRequest,512,0,0
1676158013839,517,HTTP Request,200,,Thread-Gruppe  1-67,text,true,,419,129,100,100,http://localhost:7000/randomRequest,517,0,0
1676158013515,844,HTTP Request,200,,Thread-Gruppe  1-25,text,true,,668,129,100,100,http://localhost:7000/randomRequest,844,0,0
1676158013428,931,HTTP Request,200,,Thread-Gruppe  1-7,text,true,,485,129,100,100,http://localhost:7000/randomRequest,931,0,0
1676158013757,620,HTTP Request,200,,Thread-Gruppe  1-47,text,true,,485,129,100,100,http://localhost:7000/randomRequest,620,0,1
1676158013675,718,HTTP Request,200,,Thread-Gruppe  1-77,text,true,,492,129,100,100,http://localhost:7000/randomRequest,718,0,0
1676158012875,1518,HTTP Request,200,,Thread-Gruppe  1-9,text,true,,527,129,100,100,http://localhost:7000/randomRequest,1518,0,0
1676158013221,1199,HTTP Request,200,,Thread-Gruppe  1-55,text,true,,643,129,100,100,http://localhost:7000/randomRequest,1199,0,0
1676158013634,786,HTTP Request,200,,Thread-Gruppe  1-99,text,true,,493,129,100,100,http://localhost:7000/randomRequest,786,0,0
1676158013926,513,HTTP Request,200,,Thread-Gruppe  1-59,text,true,,419,129,100,100,http://localhost:7000/randomRequest,513,0,0
1676158013929,510,HTTP Request,200,,Thread-Gruppe  1-76,text,true,,416,129,100,100,http://localhost:7000/randomRequest,510,0,0
1676158014031,408,HTTP Request,200,,Thread-Gruppe  1-29,text,true,,419,129,100,100,http://localhost:7000/randomRequest,408,0,1
1676158014026,413,HTTP Request,200,,Thread-Gruppe  1-26,text,true,,490,129,100,100,http://localhost:7000/randomRequest,413,0,0
1676158013656,792,HTTP Request,200,,Thread-Gruppe  1-22,text,true,,633,129,100,100,http://localhost:7000/randomRequest,792,0,0
1676158013739,722,HTTP Request,200,,Thread-Gruppe  1-91,text,true,,419,129,100,100,http://localhost:7000/randomRequest,722,0,0
1676157984410,30052,HTTP Request,500,,Thread-Gruppe  1-4,text,false,,258,129,100,100,http://localhost:7000/randomRequest,30052,0,1
1676158013548,923,HTTP Request,200,,Thread-Gruppe  1-70,text,true,,403,129,100,100,http://localhost:7000/randomRequest,923,0,1
1676158013838,644,HTTP Request,200,,Thread-Gruppe  1-58,text,true,,417,129,100,100,http://localhost:7000/randomRequest,644,0,1
1676158013370,1112,HTTP Request,200,,Thread-Gruppe  1-2,text,true,,647,129,100,100,http://localhost:7000/randomRequest,1112,0,0
1676158013454,1063,HTTP Request,200,,Thread-Gruppe  1-30,text,true,,574,129,100,100,http://localhost:7000/randomRequest,1063,0,0
1676158013515,1002,HTTP Request,200,,Thread-Gruppe  1-84,text,true,,539,129,100,100,http://localhost:7000/randomRequest,1002,0,0
1676158013498,1027,HTTP Request,200,,Thread-Gruppe  1-41,text,true,,488,129,100,100,http://localhost:7000/randomRequest,1027,0,0
1676158013823,716,HTTP Request,200,,Thread-Gruppe  1-14,text,true,,419,129,100,100,http://localhost:7000/randomRequest,716,0,0
1676158012808,1731,HTTP Request,200,,Thread-Gruppe  1-51,text,true,,537,129,100,100,http://localhost:7000/randomRequest,1731,0,0
1676158013413,1141,HTTP Request,200,,Thread-Gruppe  1-6,text,true,,492,129,100,100,http://localhost:7000/randomRequest,1141,0,2
1676158014152,415,HTTP Request,200,,Thread-Gruppe  1-81,text,true,,553,129,100,100,http://localhost:7000/randomRequest,415,0,0
1676158013548,1023,HTTP Request,200,,Thread-Gruppe  1-95,text,true,,485,129,100,100,http://localhost:7000/randomRequest,1023,0,1
1676158013659,923,HTTP Request,200,,Thread-Gruppe  1-27,text,true,,566,129,100,100,http://localhost:7000/randomRequest,923,0,0
1676158013959,623,HTTP Request,200,,Thread-Gruppe  1-21,text,true,,417,129,100,100,http://localhost:7000/randomRequest,623,0,0
1676158013965,636,HTTP Request,200,,Thread-Gruppe  1-33,text,true,,665,129,100,100,http://localhost:7000/randomRequest,636,0,0
1676158014101,518,HTTP Request,200,,Thread-Gruppe  1-12,text,true,,492,129,100,100,http://localhost:7000/randomRequest,518,0,0
1676158013428,1199,HTTP Request,200,,Thread-Gruppe  1-23,text,true,,643,129,100,100,http://localhost:7000/randomRequest,1199,0,0
1676158014026,617,HTTP Request,200,,Thread-Gruppe  1-10,text,true,,488,129,100,100,http://localhost:7000/randomRequest,617,0,0
1676158013926,717,HTTP Request,200,,Thread-Gruppe  1-72,text,true,,417,129,100,100,http://localhost:7000/randomRequest,717,0,0
1676158013735,932,HTTP Request,200,,Thread-Gruppe  1-3,text,true,,486,129,100,100,http://localhost:7000/randomRequest,932,0,0
1676158013962,724,HTTP Request,200,,Thread-Gruppe  1-64,text,true,,552,129,100,100,http://localhost:7000/randomRequest,724,0,1
1676158013675,1029,HTTP Request,200,,Thread-Gruppe  1-89,text,true,,554,129,100,100,http://localhost:7000/randomRequest,1029,0,0
1676158014082,622,HTTP Request,200,,Thread-Gruppe  1-97,text,true,,492,129,100,100,http://localhost:7000/randomRequest,622,0,0
1676158013753,966,HTTP Request,200,,Thread-Gruppe  1-50,text,true,,589,129,100,100,http://localhost:7000/randomRequest,966,0,0
1676158014104,615,HTTP Request,200,,Thread-Gruppe  1-93,text,true,,418,129,100,100,http://localhost:7000/randomRequest,615,0,0
1676158014101,642,HTTP Request,200,,Thread-Gruppe  1-18,text,true,,417,129,100,100,http://localhost:7000/randomRequest,642,0,0
1676158014215,528,HTTP Request,200,,Thread-Gruppe  1-1,text,true,,552,129,100,100,http://localhost:7000/randomRequest,528,0,0
1676158014129,616,HTTP Request,200,,Thread-Gruppe  1-87,text,true,,492,129,100,100,http://localhost:7000/randomRequest,616,0,1
1676158014029,716,HTTP Request,200,,Thread-Gruppe  1-86,text,true,,523,129,100,100,http://localhost:7000/randomRequest,716,0,0
1676158014139,622,HTTP Request,200,,Thread-Gruppe  1-60,text,true,,568,129,100,100,http://localhost:7000/randomRequest,622,0,1
1676158013823,948,HTTP Request,200,,Thread-Gruppe  1-79,text,true,,564,129,100,100,http://localhost:7000/randomRequest,948,0,0
1676158013962,828,HTTP Request,200,,Thread-Gruppe  1-85,text,true,,553,129,100,100,http://localhost:7000/randomRequest,827,0,1
1676158013959,831,HTTP Request,200,,Thread-Gruppe  1-37,text,true,,403,129,100,100,http://localhost:7000/randomRequest,831,0,0
1676158014377,415,HTTP Request,200,,Thread-Gruppe  1-47,text,true,,492,129,100,100,http://localhost:7000/randomRequest,415,0,0
1676158013668,1138,HTTP Request,200,,Thread-Gruppe  1-65,text,true,,535,129,100,100,http://localhost:7000/randomRequest,1138,0,0
1676158013656,1150,HTTP Request,200,,Thread-Gruppe  1-66,text,true,,633,129,100,100,http://localhost:7000/randomRequest,1150,0,0
1676158014082,724,HTTP Request,200,,Thread-Gruppe  1-53,text,true,,418,129,100,100,http://localhost:7000/randomRequest,724,0,1
1676158013723,1096,HTTP Request,200,,Thread-Gruppe  1-82,text,true,,633,129,100,100,http://localhost:7000/randomRequest,1096,0,1
1676158014232,616,HTTP Request,200,,Thread-Gruppe  1-73,text,true,,555,129,100,100,http://localhost:7000/randomRequest,616,0,0
1676158014440,411,HTTP Request,200,,Thread-Gruppe  1-76,text,true,,419,129,100,100,http://localhost:7000/randomRequest,411,0,0
1676158014061,793,HTTP Request,200,,Thread-Gruppe  1-74,text,true,,481,129,100,100,http://localhost:7000/randomRequest,793,0,1
1676158013625,1241,HTTP Request,200,,Thread-Gruppe  1-61,text,true,,488,129,100,100,http://localhost:7000/randomRequest,1241,0,0
1676158014249,620,HTTP Request,200,,Thread-Gruppe  1-90,text,true,,486,129,100,100,http://localhost:7000/randomRequest,620,0,1
1676158014044,827,HTTP Request,200,,Thread-Gruppe  1-46,text,true,,555,129,100,100,http://localhost:7000/randomRequest,827,0,0
1676158014356,515,HTTP Request,200,,Thread-Gruppe  1-67,text,true,,488,129,100,100,http://localhost:7000/randomRequest,515,0,0
1676158014048,823,HTTP Request,200,,Thread-Gruppe  1-52,text,true,,492,129,100,100,http://localhost:7000/randomRequest,823,0,0
1676158014461,410,HTTP Request,200,,Thread-Gruppe  1-91,text,true,,416,129,100,100,http://localhost:7000/randomRequest,410,0,0
1676158014243,636,HTTP Request,200,,Thread-Gruppe  1-44,text,true,,679,129,100,100,http://localhost:7000/randomRequest,636,0,1
1676158013915,993,HTTP Request,200,,Thread-Gruppe  1-43,text,true,,643,129,100,100,http://localhost:7000/randomRequest,993,0,1
1676158013978,932,HTTP Request,200,,Thread-Gruppe  1-24,text,true,,419,129,100,100,http://localhost:7000/randomRequest,932,0,1
1676158014311,609,HTTP Request,200,,Thread-Gruppe  1-40,text,true,,419,129,100,100,http://localhost:7000/randomRequest,609,0,0
1676158014101,819,HTTP Request,200,,Thread-Gruppe  1-13,text,true,,403,129,100,100,http://localhost:7000/randomRequest,819,0,0
1676158014440,515,HTTP Request,200,,Thread-Gruppe  1-59,text,true,,492,129,100,100,http://localhost:7000/randomRequest,515,0,0
1676158014448,520,HTTP Request,200,,Thread-Gruppe  1-22,text,true,,551,129,100,100,http://localhost:7000/randomRequest,520,0,0
1676158014286,689,HTTP Request,200,,Thread-Gruppe  1-94,text,true,,481,129,100,100,http://localhost:7000/randomRequest,689,0,0
1676158014051,925,HTTP Request,200,,Thread-Gruppe  1-42,text,true,,492,129,100,100,http://localhost:7000/randomRequest,925,0,0
1676157984962,30014,HTTP Request,500,,Thread-Gruppe  1-80,text,false,,258,129,100,100,http://localhost:7000/randomRequest,30014,0,1
1676158014482,516,HTTP Request,200,,Thread-Gruppe  1-2,text,true,,555,129,100,100,http://localhost:7000/randomRequest,516,0,0
1676158014393,615,HTTP Request,200,,Thread-Gruppe  1-77,text,true,,492,129,100,100,http://localhost:7000/randomRequest,615,0,0
1676158014101,922,HTTP Request,200,,Thread-Gruppe  1-54,text,true,,419,129,100,100,http://localhost:7000/randomRequest,922,0,0
1676158014104,919,HTTP Request,200,,Thread-Gruppe  1-16,text,true,,416,129,100,100,http://localhost:7000/randomRequest,919,0,0
1676158014420,620,HTTP Request,200,,Thread-Gruppe  1-99,text,true,,567,129,100,100,http://localhost:7000/randomRequest,620,0,0
1676158014010,1030,HTTP Request,200,,Thread-Gruppe  1-88,text,true,,551,129,100,100,http://localhost:7000/randomRequest,1030,0,1
1676158014440,618,HTTP Request,200,,Thread-Gruppe  1-29,text,true,,546,129,100,100,http://localhost:7000/randomRequest,618,0,0
1676158014540,518,HTTP Request,200,,Thread-Gruppe  1-14,text,true,,417,129,100,100,http://localhost:7000/randomRequest,518,0,0
1676158014540,518,HTTP Request,200,,Thread-Gruppe  1-51,text,true,,419,129,100,100,http://localhost:7000/randomRequest,518,0,0
1676158014335,723,HTTP Request,200,,Thread-Gruppe  1-20,text,true,,492,129,100,100,http://localhost:7000/randomRequest,723,0,0
1676158014359,722,HTTP Request,200,,Thread-Gruppe  1-7,text,true,,478,129,100,100,http://localhost:7000/randomRequest,722,0,1
1676158014289,826,HTTP Request,200,,Thread-Gruppe  1-5,text,true,,1846,129,100,100,http://localhost:7000/randomRequest,826,0,0
1676158014601,514,HTTP Request,200,,Thread-Gruppe  1-33,text,true,,482,129,100,100,http://localhost:7000/randomRequest,514,0,0
1676158014082,1033,HTTP Request,200,,Thread-Gruppe  1-62,text,true,,549,129,100,100,http://localhost:7000/randomRequest,1033,0,0
1676158014518,622,HTTP Request,200,,Thread-Gruppe  1-84,text,true,,490,129,100,100,http://localhost:7000/randomRequest,622,0,0
1676158014643,517,HTTP Request,200,,Thread-Gruppe  1-72,text,true,,492,129,100,100,http://localhost:7000/randomRequest,517,0,0
1676158014072,1138,HTTP Request,200,,Thread-Gruppe  1-8,text,true,,488,129,100,100,http://localhost:7000/randomRequest,1138,0,0
1676158014704,515,HTTP Request,200,,Thread-Gruppe  1-89,text,true,,418,129,100,100,http://localhost:7000/randomRequest,515,0,0
1676158014306,921,HTTP Request,200,,Thread-Gruppe  1-68,text,true,,481,129,100,100,http://localhost:7000/randomRequest,921,0,0
1676158014420,820,HTTP Request,200,,Thread-Gruppe  1-55,text,true,,486,129,100,100,http://localhost:7000/randomRequest,820,0,0
1676158014525,715,HTTP Request,200,,Thread-Gruppe  1-41,text,true,,418,129,100,100,http://localhost:7000/randomRequest,715,0,0
1676158014619,625,HTTP Request,200,,Thread-Gruppe  1-12,text,true,,487,129,100,100,http://localhost:7000/randomRequest,625,0,1
1676158014643,617,HTTP Request,200,,Thread-Gruppe  1-10,text,true,,485,129,100,100,http://localhost:7000/randomRequest,617,0,0
1676158014744,517,HTTP Request,200,,Thread-Gruppe  1-1,text,true,,417,129,100,100,http://localhost:7000/randomRequest,517,0,0
1676158014359,927,HTTP Request,200,,Thread-Gruppe  1-25,text,true,,489,129,100,100,http://localhost:7000/randomRequest,927,0,1
1676158014567,719,HTTP Request,200,,Thread-Gruppe  1-81,text,true,,540,129,100,100,http://localhost:7000/randomRequest,719,0,1
1676158014871,415,HTTP Request,200,,Thread-Gruppe  1-46,text,true,,551,129,100,100,http://localhost:7000/randomRequest,415,0,1
1676158014462,824,HTTP Request,200,,Thread-Gruppe  1-4,text,true,,492,129,100,100,http://localhost:7000/randomRequest,824,0,1
1676158014571,723,HTTP Request,200,,Thread-Gruppe  1-95,text,true,,564,129,100,100,http://localhost:7000/randomRequest,723,0,0
1676158014471,830,HTTP Request,200,,Thread-Gruppe  1-70,text,true,,562,129,100,100,http://localhost:7000/randomRequest,830,0,0
1676158014806,513,HTTP Request,200,,Thread-Gruppe  1-65,text,true,,554,129,100,100,http://localhost:7000/randomRequest,513,0,1
1676158014132,1197,HTTP Request,200,,Thread-Gruppe  1-96,text,true,,541,129,100,100,http://localhost:7000/randomRequest,1197,0,0
1676158014820,509,HTTP Request,200,,Thread-Gruppe  1-82,text,true,,488,129,100,100,http://localhost:7000/randomRequest,509,0,0
1676158014518,811,HTTP Request,200,,Thread-Gruppe  1-30,text,true,,419,129,100,100,http://localhost:7000/randomRequest,811,0,0
1676158014720,621,HTTP Request,200,,Thread-Gruppe  1-93,text,true,,492,129,100,100,http://localhost:7000/randomRequest,621,0,0
1676158014761,612,HTTP Request,200,,Thread-Gruppe  1-60,text,true,,492,129,100,100,http://localhost:7000/randomRequest,612,0,0
1676158014866,508,HTTP Request,200,,Thread-Gruppe  1-61,text,true,,492,129,100,100,http://localhost:7000/randomRequest,508,0,1
1676158014976,414,HTTP Request,200,,Thread-Gruppe  1-42,text,true,,557,129,100,100,http://localhost:7000/randomRequest,414,0,0
1676158014790,617,HTTP Request,200,,Thread-Gruppe  1-37,text,true,,492,129,100,100,http://localhost:7000/randomRequest,617,0,0
1676158014686,721,HTTP Request,200,,Thread-Gruppe  1-64,text,true,,419,129,100,100,http://localhost:7000/randomRequest,721,0,0
1676158014704,720,HTTP Request,200,,Thread-Gruppe  1-97,text,true,,486,129,100,100,http://localhost:7000/randomRequest,720,0,0
1676158014036,1393,HTTP Request,200,,Thread-Gruppe  1-71,text,true,,481,129,100,100,http://localhost:7000/randomRequest,1393,0,0
1676158014440,989,HTTP Request,200,,Thread-Gruppe  1-26,text,true,,479,129,100,100,http://localhost:7000/randomRequest,989,0,0
1676158014111,1337,HTTP Request,200,,Thread-Gruppe  1-28,text,true,,492,129,100,100,http://localhost:7000/randomRequest,1337,0,1
1676158014132,1335,HTTP Request,200,,Thread-Gruppe  1-32,text,true,,490,129,100,100,http://localhost:7000/randomRequest,1335,0,0
1676158013947,1520,HTTP Request,200,,Thread-Gruppe  1-35,text,true,,541,129,100,100,http://localhost:7000/randomRequest,1520,0,0
1676158014582,892,HTTP Request,200,,Thread-Gruppe  1-21,text,true,,491,129,100,100,http://localhost:7000/randomRequest,892,0,0
1676158014851,623,HTTP Request,200,,Thread-Gruppe  1-76,text,true,,485,129,100,100,http://localhost:7000/randomRequest,623,0,0
1676158014968,509,HTTP Request,200,,Thread-Gruppe  1-22,text,true,,419,129,100,100,http://localhost:7000/randomRequest,509,0,0
1676158014869,619,HTTP Request,200,,Thread-Gruppe  1-90,text,true,,551,129,100,100,http://localhost:7000/randomRequest,619,0,1
1676158014482,1012,HTTP Request,200,,Thread-Gruppe  1-58,text,true,,481,129,100,100,http://localhost:7000/randomRequest,1012,0,0
1676158014871,623,HTTP Request,200,,Thread-Gruppe  1-67,text,true,,546,129,100,100,http://localhost:7000/randomRequest,623,0,1
1676158014871,623,HTTP Request,200,,Thread-Gruppe  1-52,text,true,,483,129,100,100,http://localhost:7000/randomRequest,623,0,1
1676158014393,1101,HTTP Request,200,,Thread-Gruppe  1-9,text,true,,640,129,100,100,http://localhost:7000/randomRequest,1101,0,0
1676158014554,948,HTTP Request,200,,Thread-Gruppe  1-6,text,true,,676,129,100,100,http://localhost:7000/randomRequest,948,0,1
1676158015115,410,HTTP Request,200,,Thread-Gruppe  1-5,text,true,,545,129,100,100,http://localhost:7000/randomRequest,410,0,1
1676158015023,510,HTTP Request,200,,Thread-Gruppe  1-16,text,true,,562,129,100,100,http://localhost:7000/randomRequest,510,0,1
1676158014920,613,HTTP Request,200,,Thread-Gruppe  1-40,text,true,,418,129,100,100,http://localhost:7000/randomRequest,613,0,0
1676158015023,510,HTTP Request,200,,Thread-Gruppe  1-54,text,true,,419,129,100,100,http://localhost:7000/randomRequest,510,0,1
1676158014627,924,HTTP Request,200,,Thread-Gruppe  1-23,text,true,,492,129,100,100,http://localhost:7000/randomRequest,924,0,0
1676158015040,511,HTTP Request,200,,Thread-Gruppe  1-99,text,true,,419,129,100,100,http://localhost:7000/randomRequest,511,0,0
1676158014745,823,HTTP Request,200,,Thread-Gruppe  1-87,text,true,,492,129,100,100,http://localhost:7000/randomRequest,823,0,0
1676158014720,848,HTTP Request,200,,Thread-Gruppe  1-50,text,true,,684,129,100,100,http://localhost:7000/randomRequest,848,0,0
1676158014582,992,HTTP Request,200,,Thread-Gruppe  1-27,text,true,,491,129,100,100,http://localhost:7000/randomRequest,992,0,0
1676158014854,723,HTTP Request,200,,Thread-Gruppe  1-74,text,true,,492,129,100,100,http://localhost:7000/randomRequest,723,0,0
1676158015286,309,HTTP Request,200,,Thread-Gruppe  1-46,text,true,,419,129,100,100,http://localhost:7000/randomRequest,309,0,1
1676158014908,719,HTTP Request,200,,Thread-Gruppe  1-43,text,true,,492,129,100,100,http://localhost:7000/randomRequest,719,0,0
1676158014806,821,HTTP Request,200,,Thread-Gruppe  1-53,text,true,,577,129,100,100,http://localhost:7000/randomRequest,821,0,1
1676158015058,611,HTTP Request,200,,Thread-Gruppe  1-51,text,true,,492,129,100,100,http://localhost:7000/randomRequest,611,0,0
1676158013942,1732,HTTP Request,200,,Thread-Gruppe  1-75,text,true,,526,129,100,100,http://localhost:7000/randomRequest,1732,0,0
1676158015058,616,HTTP Request,200,,Thread-Gruppe  1-14,text,true,,492,129,100,100,http://localhost:7000/randomRequest,616,0,0
1676158014771,920,HTTP Request,200,,Thread-Gruppe  1-79,text,true,,490,129,100,100,http://localhost:7000/randomRequest,920,0,1
1676158015081,617,HTTP Request,200,,Thread-Gruppe  1-7,text,true,,403,129,100,100,http://localhost:7000/randomRequest,617,0,1
1676158014790,927,HTTP Request,200,,Thread-Gruppe  1-85,text,true,,537,129,100,100,http://localhost:7000/randomRequest,927,0,0
1676158014111,1613,HTTP Request,200,,Thread-Gruppe  1-56,text,true,,541,129,100,100,http://localhost:7000/randomRequest,1613,0,1
1676158015227,511,HTTP Request,200,,Thread-Gruppe  1-68,text,true,,548,129,100,100,http://localhost:7000/randomRequest,511,0,1
1676158014745,997,HTTP Request,200,,Thread-Gruppe  1-86,text,true,,647,129,100,100,http://localhost:7000/randomRequest,997,0,0
1676158015244,520,HTTP Request,200,,Thread-Gruppe  1-12,text,true,,554,129,100,100,http://localhost:7000/randomRequest,520,0,0
1676158014848,916,HTTP Request,200,,Thread-Gruppe  1-73,text,true,,495,129,100,100,http://localhost:7000/randomRequest,916,0,1
1676158014668,1103,HTTP Request,200,,Thread-Gruppe  1-3,text,true,,537,129,100,100,http://localhost:7000/randomRequest,1103,0,0
1676158014955,816,HTTP Request,200,,Thread-Gruppe  1-59,text,true,,557,129,100,100,http://localhost:7000/randomRequest,816,0,0
1676158015489,312,HTTP Request,200,,Thread-Gruppe  1-90,text,true,,418,129,100,100,http://localhost:7000/randomRequest,312,0,0
1676158015294,512,HTTP Request,200,,Thread-Gruppe  1-95,text,true,,418,129,100,100,http://localhost:7000/randomRequest,512,0,0
1676158014975,831,HTTP Request,200,,Thread-Gruppe  1-94,text,true,,488,129,100,100,http://localhost:7000/randomRequest,831,0,0
1676158014998,820,HTTP Request,200,,Thread-Gruppe  1-2,text,true,,483,129,100,100,http://localhost:7000/randomRequest,820,0,0
1676158015240,617,HTTP Request,200,,Thread-Gruppe  1-55,text,true,,415,129,100,100,http://localhost:7000/randomRequest,617,0,0
1676158015058,823,HTTP Request,200,,Thread-Gruppe  1-29,text,true,,419,129,100,100,http://localhost:7000/randomRequest,823,0,0
1676158015261,620,HTTP Request,200,,Thread-Gruppe  1-10,text,true,,417,129,100,100,http://localhost:7000/randomRequest,620,0,0
1676158015568,313,HTTP Request,200,,Thread-Gruppe  1-50,text,true,,539,129,100,100,http://localhost:7000/randomRequest,313,0,1
1676158015374,518,HTTP Request,200,,Thread-Gruppe  1-61,text,true,,492,129,100,100,http://localhost:7000/randomRequest,518,0,0
1676158015286,616,HTTP Request,200,,Thread-Gruppe  1-81,text,true,,488,129,100,100,http://localhost:7000/randomRequest,616,0,1
1676158014871,1031,HTTP Request,200,,Thread-Gruppe  1-91,text,true,,481,129,100,100,http://localhost:7000/randomRequest,1031,0,1
1676158014879,1032,HTTP Request,200,,Thread-Gruppe  1-44,text,true,,490,129,100,100,http://localhost:7000/randomRequest,1032,0,0
1676158015008,926,HTTP Request,200,,Thread-Gruppe  1-77,text,true,,481,129,100,100,http://localhost:7000/randomRequest,926,0,1
1676158015533,411,HTTP Request,200,,Thread-Gruppe  1-16,text,true,,492,129,100,100,http://localhost:7000/randomRequest,411,0,1
1676158015219,742,HTTP Request,200,,Thread-Gruppe  1-89,text,true,,565,129,100,100,http://localhost:7000/randomRequest,742,0,0
1676158015551,410,HTTP Request,200,,Thread-Gruppe  1-99,text,true,,419,129,100,100,http://localhost:7000/randomRequest,410,0,0
1676158015058,920,HTTP Request,200,,Thread-Gruppe  1-20,text,true,,492,129,100,100,http://localhost:7000/randomRequest,920,0,0
1676158015286,718,HTTP Request,200,,Thread-Gruppe  1-4,text,true,,419,129,100,100,http://localhost:7000/randomRequest,718,0,1
1676158015595,412,HTTP Request,200,,Thread-Gruppe  1-46,text,true,,572,129,100,100,http://localhost:7000/randomRequest,412,0,0
1676158015494,517,HTTP Request,200,,Thread-Gruppe  1-67,text,true,,416,129,100,100,http://localhost:7000/randomRequest,517,0,0
1676158014806,1205,HTTP Request,200,,Thread-Gruppe  1-66,text,true,,536,129,100,100,http://localhost:7000/randomRequest,1205,0,1
1676158014792,1242,HTTP Request,200,,Thread-Gruppe  1-47,text,true,,539,129,100,100,http://localhost:7000/randomRequest,1242,0,0
1676158015329,716,HTTP Request,200,,Thread-Gruppe  1-96,text,true,,490,129,100,100,http://localhost:7000/randomRequest,716,0,0
1676158015533,515,HTTP Request,200,,Thread-Gruppe  1-40,text,true,,492,129,100,100,http://localhost:7000/randomRequest,515,0,1
1676158015429,619,HTTP Request,200,,Thread-Gruppe  1-71,text,true,,372,129,100,100,http://localhost:7000/randomRequest,619,0,1
1676158015857,208,HTTP Request,200,,Thread-Gruppe  1-55,text,true,,554,129,100,100,http://localhost:7000/randomRequest,208,0,1
1676158015040,1025,HTTP Request,200,,Thread-Gruppe  1-88,text,true,,481,129,100,100,http://localhost:7000/randomRequest,1025,0,0
1676158015261,818,HTTP Request,200,,Thread-Gruppe  1-1,text,true,,481,129,100,100,http://localhost:7000/randomRequest,818,0,0
1676158015329,752,HTTP Request,200,,Thread-Gruppe  1-82,text,true,,673,129,100,100,http://localhost:7000/randomRequest,752,0,0
1676158015574,514,HTTP Request,200,,Thread-Gruppe  1-27,text,true,,416,129,100,100,http://localhost:7000/randomRequest,514,0,1
1676158014910,1198,HTTP Request,200,,Thread-Gruppe  1-24,text,true,,643,129,100,100,http://localhost:7000/randomRequest,1198,0,1
1676158015286,825,HTTP Request,200,,Thread-Gruppe  1-25,text,true,,419,129,100,100,http://localhost:7000/randomRequest,825,0,1
1676158014976,1144,HTTP Request,200,,Thread-Gruppe  1-80,text,true,,571,129,100,100,http://localhost:7000/randomRequest,1144,0,0
1676158015210,928,HTTP Request,200,,Thread-Gruppe  1-8,text,true,,492,129,100,100,http://localhost:7000/randomRequest,928,0,1
1676158015115,1023,HTTP Request,200,,Thread-Gruppe  1-33,text,true,,564,129,100,100,http://localhost:7000/randomRequest,1023,0,1
1676158015319,820,HTTP Request,200,,Thread-Gruppe  1-65,text,true,,544,129,100,100,http://localhost:7000/randomRequest,820,0,0
1676158015115,1024,HTTP Request,200,,Thread-Gruppe  1-62,text,true,,403,129,100,100,http://localhost:7000/randomRequest,1024,0,1
1676158015627,512,HTTP Request,200,,Thread-Gruppe  1-53,text,true,,415,129,100,100,http://localhost:7000/randomRequest,512,0,1
1676158015429,719,HTTP Request,200,,Thread-Gruppe  1-26,text,true,,555,129,100,100,http://localhost:7000/randomRequest,719,0,1
1676158015341,828,HTTP Request,200,,Thread-Gruppe  1-93,text,true,,488,129,100,100,http://localhost:7000/randomRequest,828,0,1
1676158015160,1028,HTTP Request,200,,Thread-Gruppe  1-72,text,true,,488,129,100,100,http://localhost:7000/randomRequest,1028,0,1
1676158015568,623,HTTP Request,200,,Thread-Gruppe  1-87,text,true,,419,129,100,100,http://localhost:7000/randomRequest,623,0,1
1676158015577,617,HTTP Request,200,,Thread-Gruppe  1-74,text,true,,489,129,100,100,http://localhost:7000/randomRequest,617,0,1
1676158015698,510,HTTP Request,200,,Thread-Gruppe  1-7,text,true,,492,129,100,100,http://localhost:7000/randomRequest,510,0,0
1676158015691,517,HTTP Request,200,,Thread-Gruppe  1-79,text,true,,490,129,100,100,http://localhost:7000/randomRequest,517,0,0
1676158015468,744,HTTP Request,200,,Thread-Gruppe  1-32,text,true,,584,129,100,100,http://localhost:7000/randomRequest,744,0,0
1676158015494,723,HTTP Request,200,,Thread-Gruppe  1-58,text,true,,568,129,100,100,http://localhost:7000/randomRequest,723,0,0
1676158015301,924,HTTP Request,200,,Thread-Gruppe  1-70,text,true,,492,129,100,100,http://localhost:7000/randomRequest,924,0,1
1676158015140,1101,HTTP Request,200,,Thread-Gruppe  1-84,text,true,,537,129,100,100,http://localhost:7000/randomRequest,1101,0,0
1676158015424,817,HTTP Request,200,,Thread-Gruppe  1-97,text,true,,557,129,100,100,http://localhost:7000/randomRequest,817,0,0
1676158015448,793,HTTP Request,200,,Thread-Gruppe  1-28,text,true,,647,129,100,100,http://localhost:7000/randomRequest,793,0,0
1676158015329,922,HTTP Request,200,,Thread-Gruppe  1-30,text,true,,549,129,100,100,http://localhost:7000/randomRequest,922,0,0
1676158015533,721,HTTP Request,200,,Thread-Gruppe  1-54,text,true,,483,129,100,100,http://localhost:7000/randomRequest,721,0,1
1676158015390,903,HTTP Request,200,,Thread-Gruppe  1-42,text,true,,489,129,100,100,http://localhost:7000/randomRequest,903,0,1
1676158015474,831,HTTP Request,200,,Thread-Gruppe  1-21,text,true,,492,129,100,100,http://localhost:7000/randomRequest,831,0,0
1676158015477,828,HTTP Request,200,,Thread-Gruppe  1-22,text,true,,419,129,100,100,http://localhost:7000/randomRequest,828,0,0
1676158015373,932,HTTP Request,200,,Thread-Gruppe  1-60,text,true,,403,129,100,100,http://localhost:7000/randomRequest,932,0,0
1676158015806,514,HTTP Request,200,,Thread-Gruppe  1-94,text,true,,416,129,100,100,http://localhost:7000/randomRequest,514,0,1
1676158015494,826,HTTP Request,200,,Thread-Gruppe  1-9,text,true,,419,129,100,100,http://localhost:7000/randomRequest,826,0,0
1676158015494,826,HTTP Request,200,,Thread-Gruppe  1-52,text,true,,419,129,100,100,http://localhost:7000/randomRequest,826,0,0
1676158014920,1400,HTTP Request,200,,Thread-Gruppe  1-13,text,true,,537,129,100,100,http://localhost:7000/randomRequest,1400,0,0
1676158015407,913,HTTP Request,200,,Thread-Gruppe  1-64,text,true,,562,129,100,100,http://localhost:7000/randomRequest,913,0,1
1676158015771,617,HTTP Request,200,,Thread-Gruppe  1-59,text,true,,481,129,100,100,http://localhost:7000/randomRequest,617,0,1
1676158015474,934,HTTP Request,200,,Thread-Gruppe  1-76,text,true,,488,129,100,100,http://localhost:7000/randomRequest,934,0,0
1676158015502,923,HTTP Request,200,,Thread-Gruppe  1-6,text,true,,492,129,100,100,http://localhost:7000/randomRequest,923,0,0
1676158016011,414,HTTP Request,200,,Thread-Gruppe  1-67,text,true,,403,129,100,100,http://localhost:7000/randomRequest,414,0,1
1676158015718,707,HTTP Request,200,,Thread-Gruppe  1-85,text,true,,403,129,100,100,http://localhost:7000/randomRequest,707,0,0
1676158015961,508,HTTP Request,200,,Thread-Gruppe  1-99,text,true,,485,129,100,100,http://localhost:7000/randomRequest,508,0,1
1676158015468,1023,HTTP Request,200,,Thread-Gruppe  1-35,text,true,,630,129,100,100,http://localhost:7000/randomRequest,1023,0,0
1676158015407,1121,HTTP Request,200,,Thread-Gruppe  1-37,text,true,,495,129,100,100,http://localhost:7000/randomRequest,1121,0,1
1676158016120,408,HTTP Request,200,,Thread-Gruppe  1-80,text,true,,416,129,100,100,http://localhost:7000/randomRequest,408,0,0
1676158015818,716,HTTP Request,200,,Thread-Gruppe  1-2,text,true,,419,129,100,100,http://localhost:7000/randomRequest,716,0,0
1676158015240,1298,HTTP Request,200,,Thread-Gruppe  1-41,text,true,,643,129,100,100,http://localhost:7000/randomRequest,1298,0,0
1676158015525,1028,HTTP Request,200,,Thread-Gruppe  1-5,text,true,,492,129,100,100,http://localhost:7000/randomRequest,1028,0,0
1676158015934,619,HTTP Request,200,,Thread-Gruppe  1-77,text,true,,419,129,100,100,http://localhost:7000/randomRequest,619,0,1
1676158015739,822,HTTP Request,200,,Thread-Gruppe  1-68,text,true,,492,129,100,100,http://localhost:7000/randomRequest,822,0,0
1676158014744,1817,HTTP Request,200,,Thread-Gruppe  1-18,text,true,,533,129,100,100,http://localhost:7000/randomRequest,1817,0,0
1676158016045,516,HTTP Request,200,,Thread-Gruppe  1-96,text,true,,563,129,100,100,http://localhost:7000/randomRequest,516,0,1
1676158015764,797,HTTP Request,200,,Thread-Gruppe  1-12,text,true,,527,129,100,100,http://localhost:7000/randomRequest,797,0,0
1676158015551,1019,HTTP Request,200,,Thread-Gruppe  1-23,text,true,,415,129,100,100,http://localhost:7000/randomRequest,1018,0,0
1676158016065,514,HTTP Request,200,,Thread-Gruppe  1-55,text,true,,539,129,100,100,http://localhost:7000/randomRequest,514,0,0
1676158015881,723,HTTP Request,200,,Thread-Gruppe  1-29,text,true,,401,129,100,100,http://localhost:7000/randomRequest,723,0,1
1676158016217,412,HTTP Request,200,,Thread-Gruppe  1-58,text,true,,419,129,100,100,http://localhost:7000/randomRequest,412,0,1
1676158015806,825,HTTP Request,200,,Thread-Gruppe  1-95,text,true,,492,129,100,100,http://localhost:7000/randomRequest,825,0,1
1676158016225,413,HTTP Request,200,,Thread-Gruppe  1-70,text,true,,419,129,100,100,http://localhost:7000/randomRequest,413,0,0
1676158015902,740,HTTP Request,200,,Thread-Gruppe  1-81,text,true,,571,129,100,100,http://localhost:7000/randomRequest,740,0,0
1676158016138,515,HTTP Request,200,,Thread-Gruppe  1-8,text,true,,485,129,100,100,http://localhost:7000/randomRequest,515,0,1
1676158015978,726,HTTP Request,200,,Thread-Gruppe  1-20,text,true,,550,129,100,100,http://localhost:7000/randomRequest,726,0,0
1676158015674,1034,HTTP Request,200,,Thread-Gruppe  1-75,text,true,,553,129,100,100,http://localhost:7000/randomRequest,1034,0,0
1676158015771,937,HTTP Request,200,,Thread-Gruppe  1-3,text,true,,492,129,100,100,http://localhost:7000/randomRequest,937,0,1
1676158015674,1034,HTTP Request,200,,Thread-Gruppe  1-14,text,true,,488,129,100,100,http://localhost:7000/randomRequest,1034,0,0
1676158015881,827,HTTP Request,200,,Thread-Gruppe  1-50,text,true,,419,129,100,100,http://localhost:7000/randomRequest,827,0,1
1676158016188,520,HTTP Request,200,,Thread-Gruppe  1-72,text,true,,403,129,100,100,http://localhost:7000/randomRequest,520,0,1
1676158015892,825,HTTP Request,200,,Thread-Gruppe  1-61,text,true,,488,129,100,100,http://localhost:7000/randomRequest,825,0,0
1676158016108,612,HTTP Request,200,,Thread-Gruppe  1-24,text,true,,492,129,100,100,http://localhost:7000/randomRequest,612,0,0
1676158016007,717,HTTP Request,200,,Thread-Gruppe  1-46,text,true,,419,129,100,100,http://localhost:7000/randomRequest,717,0,1
1676158015724,1010,HTTP Request,200,,Thread-Gruppe  1-56,text,true,,535,129,100,100,http://localhost:7000/randomRequest,1010,0,0
1676158015944,790,HTTP Request,200,,Thread-Gruppe  1-16,text,true,,643,129,100,100,http://localhost:7000/randomRequest,790,0,0
1676158015911,823,HTTP Request,200,,Thread-Gruppe  1-44,text,true,,485,129,100,100,http://localhost:7000/randomRequest,823,0,0
1676158016048,734,HTTP Request,200,,Thread-Gruppe  1-71,text,true,,482,129,100,100,http://localhost:7000/randomRequest,734,0,0
1676158016089,697,HTTP Request,200,,Thread-Gruppe  1-27,text,true,,633,129,100,100,http://localhost:7000/randomRequest,697,0,0
1676158016195,613,HTTP Request,200,,Thread-Gruppe  1-74,text,true,,492,129,100,100,http://localhost:7000/randomRequest,613,0,0
1676158016191,617,HTTP Request,200,,Thread-Gruppe  1-87,text,true,,419,129,100,100,http://localhost:7000/randomRequest,617,0,0
1676158016034,820,HTTP Request,200,,Thread-Gruppe  1-47,text,true,,490,129,100,100,http://localhost:7000/randomRequest,820,0,0
1676158015742,1114,HTTP Request,200,,Thread-Gruppe  1-86,text,true,,541,129,100,100,http://localhost:7000/randomRequest,1114,0,1
1676158016241,624,HTTP Request,200,,Thread-Gruppe  1-28,text,true,,492,129,100,100,http://localhost:7000/randomRequest,624,0,0
1676158016065,823,HTTP Request,200,,Thread-Gruppe  1-88,text,true,,540,129,100,100,http://localhost:7000/randomRequest,823,0,0
1676158015802,1094,HTTP Request,200,,Thread-Gruppe  1-90,text,true,,527,129,100,100,http://localhost:7000/randomRequest,1094,0,0
1676158015669,1233,HTTP Request,200,,Thread-Gruppe  1-51,text,true,,481,129,100,100,http://localhost:7000/randomRequest,1233,0,0
1676158016079,825,HTTP Request,200,,Thread-Gruppe  1-1,text,true,,419,129,100,100,http://localhost:7000/randomRequest,825,0,0
1676158016293,619,HTTP Request,200,,Thread-Gruppe  1-42,text,true,,419,129,100,100,http://localhost:7000/randomRequest,619,0,1
1676158016139,781,HTTP Request,200,,Thread-Gruppe  1-53,text,true,,643,129,100,100,http://localhost:7000/randomRequest,781,0,0
1676158015902,1026,HTTP Request,200,,Thread-Gruppe  1-91,text,true,,415,129,100,100,http://localhost:7000/randomRequest,1026,0,0
1676158016005,926,HTTP Request,200,,Thread-Gruppe  1-4,text,true,,485,129,100,100,http://localhost:7000/randomRequest,926,0,0
1676158016320,618,HTTP Request,200,,Thread-Gruppe  1-52,text,true,,419,129,100,100,http://localhost:7000/randomRequest,618,0,0
1676158016528,414,HTTP Request,200,,Thread-Gruppe  1-37,text,true,,419,129,100,100,http://localhost:7000/randomRequest,414,0,0
1676158016561,413,HTTP Request,200,,Thread-Gruppe  1-18,text,true,,419,129,100,100,http://localhost:7000/randomRequest,413,0,1
1676158015961,1013,HTTP Request,200,,Thread-Gruppe  1-89,text,true,,867,129,100,100,http://localhost:7000/randomRequest,1013,0,1
1676158016579,413,HTTP Request,200,,Thread-Gruppe  1-55,text,true,,683,129,100,100,http://localhost:7000/randomRequest,413,0,0
1676158016704,304,HTTP Request,200,,Thread-Gruppe  1-20,text,true,,543,129,100,100,http://localhost:7000/randomRequest,304,0,0
1676158015764,1259,HTTP Request,200,,Thread-Gruppe  1-73,text,true,,553,129,100,100,http://localhost:7000/randomRequest,1259,0,0
1676158015627,1396,HTTP Request,200,,Thread-Gruppe  1-43,text,true,,527,129,100,100,http://localhost:7000/randomRequest,1396,0,1
1676158016408,615,HTTP Request,200,,Thread-Gruppe  1-76,text,true,,403,129,100,100,http://localhost:7000/randomRequest,615,0,0
1676158016305,718,HTTP Request,200,,Thread-Gruppe  1-22,text,true,,552,129,100,100,http://localhost:7000/randomRequest,718,0,0
1676158016011,1028,HTTP Request,200,,Thread-Gruppe  1-66,text,true,,488,129,100,100,http://localhost:7000/randomRequest,1028,0,1
1676158016212,827,HTTP Request,200,,Thread-Gruppe  1-32,text,true,,485,129,100,100,http://localhost:7000/randomRequest,827,0,0
1676158016320,724,HTTP Request,200,,Thread-Gruppe  1-9,text,true,,561,129,100,100,http://localhost:7000/randomRequest,724,0,0
1676158016320,724,HTTP Request,200,,Thread-Gruppe  1-13,text,true,,419,129,100,100,http://localhost:7000/randomRequest,724,0,0
1676158016425,619,HTTP Request,200,,Thread-Gruppe  1-85,text,true,,419,129,100,100,http://localhost:7000/randomRequest,619,0,0
1676158016255,797,HTTP Request,200,,Thread-Gruppe  1-54,text,true,,537,129,100,100,http://localhost:7000/randomRequest,797,0,0
1676158016111,947,HTTP Request,200,,Thread-Gruppe  1-25,text,true,,683,129,100,100,http://localhost:7000/randomRequest,947,0,0
1676158016241,817,HTTP Request,200,,Thread-Gruppe  1-84,text,true,,415,129,100,100,http://localhost:7000/randomRequest,817,0,0
1676158016139,919,HTTP Request,200,,Thread-Gruppe  1-65,text,true,,633,129,100,100,http://localhost:7000/randomRequest,919,0,0
1676158016241,830,HTTP Request,200,,Thread-Gruppe  1-97,text,true,,419,129,100,100,http://localhost:7000/randomRequest,830,0,0
1676158016251,820,HTTP Request,200,,Thread-Gruppe  1-30,text,true,,419,129,100,100,http://localhost:7000/randomRequest,820,0,0
1676158016561,514,HTTP Request,200,,Thread-Gruppe  1-96,text,true,,417,129,100,100,http://localhost:7000/randomRequest,514,0,1
1676158016081,1028,HTTP Request,200,,Thread-Gruppe  1-82,text,true,,403,129,100,100,http://localhost:7000/randomRequest,1028,0,0
1676158016305,820,HTTP Request,200,,Thread-Gruppe  1-60,text,true,,418,129,100,100,http://localhost:7000/randomRequest,820,0,0
1676158016720,405,HTTP Request,200,,Thread-Gruppe  1-24,text,true,,417,129,100,100,http://localhost:7000/randomRequest,405,0,0
1676158016208,917,HTTP Request,200,,Thread-Gruppe  1-7,text,true,,485,129,100,100,http://localhost:7000/randomRequest,917,0,0
1676158016718,407,HTTP Request,200,,Thread-Gruppe  1-61,text,true,,419,129,100,100,http://localhost:7000/randomRequest,407,0,0
1676158016629,510,HTTP Request,200,,Thread-Gruppe  1-58,text,true,,553,129,100,100,http://localhost:7000/randomRequest,510,0,0
1676158016320,819,HTTP Request,200,,Thread-Gruppe  1-64,text,true,,490,129,100,100,http://localhost:7000/randomRequest,819,0,0
1676158016528,620,HTTP Request,200,,Thread-Gruppe  1-80,text,true,,553,129,100,100,http://localhost:7000/randomRequest,620,0,0
1676158016631,517,HTTP Request,200,,Thread-Gruppe  1-95,text,true,,419,129,100,100,http://localhost:7000/randomRequest,517,0,1
1676158016425,723,HTTP Request,200,,Thread-Gruppe  1-6,text,true,,564,129,100,100,http://localhost:7000/randomRequest,723,0,0
1676158016534,621,HTTP Request,200,,Thread-Gruppe  1-2,text,true,,418,129,100,100,http://localhost:7000/randomRequest,621,0,0
1676158016653,510,HTTP Request,200,,Thread-Gruppe  1-8,text,true,,552,129,100,100,http://localhost:7000/randomRequest,510,0,1
1676158016148,1021,HTTP Request,200,,Thread-Gruppe  1-26,text,true,,403,129,100,100,http://localhost:7000/randomRequest,1021,0,0
1676158016561,614,HTTP Request,200,,Thread-Gruppe  1-68,text,true,,419,129,100,100,http://localhost:7000/randomRequest,614,0,1
1676158016570,624,HTTP Request,200,,Thread-Gruppe  1-23,text,true,,419,129,100,100,http://localhost:7000/randomRequest,624,0,0
1676158016708,513,HTTP Request,200,,Thread-Gruppe  1-50,text,true,,548,129,100,100,http://localhost:7000/randomRequest,513,0,1
1676158016708,513,HTTP Request,200,,Thread-Gruppe  1-3,text,true,,556,129,100,100,http://localhost:7000/randomRequest,513,0,1
1676158016708,513,HTTP Request,200,,Thread-Gruppe  1-75,text,true,,559,129,100,100,http://localhost:7000/randomRequest,513,0,1
1676158015881,1348,HTTP Request,200,,Thread-Gruppe  1-10,text,true,,677,129,100,100,http://localhost:7000/randomRequest,1348,0,1
1676157987227,30016,HTTP Request,500,,Thread-Gruppe  1-38,text,false,,258,129,100,100,http://localhost:7000/randomRequest,30016,0,0
1676158016553,714,HTTP Request,200,,Thread-Gruppe  1-5,text,true,,491,129,100,100,http://localhost:7000/randomRequest,714,0,0
1676158016469,826,HTTP Request,200,,Thread-Gruppe  1-99,text,true,,490,129,100,100,http://localhost:7000/randomRequest,826,0,0
1676158016786,509,HTTP Request,200,,Thread-Gruppe  1-27,text,true,,419,129,100,100,http://localhost:7000/randomRequest,509,0,0
1676158016305,999,HTTP Request,200,,Thread-Gruppe  1-21,text,true,,491,129,100,100,http://localhost:7000/randomRequest,999,0,0
1676158016896,409,HTTP Request,200,,Thread-Gruppe  1-90,text,true,,556,129,100,100,http://localhost:7000/randomRequest,409,0,0
1676157987301,30009,HTTP Request,500,,Thread-Gruppe  1-78,text,false,,258,129,100,100,http://localhost:7000/randomRequest,30008,0,0
1676158016638,683,HTTP Request,200,,Thread-Gruppe  1-70,text,true,,643,129,100,100,http://localhost:7000/randomRequest,683,0,1
1676158016809,516,HTTP Request,200,,Thread-Gruppe  1-87,text,true,,419,129,100,100,http://localhost:7000/randomRequest,516,0,0
1676158016208,1121,HTTP Request,200,,Thread-Gruppe  1-79,text,true,,492,129,100,100,http://localhost:7000/randomRequest,1121,0,0
1676157987309,30022,HTTP Request,500,,Thread-Gruppe  1-19,text,false,,258,129,100,100,http://localhost:7000/randomRequest,30022,0,1
1676158016931,410,HTTP Request,200,,Thread-Gruppe  1-4,text,true,,419,129,100,100,http://localhost:7000/randomRequest,410,0,0
1676158016734,618,HTTP Request,200,,Thread-Gruppe  1-56,text,true,,419,129,100,100,http://localhost:7000/randomRequest,618,0,0
1676158016943,409,HTTP Request,200,,Thread-Gruppe  1-37,text,true,,419,129,100,100,http://localhost:7000/randomRequest,409,0,0
1676158016734,618,HTTP Request,200,,Thread-Gruppe  1-44,text,true,,539,129,100,100,http://localhost:7000/randomRequest,618,0,0
1676158016854,514,HTTP Request,200,,Thread-Gruppe  1-47,text,true,,492,129,100,100,http://localhost:7000/randomRequest,514,0,1
1676158016553,815,HTTP Request,200,,Thread-Gruppe  1-77,text,true,,485,129,100,100,http://localhost:7000/randomRequest,815,0,0
1676158016169,1202,HTTP Request,200,,Thread-Gruppe  1-93,text,true,,647,129,100,100,http://localhost:7000/randomRequest,1202,0,0
1676158016138,1237,HTTP Request,200,,Thread-Gruppe  1-33,text,true,,647,129,100,100,http://localhost:7000/randomRequest,1237,0,1
1676158016782,614,HTTP Request,200,,Thread-Gruppe  1-71,text,true,,540,129,100,100,http://localhost:7000/randomRequest,614,0,1
1676158016912,516,HTTP Request,200,,Thread-Gruppe  1-42,text,true,,419,129,100,100,http://localhost:7000/randomRequest,516,0,0
1676158016929,510,HTTP Request,200,,Thread-Gruppe  1-91,text,true,,416,129,100,100,http://localhost:7000/randomRequest,510,0,0
1676158016939,516,HTTP Request,200,,Thread-Gruppe  1-52,text,true,,490,129,100,100,http://localhost:7000/randomRequest,516,0,0
1676158017044,411,HTTP Request,200,,Thread-Gruppe  1-13,text,true,,567,129,100,100,http://localhost:7000/randomRequest,411,0,0
1676158016538,926,HTTP Request,200,,Thread-Gruppe  1-41,text,true,,487,129,100,100,http://localhost:7000/randomRequest,926,0,1
1676158016139,1329,HTTP Request,200,,Thread-Gruppe  1-62,text,true,,537,129,100,100,http://localhost:7000/randomRequest,1329,0,0
1676158016491,1011,HTTP Request,200,,Thread-Gruppe  1-35,text,true,,647,129,100,100,http://localhost:7000/randomRequest,1011,0,0
1676158016388,1116,HTTP Request,200,,Thread-Gruppe  1-59,text,true,,537,129,100,100,http://localhost:7000/randomRequest,1116,0,1
1676158016708,817,HTTP Request,200,,Thread-Gruppe  1-72,text,true,,416,129,100,100,http://localhost:7000/randomRequest,816,0,1
1676158016734,822,HTTP Request,200,,Thread-Gruppe  1-16,text,true,,492,129,100,100,http://localhost:7000/randomRequest,822,0,0
1676158017052,517,HTTP Request,200,,Thread-Gruppe  1-54,text,true,,490,129,100,100,http://localhost:7000/randomRequest,517,0,0
1676158017071,509,HTTP Request,200,,Thread-Gruppe  1-30,text,true,,489,129,100,100,http://localhost:7000/randomRequest,509,0,0
1676158016865,715,HTTP Request,200,,Thread-Gruppe  1-28,text,true,,492,129,100,100,http://localhost:7000/randomRequest,715,0,0
1676158017008,612,HTTP Request,200,,Thread-Gruppe  1-20,text,true,,540,129,100,100,http://localhost:7000/randomRequest,612,0,0
1676158016320,1300,HTTP Request,200,,Thread-Gruppe  1-94,text,true,,643,129,100,100,http://localhost:7000/randomRequest,1300,0,0
1676158016708,924,HTTP Request,200,,Thread-Gruppe  1-14,text,true,,403,129,100,100,http://localhost:7000/randomRequest,924,0,1
1676158016920,713,HTTP Request,200,,Thread-Gruppe  1-53,text,true,,492,129,100,100,http://localhost:7000/randomRequest,713,0,0
1676158017125,508,HTTP Request,200,,Thread-Gruppe  1-24,text,true,,549,129,100,100,http://localhost:7000/randomRequest,508,0,0
1676158017023,611,HTTP Request,200,,Thread-Gruppe  1-43,text,true,,419,129,100,100,http://localhost:7000/randomRequest,611,0,0
1676158017023,613,HTTP Request,200,,Thread-Gruppe  1-22,text,true,,418,129,100,100,http://localhost:7000/randomRequest,613,0,0
1676158017039,609,HTTP Request,200,,Thread-Gruppe  1-66,text,true,,419,129,100,100,http://localhost:7000/randomRequest,609,0,0
1676158017039,609,HTTP Request,200,,Thread-Gruppe  1-32,text,true,,403,129,100,100,http://localhost:7000/randomRequest,609,0,0
1676158016643,1005,HTTP Request,200,,Thread-Gruppe  1-81,text,true,,633,129,100,100,http://localhost:7000/randomRequest,1005,0,0
1676158017221,427,HTTP Request,200,,Thread-Gruppe  1-75,text,true,,415,129,100,100,http://localhost:7000/randomRequest,427,0,0
1676158017148,508,HTTP Request,200,,Thread-Gruppe  1-95,text,true,,481,129,100,100,http://localhost:7000/randomRequest,508,0,0
1676158017163,511,HTTP Request,200,,Thread-Gruppe  1-8,text,true,,403,129,100,100,http://localhost:7000/randomRequest,511,0,0
1676158016561,1130,HTTP Request,200,,Thread-Gruppe  1-12,text,true,,492,129,100,100,http://localhost:7000/randomRequest,1130,0,1
1676158017125,613,HTTP Request,200,,Thread-Gruppe  1-60,text,true,,492,129,100,100,http://localhost:7000/randomRequest,613,0,0
1676158017329,409,HTTP Request,200,,Thread-Gruppe  1-79,text,true,,557,129,100,100,http://localhost:7000/randomRequest,409,0,0
1676158017125,617,HTTP Request,200,,Thread-Gruppe  1-7,text,true,,560,129,100,100,http://localhost:7000/randomRequest,617,0,0
1676158016725,1021,HTTP Request,200,,Thread-Gruppe  1-46,text,true,,492,129,100,100,http://localhost:7000/randomRequest,1021,0,0
1676158017243,509,HTTP Request,200,,Thread-Gruppe  1-38,text,true,,492,129,100,100,http://localhost:7000/randomRequest,509,0,0
1676158017044,714,HTTP Request,200,,Thread-Gruppe  1-9,text,true,,419,129,100,100,http://localhost:7000/randomRequest,714,0,0
1676158016048,1711,HTTP Request,200,,Thread-Gruppe  1-40,text,true,,537,129,100,100,http://localhost:7000/randomRequest,1711,0,0
1676158017059,715,HTTP Request,200,,Thread-Gruppe  1-84,text,true,,485,129,100,100,http://localhost:7000/randomRequest,715,0,0
1676158017058,719,HTTP Request,200,,Thread-Gruppe  1-25,text,true,,539,129,100,100,http://localhost:7000/randomRequest,719,0,0
1676158017175,625,HTTP Request,200,,Thread-Gruppe  1-68,text,true,,418,129,100,100,http://localhost:7000/randomRequest,625,0,0
1676158017110,719,HTTP Request,200,,Thread-Gruppe  1-82,text,true,,483,129,100,100,http://localhost:7000/randomRequest,719,0,0
1676158017331,512,HTTP Request,200,,Thread-Gruppe  1-19,text,true,,555,129,100,100,http://localhost:7000/randomRequest,512,0,0
1676158017148,708,HTTP Request,200,,Thread-Gruppe  1-6,text,true,,418,129,100,100,http://localhost:7000/randomRequest,708,0,0
1676158017044,815,HTTP Request,200,,Thread-Gruppe  1-85,text,true,,402,129,100,100,http://localhost:7000/randomRequest,815,0,1
1676158017352,507,HTTP Request,200,,Thread-Gruppe  1-44,text,true,,419,129,100,100,http://localhost:7000/randomRequest,507,0,0
1676158017059,817,HTTP Request,200,,Thread-Gruppe  1-65,text,true,,482,129,100,100,http://localhost:7000/randomRequest,817,0,0
1676158017368,510,HTTP Request,200,,Thread-Gruppe  1-47,text,true,,403,129,100,100,http://localhost:7000/randomRequest,510,0,1
1676158017169,719,HTTP Request,200,,Thread-Gruppe  1-26,text,true,,481,129,100,100,http://localhost:7000/randomRequest,719,0,1
1676158017504,408,HTTP Request,200,,Thread-Gruppe  1-59,text,true,,554,129,100,100,http://localhost:7000/randomRequest,408,0,0
1676158017295,617,HTTP Request,200,,Thread-Gruppe  1-27,text,true,,403,129,100,100,http://localhost:7000/randomRequest,617,0,1
1676158016992,923,HTTP Request,200,,Thread-Gruppe  1-55,text,true,,558,129,100,100,http://localhost:7000/randomRequest,923,0,1
1676158017396,519,HTTP Request,200,,Thread-Gruppe  1-71,text,true,,419,129,100,100,http://localhost:7000/randomRequest,519,0,0
1676158016425,1507,HTTP Request,200,,Thread-Gruppe  1-67,text,true,,527,129,100,100,http://localhost:7000/randomRequest,1507,0,0
1676158017321,611,HTTP Request,200,,Thread-Gruppe  1-70,text,true,,562,129,100,100,http://localhost:7000/randomRequest,611,0,0
1676158017326,617,HTTP Request,200,,Thread-Gruppe  1-87,text,true,,401,129,100,100,http://localhost:7000/randomRequest,617,0,0
1676158017221,722,HTTP Request,200,,Thread-Gruppe  1-50,text,true,,418,129,100,100,http://localhost:7000/randomRequest,722,0,0
1676158017125,819,HTTP Request,200,,Thread-Gruppe  1-61,text,true,,492,129,100,100,http://localhost:7000/randomRequest,819,0,0
1676158017439,517,HTTP Request,200,,Thread-Gruppe  1-91,text,true,,563,129,100,100,http://localhost:7000/randomRequest,517,0,1
1676158017352,609,HTTP Request,200,,Thread-Gruppe  1-37,text,true,,492,129,100,100,http://localhost:7000/randomRequest,609,0,0
1676158017368,611,HTTP Request,200,,Thread-Gruppe  1-77,text,true,,419,129,100,100,http://localhost:7000/randomRequest,611,0,1
1676158017139,840,HTTP Request,200,,Thread-Gruppe  1-64,text,true,,671,129,100,100,http://localhost:7000/randomRequest,840,0,1
1676158016975,1020,HTTP Request,200,,Thread-Gruppe  1-18,text,true,,485,129,100,100,http://localhost:7000/randomRequest,1020,0,0
1676158017071,924,HTTP Request,200,,Thread-Gruppe  1-97,text,true,,560,129,100,100,http://localhost:7000/randomRequest,924,0,0
1676158016809,1207,HTTP Request,200,,Thread-Gruppe  1-74,text,true,,644,129,100,100,http://localhost:7000/randomRequest,1207,0,0
1676158017428,619,HTTP Request,200,,Thread-Gruppe  1-42,text,true,,418,129,100,100,http://localhost:7000/randomRequest,619,0,0
1676158017341,713,HTTP Request,200,,Thread-Gruppe  1-4,text,true,,418,129,100,100,http://localhost:7000/randomRequest,713,0,0
1676158017352,713,HTTP Request,200,,Thread-Gruppe  1-56,text,true,,492,129,100,100,http://localhost:7000/randomRequest,713,0,0
1676158017455,610,HTTP Request,200,,Thread-Gruppe  1-13,text,true,,418,129,100,100,http://localhost:7000/randomRequest,610,0,0
1676158017155,921,HTTP Request,200,,Thread-Gruppe  1-2,text,true,,1035,129,100,100,http://localhost:7000/randomRequest,921,0,0
1676158017569,514,HTTP Request,200,,Thread-Gruppe  1-54,text,true,,483,129,100,100,http://localhost:7000/randomRequest,514,0,0
1676158016889,1194,HTTP Request,200,,Thread-Gruppe  1-88,text,true,,537,129,100,100,http://localhost:7000/randomRequest,1194,0,0
1676158016856,1227,HTTP Request,200,,Thread-Gruppe  1-86,text,true,,530,129,100,100,http://localhost:7000/randomRequest,1227,0,0
1676158017375,718,HTTP Request,200,,Thread-Gruppe  1-33,text,true,,492,129,100,100,http://localhost:7000/randomRequest,718,0,1
1676158016975,1124,HTTP Request,200,,Thread-Gruppe  1-89,text,true,,403,129,100,100,http://localhost:7000/randomRequest,1124,0,0
1676158017075,1026,HTTP Request,200,,Thread-Gruppe  1-96,text,true,,485,129,100,100,http://localhost:7000/randomRequest,1026,0,0
1676158017023,1096,HTTP Request,200,,Thread-Gruppe  1-76,text,true,,633,129,100,100,http://localhost:7000/randomRequest,1096,0,0
1676158017023,1096,HTTP Request,200,,Thread-Gruppe  1-73,text,true,,643,129,100,100,http://localhost:7000/randomRequest,1096,0,0
1676158016604,1515,HTTP Request,200,,Thread-Gruppe  1-29,text,true,,643,129,100,100,http://localhost:7000/randomRequest,1515,0,0
1676158016904,1215,HTTP Request,200,,Thread-Gruppe  1-1,text,true,,633,129,100,100,http://localhost:7000/randomRequest,1215,0,0
1676158017525,608,HTTP Request,200,,Thread-Gruppe  1-72,text,true,,479,129,100,100,http://localhost:7000/randomRequest,608,0,0
1676158017620,513,HTTP Request,200,,Thread-Gruppe  1-20,text,true,,485,129,100,100,http://localhost:7000/randomRequest,513,0,1
1676158017464,713,HTTP Request,200,,Thread-Gruppe  1-41,text,true,,419,129,100,100,http://localhost:7000/randomRequest,713,0,0
1676158017371,815,HTTP Request,200,,Thread-Gruppe  1-93,text,true,,418,129,100,100,http://localhost:7000/randomRequest,815,0,0
1676158017305,881,HTTP Request,200,,Thread-Gruppe  1-90,text,true,,633,129,100,100,http://localhost:7000/randomRequest,881,0,0
1676158017148,1048,HTTP Request,200,,Thread-Gruppe  1-80,text,true,,688,129,100,100,http://localhost:7000/randomRequest,1048,0,0
1676158017915,309,HTTP Request,200,,Thread-Gruppe  1-55,text,true,,415,129,100,100,http://localhost:7000/randomRequest,309,0,0
1676158017636,617,HTTP Request,200,,Thread-Gruppe  1-22,text,true,,488,129,100,100,http://localhost:7000/randomRequest,617,0,0
1676158017632,621,HTTP Request,200,,Thread-Gruppe  1-14,text,true,,561,129,100,100,http://localhost:7000/randomRequest,621,0,0
1676158017742,516,HTTP Request,200,,Thread-Gruppe  1-7,text,true,,492,129,100,100,http://localhost:7000/randomRequest,516,0,1
1676158017648,616,HTTP Request,200,,Thread-Gruppe  1-75,text,true,,403,129,100,100,http://localhost:7000/randomRequest,616,0,0
1676158017268,1023,HTTP Request,200,,Thread-Gruppe  1-5,text,true,,492,129,100,100,http://localhost:7000/randomRequest,1023,0,0
1676158017295,1034,HTTP Request,200,,Thread-Gruppe  1-99,text,true,,490,129,100,100,http://localhost:7000/randomRequest,1034,0,1
1676158018016,313,HTTP Request,200,,Thread-Gruppe  1-74,text,true,,546,129,100,100,http://localhost:7000/randomRequest,313,0,1
1676158017310,1028,HTTP Request,200,,Thread-Gruppe  1-78,text,true,,488,129,100,100,http://localhost:7000/randomRequest,1028,0,0
1676158017139,1202,HTTP Request,200,,Thread-Gruppe  1-58,text,true,,647,129,100,100,http://localhost:7000/randomRequest,1202,0,1
1676158017944,409,HTTP Request,200,,Thread-Gruppe  1-61,text,true,,419,129,100,100,http://localhost:7000/randomRequest,409,0,0
1676158017648,719,HTTP Request,200,,Thread-Gruppe  1-66,text,true,,488,129,100,100,http://localhost:7000/randomRequest,719,0,0
1676158017746,637,HTTP Request,200,,Thread-Gruppe  1-46,text,true,,670,129,100,100,http://localhost:7000/randomRequest,637,0,0
1676158017759,642,HTTP Request,200,,Thread-Gruppe  1-40,text,true,,560,129,100,100,http://localhost:7000/randomRequest,642,0,0
1676158016902,1519,HTTP Request,200,,Thread-Gruppe  1-51,text,true,,527,129,100,100,http://localhost:7000/randomRequest,1519,0,0
1676158017829,612,HTTP Request,200,,Thread-Gruppe  1-82,text,true,,490,129,100,100,http://localhost:7000/randomRequest,612,0,0
1676158017944,514,HTTP Request,200,,Thread-Gruppe  1-87,text,true,,551,129,100,100,http://localhost:7000/randomRequest,514,0,0
1676158017656,805,HTTP Request,200,,Thread-Gruppe  1-95,text,true,,643,129,100,100,http://localhost:7000/randomRequest,805,0,0
1676158017648,820,HTTP Request,200,,Thread-Gruppe  1-32,text,true,,489,129,100,100,http://localhost:7000/randomRequest,820,0,0
1676158017455,1017,HTTP Request,200,,Thread-Gruppe  1-52,text,true,,492,129,100,100,http://localhost:7000/randomRequest,1017,0,0
1676158017468,1005,HTTP Request,200,,Thread-Gruppe  1-62,text,true,,633,129,100,100,http://localhost:7000/randomRequest,1005,0,1
1676158017961,512,HTTP Request,200,,Thread-Gruppe  1-37,text,true,,492,129,100,100,http://localhost:7000/randomRequest,512,0,0
1676158017979,515,HTTP Request,200,,Thread-Gruppe  1-64,text,true,,490,129,100,100,http://localhost:7000/randomRequest,515,0,0
1676158017675,819,HTTP Request,200,,Thread-Gruppe  1-8,text,true,,416,129,100,100,http://localhost:7000/randomRequest,819,0,0
1676158018186,308,HTTP Request,200,,Thread-Gruppe  1-93,text,true,,403,129,100,100,http://localhost:7000/randomRequest,308,0,1
1676158018083,415,HTTP Request,200,,Thread-Gruppe  1-86,text,true,,419,129,100,100,http://localhost:7000/randomRequest,415,0,0
1676158018093,408,HTTP Request,200,,Thread-Gruppe  1-33,text,true,,561,129,100,100,http://localhost:7000/randomRequest,408,0,1
1676158017995,513,HTTP Request,200,,Thread-Gruppe  1-97,text,true,,419,129,100,100,http://localhost:7000/randomRequest,513,0,1
1676158017229,1304,HTTP Request,200,,Thread-Gruppe  1-10,text,true,,537,129,100,100,http://localhost:7000/randomRequest,1304,0,0
1676158017859,680,HTTP Request,200,,Thread-Gruppe  1-44,text,true,,491,129,100,100,http://localhost:7000/randomRequest,680,0,0
1676158017620,924,HTTP Request,200,,Thread-Gruppe  1-94,text,true,,706,129,100,100,http://localhost:7000/randomRequest,924,0,1
1676158018120,431,HTTP Request,200,,Thread-Gruppe  1-1,text,true,,474,129,100,100,http://localhost:7000/randomRequest,431,0,0
1676158017859,718,HTTP Request,200,,Thread-Gruppe  1-85,text,true,,416,129,100,100,http://localhost:7000/randomRequest,718,0,0
1676158018076,512,HTTP Request,200,,Thread-Gruppe  1-2,text,true,,560,129,100,100,http://localhost:7000/randomRequest,512,0,0
1676158017580,1030,HTTP Request,200,,Thread-Gruppe  1-28,text,true,,487,129,100,100,http://localhost:7000/randomRequest,1030,0,0
1676158017691,919,HTTP Request,200,,Thread-Gruppe  1-12,text,true,,490,129,100,100,http://localhost:7000/randomRequest,919,0,0
1676158018099,518,HTTP Request,200,,Thread-Gruppe  1-89,text,true,,418,129,100,100,http://localhost:7000/randomRequest,518,0,0
1676158018329,309,HTTP Request,200,,Thread-Gruppe  1-99,text,true,,419,129,100,100,http://localhost:7000/randomRequest,309,0,0
1676158017912,726,HTTP Request,200,,Thread-Gruppe  1-27,text,true,,419,129,100,100,http://localhost:7000/randomRequest,726,0,0
1676158018339,326,HTTP Request,200,,Thread-Gruppe  1-78,text,true,,417,129,100,100,http://localhost:7000/randomRequest,326,0,0
1676158018054,611,HTTP Request,200,,Thread-Gruppe  1-4,text,true,,419,129,100,100,http://localhost:7000/randomRequest,611,0,0
1676158017633,1032,HTTP Request,200,,Thread-Gruppe  1-24,text,true,,403,129,100,100,http://localhost:7000/randomRequest,1032,0,1
1676158017738,927,HTTP Request,200,,Thread-Gruppe  1-60,text,true,,492,129,100,100,http://localhost:7000/randomRequest,927,0,1
1676158018083,621,HTTP Request,200,,Thread-Gruppe  1-88,text,true,,492,129,100,100,http://localhost:7000/randomRequest,621,0,0
1676158018083,621,HTTP Request,200,,Thread-Gruppe  1-54,text,true,,492,129,100,100,http://localhost:7000/randomRequest,621,0,0
1676158018101,612,HTTP Request,200,,Thread-Gruppe  1-96,text,true,,492,129,100,100,http://localhost:7000/randomRequest,612,0,0
1676158017800,921,HTTP Request,200,,Thread-Gruppe  1-68,text,true,,492,129,100,100,http://localhost:7000/randomRequest,921,0,0
1676158017502,1240,HTTP Request,200,,Thread-Gruppe  1-35,text,true,,485,129,100,100,http://localhost:7000/randomRequest,1240,0,1
1676158018120,622,HTTP Request,200,,Thread-Gruppe  1-73,text,true,,419,129,100,100,http://localhost:7000/randomRequest,622,0,0
1676158017843,925,HTTP Request,200,,Thread-Gruppe  1-19,text,true,,560,129,100,100,http://localhost:7000/randomRequest,925,0,0
1676158017634,1134,HTTP Request,200,,Thread-Gruppe  1-43,text,true,,488,129,100,100,http://localhost:7000/randomRequest,1134,0,0
1676158017648,1120,HTTP Request,200,,Thread-Gruppe  1-81,text,true,,485,129,100,100,http://localhost:7000/randomRequest,1120,0,0
1676158017556,1226,HTTP Request,200,,Thread-Gruppe  1-16,text,true,,485,129,100,100,http://localhost:7000/randomRequest,1226,0,0
1676158017888,900,HTTP Request,200,,Thread-Gruppe  1-26,text,true,,643,129,100,100,http://localhost:7000/randomRequest,900,0,1
1676158017775,1021,HTTP Request,200,,Thread-Gruppe  1-84,text,true,,492,129,100,100,http://localhost:7000/randomRequest,1021,0,0
1676158017878,918,HTTP Request,200,,Thread-Gruppe  1-47,text,true,,416,129,100,100,http://localhost:7000/randomRequest,918,0,0
1676158017195,1627,HTTP Request,200,,Thread-Gruppe  1-23,text,true,,647,129,100,100,http://localhost:7000/randomRequest,1627,0,0
1676158017979,843,HTTP Request,200,,Thread-Gruppe  1-77,text,true,,417,129,100,100,http://localhost:7000/randomRequest,843,0,0
1676158017915,923,HTTP Request,200,,Thread-Gruppe  1-71,text,true,,402,129,100,100,http://localhost:7000/randomRequest,923,0,0
1676158017221,1622,HTTP Request,200,,Thread-Gruppe  1-3,text,true,,647,129,100,100,http://localhost:7000/randomRequest,1622,0,0
1676158018253,616,HTTP Request,200,,Thread-Gruppe  1-14,text,true,,492,129,100,100,http://localhost:7000/randomRequest,616,0,1
1676158017738,1131,HTTP Request,200,,Thread-Gruppe  1-79,text,true,,552,129,100,100,http://localhost:7000/randomRequest,1131,0,1
1676158017759,1123,HTTP Request,200,,Thread-Gruppe  1-9,text,true,,488,129,100,100,http://localhost:7000/randomRequest,1123,0,0
1676158018265,617,HTTP Request,200,,Thread-Gruppe  1-75,text,true,,565,129,100,100,http://localhost:7000/randomRequest,617,0,0
1676158017876,1025,HTTP Request,200,,Thread-Gruppe  1-65,text,true,,551,129,100,100,http://localhost:7000/randomRequest,1025,0,0
1676158017857,1044,HTTP Request,200,,Thread-Gruppe  1-6,text,true,,417,129,100,100,http://localhost:7000/randomRequest,1044,0,0
1676158017304,1606,HTTP Request,200,,Thread-Gruppe  1-21,text,true,,540,129,100,100,http://localhost:7000/randomRequest,1606,0,0
1676158018401,513,HTTP Request,200,,Thread-Gruppe  1-40,text,true,,419,129,100,100,http://localhost:7000/randomRequest,513,0,0
1676158018196,718,HTTP Request,200,,Thread-Gruppe  1-80,text,true,,545,129,100,100,http://localhost:7000/randomRequest,718,0,0
1676158017580,1341,HTTP Request,200,,Thread-Gruppe  1-30,text,true,,490,129,100,100,http://localhost:7000/randomRequest,1341,0,0
1676158018421,517,HTTP Request,200,,Thread-Gruppe  1-51,text,true,,488,129,100,100,http://localhost:7000/randomRequest,517,0,0
1676158018329,615,HTTP Request,200,,Thread-Gruppe  1-74,text,true,,548,129,100,100,http://localhost:7000/randomRequest,615,0,0
1676158017912,1032,HTTP Request,200,,Thread-Gruppe  1-59,text,true,,492,129,100,100,http://localhost:7000/randomRequest,1032,0,0
1676158018441,514,HTTP Request,200,,Thread-Gruppe  1-82,text,true,,492,129,100,100,http://localhost:7000/randomRequest,514,0,1
1676158018341,618,HTTP Request,200,,Thread-Gruppe  1-58,text,true,,564,129,100,100,http://localhost:7000/randomRequest,618,0,0
1676158018258,711,HTTP Request,200,,Thread-Gruppe  1-7,text,true,,492,129,100,100,http://localhost:7000/randomRequest,711,0,0
1676158017944,1025,HTTP Request,200,,Thread-Gruppe  1-50,text,true,,488,129,100,100,http://localhost:7000/randomRequest,1025,0,0
1676158018468,511,HTTP Request,200,,Thread-Gruppe  1-32,text,true,,403,129,100,100,http://localhost:7000/randomRequest,511,0,0
1676158017956,1025,HTTP Request,200,,Thread-Gruppe  1-91,text,true,,419,129,100,100,http://localhost:7000/randomRequest,1025,0,0
1676158018367,618,HTTP Request,200,,Thread-Gruppe  1-66,text,true,,551,129,100,100,http://localhost:7000/randomRequest,618,0,1
1676158018065,920,HTTP Request,200,,Thread-Gruppe  1-13,text,true,,415,129,100,100,http://localhost:7000/randomRequest,920,0,0
1676158018383,612,HTTP Request,200,,Thread-Gruppe  1-46,text,true,,419,129,100,100,http://localhost:7000/randomRequest,612,0,0
1676158018291,710,HTTP Request,200,,Thread-Gruppe  1-5,text,true,,419,129,100,100,http://localhost:7000/randomRequest,710,0,0
1676158018177,824,HTTP Request,200,,Thread-Gruppe  1-41,text,true,,485,129,100,100,http://localhost:7000/randomRequest,824,0,0
1676158018494,517,HTTP Request,200,,Thread-Gruppe  1-93,text,true,,486,129,100,100,http://localhost:7000/randomRequest,517,0,1
1676158018494,517,HTTP Request,200,,Thread-Gruppe  1-8,text,true,,492,129,100,100,http://localhost:7000/randomRequest,517,0,1
1676158018501,510,HTTP Request,200,,Thread-Gruppe  1-33,text,true,,492,129,100,100,http://localhost:7000/randomRequest,510,0,0
1676158018225,819,HTTP Request,200,,Thread-Gruppe  1-55,text,true,,402,129,100,100,http://localhost:7000/randomRequest,819,0,0
1676158018133,922,HTTP Request,200,,Thread-Gruppe  1-20,text,true,,492,129,100,100,http://localhost:7000/randomRequest,922,0,0
1676157988955,30101,HTTP Request,500,,Thread-Gruppe  1-34,text,false,,258,129,100,100,http://localhost:7000/randomRequest,30101,0,0
1676158017933,1125,HTTP Request,200,,Thread-Gruppe  1-67,text,true,,492,129,100,100,http://localhost:7000/randomRequest,1125,0,0
1676158018120,996,HTTP Request,200,,Thread-Gruppe  1-76,text,true,,495,129,100,100,http://localhost:7000/randomRequest,996,0,0
1676158018508,611,HTTP Request,200,,Thread-Gruppe  1-97,text,true,,492,129,100,100,http://localhost:7000/randomRequest,611,0,0
1676158018713,408,HTTP Request,200,,Thread-Gruppe  1-96,text,true,,419,129,100,100,http://localhost:7000/randomRequest,408,0,0
1676158017933,1225,HTTP Request,200,,Thread-Gruppe  1-70,text,true,,489,129,100,100,http://localhost:7000/randomRequest,1225,0,0
1676158018065,1105,HTTP Request,200,,Thread-Gruppe  1-56,text,true,,643,129,100,100,http://localhost:7000/randomRequest,1105,0,0
1676158018665,506,HTTP Request,200,,Thread-Gruppe  1-4,text,true,,419,129,100,100,http://localhost:7000/randomRequest,506,0,1
1676158018186,991,HTTP Request,200,,Thread-Gruppe  1-90,text,true,,481,129,100,100,http://localhost:7000/randomRequest,991,0,1
1676158017778,1405,HTTP Request,200,,Thread-Gruppe  1-25,text,true,,537,129,100,100,http://localhost:7000/randomRequest,1405,0,0
1676158018782,412,HTTP Request,200,,Thread-Gruppe  1-16,text,true,,419,129,100,100,http://localhost:7000/randomRequest,412,0,0
1676158018588,611,HTTP Request,200,,Thread-Gruppe  1-2,text,true,,492,129,100,100,http://localhost:7000/randomRequest,611,0,1
1676158018704,517,HTTP Request,200,,Thread-Gruppe  1-88,text,true,,490,129,100,100,http://localhost:7000/randomRequest,517,0,1
1676158018721,512,HTTP Request,200,,Thread-Gruppe  1-68,text,true,,419,129,100,100,http://localhost:7000/randomRequest,512,0,1
1676158018498,735,HTTP Request,200,,Thread-Gruppe  1-86,text,true,,472,129,100,100,http://localhost:7000/randomRequest,735,0,0
1676158017633,1615,HTTP Request,200,,Thread-Gruppe  1-53,text,true,,537,129,100,100,http://localhost:7000/randomRequest,1615,0,0
1676158018743,512,HTTP Request,200,,Thread-Gruppe  1-35,text,true,,558,129,100,100,http://localhost:7000/randomRequest,512,0,0
1676158018533,722,HTTP Request,200,,Thread-Gruppe  1-10,text,true,,492,129,100,100,http://localhost:7000/randomRequest,722,0,0
1676158018955,307,HTTP Request,200,,Thread-Gruppe  1-82,text,true,,485,129,100,100,http://localhost:7000/randomRequest,307,0,0
1676158017752,1510,HTTP Request,200,,Thread-Gruppe  1-38,text,true,,537,129,100,100,http://localhost:7000/randomRequest,1510,0,0
1676158018354,916,HTTP Request,200,,Thread-Gruppe  1-61,text,true,,481,129,100,100,http://localhost:7000/randomRequest,916,0,0
1676158018253,1017,HTTP Request,200,,Thread-Gruppe  1-22,text,true,,486,129,100,100,http://localhost:7000/randomRequest,1017,0,1
1676158018461,818,HTTP Request,200,,Thread-Gruppe  1-95,text,true,,415,129,100,100,http://localhost:7000/randomRequest,818,0,0
1676158018768,537,HTTP Request,200,,Thread-Gruppe  1-43,text,true,,417,129,100,100,http://localhost:7000/randomRequest,537,0,0
1676158018911,410,HTTP Request,200,,Thread-Gruppe  1-21,text,true,,419,129,100,100,http://localhost:7000/randomRequest,410,0,0
1676158018494,827,HTTP Request,200,,Thread-Gruppe  1-64,text,true,,492,129,100,100,http://localhost:7000/randomRequest,827,0,1
1676158018611,717,HTTP Request,200,,Thread-Gruppe  1-12,text,true,,418,129,100,100,http://localhost:7000/randomRequest,717,0,0
1676158018047,1304,HTTP Request,200,,Thread-Gruppe  1-42,text,true,,541,129,100,100,http://localhost:7000/randomRequest,1304,0,0
1676158018133,1218,HTTP Request,200,,Thread-Gruppe  1-72,text,true,,541,129,100,100,http://localhost:7000/randomRequest,1218,0,0
1676158018944,419,HTTP Request,200,,Thread-Gruppe  1-74,text,true,,419,129,100,100,http://localhost:7000/randomRequest,419,0,1
1676158018665,710,HTTP Request,200,,Thread-Gruppe  1-24,text,true,,419,129,100,100,http://localhost:7000/randomRequest,710,0,1
1676158018768,615,HTTP Request,200,,Thread-Gruppe  1-81,text,true,,492,129,100,100,http://localhost:7000/randomRequest,615,0,0
1676158018869,514,HTTP Request,200,,Thread-Gruppe  1-79,text,true,,553,129,100,100,http://localhost:7000/randomRequest,514,0,1
1676158017995,1403,HTTP Request,200,,Thread-Gruppe  1-18,text,true,,526,129,100,100,http://localhost:7000/randomRequest,1403,0,1
1676158018611,822,HTTP Request,200,,Thread-Gruppe  1-28,text,true,,552,129,100,100,http://localhost:7000/randomRequest,822,0,0
1676158018120,1331,HTTP Request,200,,Thread-Gruppe  1-29,text,true,,526,129,100,100,http://localhost:7000/randomRequest,1331,0,0
1676158018638,817,HTTP Request,200,,Thread-Gruppe  1-27,text,true,,488,129,100,100,http://localhost:7000/randomRequest,817,0,1
1676158018473,1002,HTTP Request,200,,Thread-Gruppe  1-37,text,true,,537,129,100,100,http://localhost:7000/randomRequest,1002,0,1
1676158018944,534,HTTP Request,200,,Thread-Gruppe  1-59,text,true,,417,129,100,100,http://localhost:7000/randomRequest,534,0,1
1676158018869,619,HTTP Request,200,,Thread-Gruppe  1-14,text,true,,492,129,100,100,http://localhost:7000/randomRequest,619,0,1
1676158018979,515,HTTP Request,200,,Thread-Gruppe  1-32,text,true,,418,129,100,100,http://localhost:7000/randomRequest,515,0,0
1676158018472,1028,HTTP Request,200,,Thread-Gruppe  1-52,text,true,,403,129,100,100,http://localhost:7000/randomRequest,1028,0,0
1676158018473,1028,HTTP Request,200,,Thread-Gruppe  1-62,text,true,,403,129,100,100,http://localhost:7000/randomRequest,1028,0,1
1676158019001,510,HTTP Request,200,,Thread-Gruppe  1-41,text,true,,419,129,100,100,http://localhost:7000/randomRequest,510,0,1
1676158018665,846,HTTP Request,200,,Thread-Gruppe  1-60,text,true,,658,129,100,100,http://localhost:7000/randomRequest,846,0,1
1676158018921,612,HTTP Request,200,,Thread-Gruppe  1-30,text,true,,419,129,100,100,http://localhost:7000/randomRequest,612,0,1
1676158018822,716,HTTP Request,200,,Thread-Gruppe  1-23,text,true,,482,129,100,100,http://localhost:7000/randomRequest,716,0,1
1676158018938,616,HTTP Request,200,,Thread-Gruppe  1-51,text,true,,492,129,100,100,http://localhost:7000/randomRequest,616,0,1
1676158019248,311,HTTP Request,200,,Thread-Gruppe  1-53,text,true,,553,129,100,100,http://localhost:7000/randomRequest,311,0,0
1676158019045,524,HTTP Request,200,,Thread-Gruppe  1-55,text,true,,557,129,100,100,http://localhost:7000/randomRequest,524,0,0
1676158019183,415,HTTP Request,200,,Thread-Gruppe  1-25,text,true,,419,129,100,100,http://localhost:7000/randomRequest,415,0,1
1676158018981,617,HTTP Request,200,,Thread-Gruppe  1-91,text,true,,492,129,100,100,http://localhost:7000/randomRequest,617,0,1
1676158019194,407,HTTP Request,200,,Thread-Gruppe  1-16,text,true,,552,129,100,100,http://localhost:7000/randomRequest,407,0,0
1676158018985,620,HTTP Request,200,,Thread-Gruppe  1-66,text,true,,492,129,100,100,http://localhost:7000/randomRequest,620,0,0
1676158019199,412,HTTP Request,200,,Thread-Gruppe  1-2,text,true,,419,129,100,100,http://localhost:7000/randomRequest,412,0,1
1676158018796,815,HTTP Request,200,,Thread-Gruppe  1-47,text,true,,550,129,100,100,http://localhost:7000/randomRequest,815,0,0
1676158018704,928,HTTP Request,200,,Thread-Gruppe  1-54,text,true,,403,129,100,100,http://localhost:7000/randomRequest,928,0,1
1676158019011,623,HTTP Request,200,,Thread-Gruppe  1-33,text,true,,492,129,100,100,http://localhost:7000/randomRequest,623,0,1
1676158018551,1087,HTTP Request,200,,Thread-Gruppe  1-1,text,true,,540,129,100,100,http://localhost:7000/randomRequest,1087,0,0
1676158019119,519,HTTP Request,200,,Thread-Gruppe  1-97,text,true,,492,129,100,100,http://localhost:7000/randomRequest,519,0,0
1676158019233,413,HTTP Request,200,,Thread-Gruppe  1-68,text,true,,549,129,100,100,http://localhost:7000/randomRequest,413,0,0
1676158018822,824,HTTP Request,200,,Thread-Gruppe  1-77,text,true,,419,129,100,100,http://localhost:7000/randomRequest,824,0,1
1676158018458,1201,HTTP Request,200,,Thread-Gruppe  1-87,text,true,,537,129,100,100,http://localhost:7000/randomRequest,1201,0,0
1676158018544,1115,HTTP Request,200,,Thread-Gruppe  1-94,text,true,,539,129,100,100,http://localhost:7000/randomRequest,1115,0,1
1676158019158,512,HTTP Request,200,,Thread-Gruppe  1-70,text,true,,556,129,100,100,http://localhost:7000/randomRequest,512,0,1
1676158019171,509,HTTP Request,200,,Thread-Gruppe  1-4,text,true,,531,129,100,100,http://localhost:7000/randomRequest,509,0,0
1676158018577,1104,HTTP Request,200,,Thread-Gruppe  1-85,text,true,,537,129,100,100,http://localhost:7000/randomRequest,1104,0,0
1676158018768,923,HTTP Request,200,,Thread-Gruppe  1-19,text,true,,481,129,100,100,http://localhost:7000/randomRequest,923,0,0
1676158018883,825,HTTP Request,200,,Thread-Gruppe  1-75,text,true,,558,129,100,100,http://localhost:7000/randomRequest,825,0,0
1676158018883,825,HTTP Request,200,,Thread-Gruppe  1-9,text,true,,559,129,100,100,http://localhost:7000/randomRequest,825,0,0
1676158018901,814,HTTP Request,200,,Thread-Gruppe  1-65,text,true,,418,129,100,100,http://localhost:7000/randomRequest,814,0,0
1676158018638,1095,HTTP Request,200,,Thread-Gruppe  1-99,text,true,,537,129,100,100,http://localhost:7000/randomRequest,1095,0,1
1676158018743,996,HTTP Request,200,,Thread-Gruppe  1-73,text,true,,647,129,100,100,http://localhost:7000/randomRequest,996,0,0
1676158018617,1134,HTTP Request,200,,Thread-Gruppe  1-89,text,true,,486,129,100,100,http://localhost:7000/randomRequest,1134,0,1
1676158019270,513,HTTP Request,200,,Thread-Gruppe  1-61,text,true,,481,129,100,100,http://localhost:7000/randomRequest,513,0,1
1676158018985,826,HTTP Request,200,,Thread-Gruppe  1-13,text,true,,492,129,100,100,http://localhost:7000/randomRequest,826,0,0
1676158018843,999,HTTP Request,200,,Thread-Gruppe  1-3,text,true,,527,129,100,100,http://localhost:7000/randomRequest,999,0,0
1676158019011,831,HTTP Request,200,,Thread-Gruppe  1-93,text,true,,401,129,100,100,http://localhost:7000/randomRequest,831,0,1
1676158019221,621,HTTP Request,200,,Thread-Gruppe  1-88,text,true,,419,129,100,100,http://localhost:7000/randomRequest,621,0,1
1676158018914,928,HTTP Request,200,,Thread-Gruppe  1-40,text,true,,563,129,100,100,http://localhost:7000/randomRequest,928,0,0
1676158018539,1303,HTTP Request,200,,Thread-Gruppe  1-44,text,true,,539,129,100,100,http://localhost:7000/randomRequest,1303,0,1
1676158018796,1055,HTTP Request,200,,Thread-Gruppe  1-84,text,true,,417,129,100,100,http://localhost:7000/randomRequest,1055,0,0
1676158019363,512,HTTP Request,200,,Thread-Gruppe  1-74,text,true,,416,129,100,100,http://localhost:7000/randomRequest,512,0,0
1676158019262,639,HTTP Request,200,,Thread-Gruppe  1-82,text,true,,417,129,100,100,http://localhost:7000/randomRequest,639,0,1
1676158018788,1113,HTTP Request,200,,Thread-Gruppe  1-26,text,true,,633,129,100,100,http://localhost:7000/randomRequest,1113,0,1
1676158019384,518,HTTP Request,200,,Thread-Gruppe  1-79,text,true,,492,129,100,100,http://localhost:7000/randomRequest,518,0,0
1676158019494,411,HTTP Request,200,,Thread-Gruppe  1-32,text,true,,418,129,100,100,http://localhost:7000/randomRequest,411,0,1
1676158018901,1017,HTTP Request,200,,Thread-Gruppe  1-6,text,true,,555,129,100,100,http://localhost:7000/randomRequest,1017,0,0
1676158019011,930,HTTP Request,200,,Thread-Gruppe  1-8,text,true,,644,129,100,100,http://localhost:7000/randomRequest,930,0,1
1676158018914,1027,HTTP Request,200,,Thread-Gruppe  1-80,text,true,,419,129,100,100,http://localhost:7000/randomRequest,1027,0,0
1676158018665,1297,HTTP Request,200,,Thread-Gruppe  1-78,text,true,,539,129,100,100,http://localhost:7000/randomRequest,1297,0,1
1676158019270,709,HTTP Request,200,,Thread-Gruppe  1-22,text,true,,537,129,100,100,http://localhost:7000/randomRequest,709,0,1
1676158019255,724,HTTP Request,200,,Thread-Gruppe  1-10,text,true,,419,129,100,100,http://localhost:7000/randomRequest,724,0,1
1676158019056,923,HTTP Request,200,,Thread-Gruppe  1-34,text,true,,530,129,100,100,http://localhost:7000/randomRequest,923,0,1
1676158019055,924,HTTP Request,200,,Thread-Gruppe  1-20,text,true,,419,129,100,100,http://localhost:7000/randomRequest,924,0,0
1676158019255,724,HTTP Request,200,,Thread-Gruppe  1-35,text,true,,419,129,100,100,http://localhost:7000/randomRequest,724,0,1
1676158019170,825,HTTP Request,200,,Thread-Gruppe  1-56,text,true,,567,129,100,100,http://localhost:7000/randomRequest,825,0,0
1676158019384,621,HTTP Request,200,,Thread-Gruppe  1-81,text,true,,419,129,100,100,http://localhost:7000/randomRequest,621,0,0
1676158019116,889,HTTP Request,200,,Thread-Gruppe  1-76,text,true,,541,129,100,100,http://localhost:7000/randomRequest,889,0,1
1676158019279,727,HTTP Request,200,,Thread-Gruppe  1-95,text,true,,547,129,100,100,http://localhost:7000/randomRequest,727,0,0
1676158018959,1060,HTTP Request,200,,Thread-Gruppe  1-58,text,true,,415,129,100,100,http://localhost:7000/randomRequest,1060,0,0
1676158019511,508,HTTP Request,200,,Thread-Gruppe  1-60,text,true,,549,129,100,100,http://localhost:7000/randomRequest,508,0,0
1676158019351,714,HTTP Request,200,,Thread-Gruppe  1-72,text,true,,564,129,100,100,http://localhost:7000/randomRequest,714,0,0
1676158019455,610,HTTP Request,200,,Thread-Gruppe  1-27,text,true,,544,129,100,100,http://localhost:7000/randomRequest,610,0,0
1676158019058,1021,HTTP Request,200,,Thread-Gruppe  1-67,text,true,,490,129,100,100,http://localhost:7000/randomRequest,1021,0,0
1676158019488,620,HTTP Request,200,,Thread-Gruppe  1-14,text,true,,419,129,100,100,http://localhost:7000/randomRequest,620,0,1
1676158019598,514,HTTP Request,200,,Thread-Gruppe  1-25,text,true,,486,129,100,100,http://localhost:7000/randomRequest,514,0,0
1676158019539,617,HTTP Request,200,,Thread-Gruppe  1-23,text,true,,556,129,100,100,http://localhost:7000/randomRequest,617,0,0
1676158019451,717,HTTP Request,200,,Thread-Gruppe  1-29,text,true,,485,129,100,100,http://localhost:7000/randomRequest,717,0,0
1676158019351,817,HTTP Request,200,,Thread-Gruppe  1-42,text,true,,492,129,100,100,http://localhost:7000/randomRequest,817,0,0
1676158019680,517,HTTP Request,200,,Thread-Gruppe  1-4,text,true,,490,129,100,100,http://localhost:7000/randomRequest,517,0,0
1676158019375,827,HTTP Request,200,,Thread-Gruppe  1-24,text,true,,481,129,100,100,http://localhost:7000/randomRequest,827,0,1
1676158019478,726,HTTP Request,200,,Thread-Gruppe  1-59,text,true,,539,129,100,100,http://localhost:7000/randomRequest,726,0,0
1676158018970,1239,HTTP Request,200,,Thread-Gruppe  1-7,text,true,,492,129,100,100,http://localhost:7000/randomRequest,1239,0,0
1676158019691,518,HTTP Request,200,,Thread-Gruppe  1-19,text,true,,419,129,100,100,http://localhost:7000/randomRequest,518,0,0
1676158018995,1214,HTTP Request,200,,Thread-Gruppe  1-46,text,true,,541,129,100,100,http://localhost:7000/randomRequest,1214,0,0
1676158019601,611,HTTP Request,200,,Thread-Gruppe  1-16,text,true,,485,129,100,100,http://localhost:7000/randomRequest,611,0,0
1676158019305,915,HTTP Request,200,,Thread-Gruppe  1-43,text,true,,486,129,100,100,http://localhost:7000/randomRequest,915,0,0
1676158019611,609,HTTP Request,200,,Thread-Gruppe  1-47,text,true,,419,129,100,100,http://localhost:7000/randomRequest,609,0,1
1676158019500,720,HTTP Request,200,,Thread-Gruppe  1-52,text,true,,417,129,100,100,http://localhost:7000/randomRequest,720,0,1
1676158018839,1407,HTTP Request,200,,Thread-Gruppe  1-71,text,true,,633,129,100,100,http://localhost:7000/randomRequest,1407,0,0
1676158019634,620,HTTP Request,200,,Thread-Gruppe  1-33,text,true,,568,129,100,100,http://localhost:7000/randomRequest,620,0,0
1676158019632,622,HTTP Request,200,,Thread-Gruppe  1-54,text,true,,482,129,100,100,http://localhost:7000/randomRequest,622,0,1
1676158019733,521,HTTP Request,200,,Thread-Gruppe  1-99,text,true,,416,129,100,100,http://localhost:7000/randomRequest,521,0,0
1676158019646,618,HTTP Request,200,,Thread-Gruppe  1-77,text,true,,545,129,100,100,http://localhost:7000/randomRequest,618,0,1
1676158019433,834,HTTP Request,200,,Thread-Gruppe  1-28,text,true,,567,129,100,100,http://localhost:7000/randomRequest,834,0,0
1676158019783,518,HTTP Request,200,,Thread-Gruppe  1-61,text,true,,563,129,100,100,http://localhost:7000/randomRequest,518,0,1
1676158019605,715,HTTP Request,200,,Thread-Gruppe  1-66,text,true,,492,129,100,100,http://localhost:7000/randomRequest,715,0,0
1676158019501,819,HTTP Request,200,,Thread-Gruppe  1-62,text,true,,492,129,100,100,http://localhost:7000/randomRequest,819,0,0
1676158019233,1087,HTTP Request,200,,Thread-Gruppe  1-86,text,true,,633,129,100,100,http://localhost:7000/randomRequest,1087,0,0
1676158019321,1029,HTTP Request,200,,Thread-Gruppe  1-21,text,true,,490,129,100,100,http://localhost:7000/randomRequest,1029,0,0
1676158019121,1233,HTTP Request,200,,Thread-Gruppe  1-96,text,true,,489,129,100,100,http://localhost:7000/randomRequest,1233,0,1
1676158019533,823,HTTP Request,200,,Thread-Gruppe  1-30,text,true,,492,129,100,100,http://localhost:7000/randomRequest,823,0,1
1676158019659,710,HTTP Request,200,,Thread-Gruppe  1-94,text,true,,419,129,100,100,http://localhost:7000/randomRequest,710,0,1
1676158019262,1123,HTTP Request,200,,Thread-Gruppe  1-38,text,true,,537,129,100,100,http://localhost:7000/randomRequest,1123,0,1
1676158019876,509,HTTP Request,200,,Thread-Gruppe  1-74,text,true,,581,129,100,100,http://localhost:7000/randomRequest,509,0,0
1676158019670,725,HTTP Request,200,,Thread-Gruppe  1-70,text,true,,403,129,100,100,http://localhost:7000/randomRequest,725,0,0
1676158019681,722,HTTP Request,200,,Thread-Gruppe  1-85,text,true,,403,129,100,100,http://localhost:7000/randomRequest,722,0,0
1676158018970,1445,HTTP Request,200,,Thread-Gruppe  1-50,text,true,,403,129,100,100,http://localhost:7000/randomRequest,1445,0,0
1676158019001,1416,HTTP Request,200,,Thread-Gruppe  1-5,text,true,,541,129,100,100,http://localhost:7000/randomRequest,1416,0,1
1676158019598,819,HTTP Request,200,,Thread-Gruppe  1-91,text,true,,403,129,100,100,http://localhost:7000/randomRequest,819,0,0
1676158019708,712,HTTP Request,200,,Thread-Gruppe  1-75,text,true,,488,129,100,100,http://localhost:7000/randomRequest,712,0,0
1676158019919,505,HTTP Request,200,,Thread-Gruppe  1-6,text,true,,490,129,100,100,http://localhost:7000/randomRequest,505,0,0
1676158019638,820,HTTP Request,200,,Thread-Gruppe  1-1,text,true,,492,129,100,100,http://localhost:7000/randomRequest,820,0,1
1676158019569,889,HTTP Request,200,,Thread-Gruppe  1-55,text,true,,487,129,100,100,http://localhost:7000/randomRequest,889,0,1
1676158019842,616,HTTP Request,200,,Thread-Gruppe  1-44,text,true,,403,129,100,100,http://localhost:7000/randomRequest,616,0,0
1676158019842,616,HTTP Request,200,,Thread-Gruppe  1-40,text,true,,419,129,100,100,http://localhost:7000/randomRequest,616,0,0
1676158019659,799,HTTP Request,200,,Thread-Gruppe  1-87,text,true,,495,129,100,100,http://localhost:7000/randomRequest,799,0,1
1676158019979,517,HTTP Request,200,,Thread-Gruppe  1-22,text,true,,563,129,100,100,http://localhost:7000/randomRequest,517,0,1
1676158019708,816,HTTP Request,200,,Thread-Gruppe  1-9,text,true,,489,129,100,100,http://localhost:7000/randomRequest,816,0,0
1676158019321,1203,HTTP Request,200,,Thread-Gruppe  1-64,text,true,,527,129,100,100,http://localhost:7000/randomRequest,1203,0,0
1676158019329,1195,HTTP Request,200,,Thread-Gruppe  1-12,text,true,,647,129,100,100,http://localhost:7000/randomRequest,1195,0,0
1676158019905,640,HTTP Request,200,,Thread-Gruppe  1-32,text,true,,417,129,100,100,http://localhost:7000/randomRequest,640,0,0
1676158019842,717,HTTP Request,200,,Thread-Gruppe  1-3,text,true,,419,129,100,100,http://localhost:7000/randomRequest,717,0,1
1676158019638,921,HTTP Request,200,,Thread-Gruppe  1-97,text,true,,492,129,100,100,http://localhost:7000/randomRequest,921,0,1
1676158019851,719,HTTP Request,200,,Thread-Gruppe  1-84,text,true,,419,129,100,100,http://localhost:7000/randomRequest,719,0,0
1676158019398,1203,HTTP Request,200,,Thread-Gruppe  1-18,text,true,,537,129,100,100,http://localhost:7000/randomRequest,1203,0,0
1676158019979,622,HTTP Request,200,,Thread-Gruppe  1-34,text,true,,419,129,100,100,http://localhost:7000/randomRequest,622,0,1
1676158019979,622,HTTP Request,200,,Thread-Gruppe  1-10,text,true,,554,129,100,100,http://localhost:7000/randomRequest,622,0,1
1676158019995,618,HTTP Request,200,,Thread-Gruppe  1-56,text,true,,490,129,100,100,http://localhost:7000/randomRequest,618,0,1
1676158019901,717,HTTP Request,200,,Thread-Gruppe  1-82,text,true,,492,129,100,100,http://localhost:7000/randomRequest,717,0,0
1676158020005,613,HTTP Request,200,,Thread-Gruppe  1-76,text,true,,562,129,100,100,http://localhost:7000/randomRequest,613,0,1
1676158019739,890,HTTP Request,200,,Thread-Gruppe  1-73,text,true,,645,129,100,100,http://localhost:7000/randomRequest,890,0,0
1676158019811,818,HTTP Request,200,,Thread-Gruppe  1-13,text,true,,488,129,100,100,http://localhost:7000/randomRequest,818,0,1
1676158019554,1097,HTTP Request,200,,Thread-Gruppe  1-51,text,true,,527,129,100,100,http://localhost:7000/randomRequest,1097,0,1
1676158019842,817,HTTP Request,200,,Thread-Gruppe  1-93,text,true,,492,129,100,100,http://localhost:7000/randomRequest,817,0,0
1676158020255,405,HTTP Request,200,,Thread-Gruppe  1-54,text,true,,492,129,100,100,http://localhost:7000/randomRequest,405,0,0
1676158019941,718,HTTP Request,200,,Thread-Gruppe  1-80,text,true,,488,129,100,100,http://localhost:7000/randomRequest,718,0,0
1676158019646,1024,HTTP Request,200,,Thread-Gruppe  1-68,text,true,,481,129,100,100,http://localhost:7000/randomRequest,1024,0,1
1676158019475,1195,HTTP Request,200,,Thread-Gruppe  1-37,text,true,,631,129,100,100,http://localhost:7000/randomRequest,1195,0,1
1676158019177,1493,HTTP Request,200,,Thread-Gruppe  1-90,text,true,,541,129,100,100,http://localhost:7000/randomRequest,1493,0,1
1676158020168,503,HTTP Request,200,,Thread-Gruppe  1-42,text,true,,490,129,100,100,http://localhost:7000/randomRequest,503,0,0
1676158019611,1095,HTTP Request,200,,Thread-Gruppe  1-2,text,true,,537,129,100,100,http://localhost:7000/randomRequest,1095,0,1
1676158020108,613,HTTP Request,200,,Thread-Gruppe  1-14,text,true,,419,129,100,100,http://localhost:7000/randomRequest,613,0,0
1676158019901,820,HTTP Request,200,,Thread-Gruppe  1-26,text,true,,489,129,100,100,http://localhost:7000/randomRequest,820,0,0
1676158019715,1014,HTTP Request,200,,Thread-Gruppe  1-65,text,true,,492,129,100,100,http://localhost:7000/randomRequest,1014,0,1
1676158020019,714,HTTP Request,200,,Thread-Gruppe  1-60,text,true,,492,129,100,100,http://localhost:7000/randomRequest,714,0,0
1676158019941,818,HTTP Request,200,,Thread-Gruppe  1-8,text,true,,488,129,100,100,http://localhost:7000/randomRequest,818,0,0
1676158020269,502,HTTP Request,200,,Thread-Gruppe  1-28,text,true,,485,129,100,100,http://localhost:7000/randomRequest,502,0,0
1676158020370,436,HTTP Request,200,,Thread-Gruppe  1-94,text,true,,474,129,100,100,http://localhost:7000/randomRequest,436,0,1
1676157990801,30007,HTTP Request,500,,Thread-Gruppe  1-49,text,false,,258,129,100,100,http://localhost:7000/randomRequest,30007,0,0
1676158019902,922,HTTP Request,200,,Thread-Gruppe  1-79,text,true,,488,129,100,100,http://localhost:7000/randomRequest,922,0,1
1676158020210,614,HTTP Request,200,,Thread-Gruppe  1-46,text,true,,381,129,100,100,http://localhost:7000/randomRequest,614,0,0
1676158020156,714,HTTP Request,200,,Thread-Gruppe  1-23,text,true,,557,129,100,100,http://localhost:7000/randomRequest,714,0,0
1676158019751,1119,HTTP Request,200,,Thread-Gruppe  1-89,text,true,,492,129,100,100,http://localhost:7000/randomRequest,1119,0,0
1676158020065,806,HTTP Request,200,,Thread-Gruppe  1-72,text,true,,403,129,100,100,http://localhost:7000/randomRequest,806,0,0
1676158020065,806,HTTP Request,200,,Thread-Gruppe  1-27,text,true,,557,129,100,100,http://localhost:7000/randomRequest,806,0,0
1676158020168,703,HTTP Request,200,,Thread-Gruppe  1-29,text,true,,542,129,100,100,http://localhost:7000/randomRequest,703,0,0
1676158019979,930,HTTP Request,200,,Thread-Gruppe  1-35,text,true,,565,129,100,100,http://localhost:7000/randomRequest,930,0,1
1676158020197,715,HTTP Request,200,,Thread-Gruppe  1-4,text,true,,419,129,100,100,http://localhost:7000/randomRequest,715,0,1
1676158020204,722,HTTP Request,200,,Thread-Gruppe  1-59,text,true,,492,129,100,100,http://localhost:7000/randomRequest,722,0,0
1676158020203,723,HTTP Request,200,,Thread-Gruppe  1-24,text,true,,559,129,100,100,http://localhost:7000/randomRequest,723,0,0
1676158020112,817,HTTP Request,200,,Thread-Gruppe  1-25,text,true,,490,129,100,100,http://localhost:7000/randomRequest,817,0,0
1676158020210,719,HTTP Request,200,,Thread-Gruppe  1-19,text,true,,481,129,100,100,http://localhost:7000/randomRequest,719,0,0
1676158019511,1432,HTTP Request,200,,Thread-Gruppe  1-41,text,true,,486,129,100,100,http://localhost:7000/randomRequest,1432,0,0
1676158019842,1101,HTTP Request,200,,Thread-Gruppe  1-88,text,true,,640,129,100,100,http://localhost:7000/randomRequest,1101,0,1
1676158020526,418,HTTP Request,200,,Thread-Gruppe  1-9,text,true,,415,129,100,100,http://localhost:7000/randomRequest,418,0,0
1676158020425,524,HTTP Request,200,,Thread-Gruppe  1-6,text,true,,553,129,100,100,http://localhost:7000/randomRequest,524,0,0
1676158020213,750,HTTP Request,200,,Thread-Gruppe  1-16,text,true,,417,129,100,100,http://localhost:7000/randomRequest,750,0,0
1676158020459,511,HTTP Request,200,,Thread-Gruppe  1-44,text,true,,562,129,100,100,http://localhost:7000/randomRequest,511,0,1
1676158020247,723,HTTP Request,200,,Thread-Gruppe  1-71,text,true,,403,129,100,100,http://localhost:7000/randomRequest,723,0,0
1676158020255,715,HTTP Request,200,,Thread-Gruppe  1-99,text,true,,415,129,100,100,http://localhost:7000/randomRequest,715,0,0
1676158019559,1411,HTTP Request,200,,Thread-Gruppe  1-53,text,true,,488,129,100,100,http://localhost:7000/randomRequest,1411,0,0
1676158019979,991,HTTP Request,200,,Thread-Gruppe  1-20,text,true,,527,129,100,100,http://localhost:7000/randomRequest,991,0,1
1676158020265,706,HTTP Request,200,,Thread-Gruppe  1-77,text,true,,419,129,100,100,http://localhost:7000/randomRequest,706,0,0
1676158019962,1009,HTTP Request,200,,Thread-Gruppe  1-78,text,true,,492,129,100,100,http://localhost:7000/randomRequest,1009,0,0
1676158020396,618,HTTP Request,200,,Thread-Gruppe  1-70,text,true,,558,129,100,100,http://localhost:7000/randomRequest,618,0,1
1676158020221,830,HTTP Request,200,,Thread-Gruppe  1-47,text,true,,536,129,100,100,http://localhost:7000/randomRequest,830,0,0
1676158020459,613,HTTP Request,200,,Thread-Gruppe  1-1,text,true,,419,129,100,100,http://localhost:7000/randomRequest,613,0,1
1676158020459,613,HTTP Request,200,,Thread-Gruppe  1-40,text,true,,419,129,100,100,http://localhost:7000/randomRequest,613,0,1
1676158020602,517,HTTP Request,200,,Thread-Gruppe  1-34,text,true,,419,129,100,100,http://localhost:7000/randomRequest,517,0,1
1676158020404,721,HTTP Request,200,,Thread-Gruppe  1-85,text,true,,416,129,100,100,http://localhost:7000/randomRequest,721,0,1
1676158020321,833,HTTP Request,200,,Thread-Gruppe  1-86,text,true,,419,129,100,100,http://localhost:7000/randomRequest,833,0,0
1676158020255,917,HTTP Request,200,,Thread-Gruppe  1-33,text,true,,490,129,100,100,http://localhost:7000/randomRequest,917,0,0
1676158020560,612,HTTP Request,200,,Thread-Gruppe  1-3,text,true,,418,129,100,100,http://localhost:7000/randomRequest,612,0,0
1676158020660,512,HTTP Request,200,,Thread-Gruppe  1-80,text,true,,567,129,100,100,http://localhost:7000/randomRequest,512,0,1
1676158020660,512,HTTP Request,200,,Thread-Gruppe  1-93,text,true,,419,129,100,100,http://localhost:7000/randomRequest,512,0,1
1676158020571,619,HTTP Request,200,,Thread-Gruppe  1-84,text,true,,419,129,100,100,http://localhost:7000/randomRequest,619,0,0
1676158020386,819,HTTP Request,200,,Thread-Gruppe  1-38,text,true,,403,129,100,100,http://localhost:7000/randomRequest,819,0,0
1676158020302,920,HTTP Request,200,,Thread-Gruppe  1-61,text,true,,485,129,100,100,http://localhost:7000/randomRequest,920,0,0
1676158020221,1001,HTTP Request,200,,Thread-Gruppe  1-52,text,true,,643,129,100,100,http://localhost:7000/randomRequest,1001,0,0
1676158020497,725,HTTP Request,200,,Thread-Gruppe  1-22,text,true,,419,129,100,100,http://localhost:7000/randomRequest,725,0,0
1676158020619,620,HTTP Request,200,,Thread-Gruppe  1-76,text,true,,489,129,100,100,http://localhost:7000/randomRequest,620,0,0
1676158020418,821,HTTP Request,200,,Thread-Gruppe  1-91,text,true,,488,129,100,100,http://localhost:7000/randomRequest,821,0,1
1676158020019,1221,HTTP Request,200,,Thread-Gruppe  1-58,text,true,,541,129,100,100,http://localhost:7000/randomRequest,1221,0,0
1676158020722,519,HTTP Request,200,,Thread-Gruppe  1-26,text,true,,418,129,100,100,http://localhost:7000/randomRequest,519,0,0
1676158020826,418,HTTP Request,200,,Thread-Gruppe  1-79,text,true,,419,129,100,100,http://localhost:7000/randomRequest,418,0,0
1676158020460,795,HTTP Request,200,,Thread-Gruppe  1-87,text,true,,536,129,100,100,http://localhost:7000/randomRequest,795,0,0
1676158020321,934,HTTP Request,200,,Thread-Gruppe  1-62,text,true,,485,129,100,100,http://localhost:7000/randomRequest,934,0,0
1676158020321,934,HTTP Request,200,,Thread-Gruppe  1-66,text,true,,492,129,100,100,http://localhost:7000/randomRequest,934,0,0
1676158020421,834,HTTP Request,200,,Thread-Gruppe  1-75,text,true,,488,129,100,100,http://localhost:7000/randomRequest,834,0,0
1676158020079,1192,HTTP Request,200,,Thread-Gruppe  1-67,text,true,,633,129,100,100,http://localhost:7000/randomRequest,1192,0,0
1676158020652,620,HTTP Request,200,,Thread-Gruppe  1-51,text,true,,492,129,100,100,http://localhost:7000/randomRequest,620,0,0
1676158020351,921,HTTP Request,200,,Thread-Gruppe  1-21,text,true,,633,129,100,100,http://localhost:7000/randomRequest,921,0,1
1676158020459,813,HTTP Request,200,,Thread-Gruppe  1-55,text,true,,647,129,100,100,http://localhost:7000/randomRequest,813,0,1
1676158020871,412,HTTP Request,200,,Thread-Gruppe  1-89,text,true,,419,129,100,100,http://localhost:7000/randomRequest,412,0,1
1676158020418,887,HTTP Request,200,,Thread-Gruppe  1-5,text,true,,537,129,100,100,http://localhost:7000/randomRequest,887,0,1
1676158020386,919,HTTP Request,200,,Thread-Gruppe  1-74,text,true,,540,129,100,100,http://localhost:7000/randomRequest,919,0,0
1676158020602,720,HTTP Request,200,,Thread-Gruppe  1-10,text,true,,492,129,100,100,http://localhost:7000/randomRequest,720,0,1
1676158020619,723,HTTP Request,200,,Thread-Gruppe  1-82,text,true,,492,129,100,100,http://localhost:7000/randomRequest,723,0,0
1676158020630,725,HTTP Request,200,,Thread-Gruppe  1-13,text,true,,488,129,100,100,http://localhost:7000/randomRequest,725,0,0
1676158020944,411,HTTP Request,200,,Thread-Gruppe  1-41,text,true,,418,129,100,100,http://localhost:7000/randomRequest,411,0,0
1676158020660,715,HTTP Request,200,,Thread-Gruppe  1-54,text,true,,488,129,100,100,http://localhost:7000/randomRequest,715,0,1
1676158020671,721,HTTP Request,200,,Thread-Gruppe  1-68,text,true,,550,129,100,100,http://localhost:7000/randomRequest,721,0,0
1676158020006,1418,HTTP Request,200,,Thread-Gruppe  1-95,text,true,,541,129,100,100,http://localhost:7000/randomRequest,1418,0,0
1676158020707,718,HTTP Request,200,,Thread-Gruppe  1-2,text,true,,1039,129,100,100,http://localhost:7000/randomRequest,718,0,0
1676158020913,512,HTTP Request,200,,Thread-Gruppe  1-4,text,true,,5161,129,100,100,http://localhost:7000/randomRequest,512,0,0
1676158020927,520,HTTP Request,200,,Thread-Gruppe  1-59,text,true,,419,129,100,100,http://localhost:7000/randomRequest,520,0,0
1676158020722,725,HTTP Request,200,,Thread-Gruppe  1-14,text,true,,419,129,100,100,http://localhost:7000/randomRequest,725,0,0
1676158020210,1236,HTTP Request,200,,Thread-Gruppe  1-7,text,true,,403,129,100,100,http://localhost:7000/randomRequest,1236,0,0
1676158020826,626,HTTP Request,200,,Thread-Gruppe  1-46,text,true,,556,129,100,100,http://localhost:7000/randomRequest,626,0,0
1676158020930,522,HTTP Request,200,,Thread-Gruppe  1-19,text,true,,539,129,100,100,http://localhost:7000/randomRequest,522,0,1
1676158020930,522,HTTP Request,200,,Thread-Gruppe  1-25,text,true,,417,129,100,100,http://localhost:7000/randomRequest,522,0,1
1676158020526,933,HTTP Request,200,,Thread-Gruppe  1-64,text,true,,489,129,100,100,http://localhost:7000/randomRequest,933,0,0
1676158021051,408,HTTP Request,200,,Thread-Gruppe  1-47,text,true,,419,129,100,100,http://localhost:7000/randomRequest,408,0,0
1676158020944,515,HTTP Request,200,,Thread-Gruppe  1-9,text,true,,417,129,100,100,http://localhost:7000/randomRequest,515,0,0
1676158020730,729,HTTP Request,200,,Thread-Gruppe  1-65,text,true,,560,129,100,100,http://localhost:7000/randomRequest,729,0,0
1676158020357,1118,HTTP Request,200,,Thread-Gruppe  1-30,text,true,,481,129,100,100,http://localhost:7000/randomRequest,1118,0,1
1676158021072,403,HTTP Request,200,,Thread-Gruppe  1-40,text,true,,492,129,100,100,http://localhost:7000/randomRequest,403,0,0
1676158020547,928,HTTP Request,200,,Thread-Gruppe  1-32,text,true,,416,129,100,100,http://localhost:7000/randomRequest,928,0,0
1676158020972,518,HTTP Request,200,,Thread-Gruppe  1-78,text,true,,419,129,100,100,http://localhost:7000/randomRequest,518,0,0
1676158020671,821,HTTP Request,200,,Thread-Gruppe  1-37,text,true,,492,129,100,100,http://localhost:7000/randomRequest,821,0,0
1676158020671,821,HTTP Request,200,,Thread-Gruppe  1-90,text,true,,403,129,100,100,http://localhost:7000/randomRequest,821,0,0
1676158020526,987,HTTP Request,200,,Thread-Gruppe  1-12,text,true,,540,129,100,100,http://localhost:7000/randomRequest,987,0,0
1676158020416,1097,HTTP Request,200,,Thread-Gruppe  1-50,text,true,,495,129,100,100,http://localhost:7000/randomRequest,1097,0,0
1676158020806,719,HTTP Request,200,,Thread-Gruppe  1-94,text,true,,419,129,100,100,http://localhost:7000/randomRequest,719,0,0
1676158021119,406,HTTP Request,200,,Thread-Gruppe  1-34,text,true,,419,129,100,100,http://localhost:7000/randomRequest,406,0,0
1676158021125,407,HTTP Request,200,,Thread-Gruppe  1-85,text,true,,419,129,100,100,http://localhost:7000/randomRequest,407,0,0
1676158020927,612,HTTP Request,200,,Thread-Gruppe  1-24,text,true,,556,129,100,100,http://localhost:7000/randomRequest,612,0,0
1676158021154,405,HTTP Request,200,,Thread-Gruppe  1-86,text,true,,551,129,100,100,http://localhost:7000/randomRequest,405,0,0
1676158020630,929,HTTP Request,200,,Thread-Gruppe  1-73,text,true,,551,129,100,100,http://localhost:7000/randomRequest,929,0,0
1676158020734,825,HTTP Request,200,,Thread-Gruppe  1-60,text,true,,419,129,100,100,http://localhost:7000/randomRequest,825,0,1
1676158021172,408,HTTP Request,200,,Thread-Gruppe  1-3,text,true,,419,129,100,100,http://localhost:7000/randomRequest,408,0,1
1676158020871,719,HTTP Request,200,,Thread-Gruppe  1-23,text,true,,377,129,100,100,http://localhost:7000/randomRequest,719,0,1
1676158020602,1008,HTTP Request,200,,Thread-Gruppe  1-18,text,true,,539,129,100,100,http://localhost:7000/randomRequest,1008,0,1
1676158021172,438,HTTP Request,200,,Thread-Gruppe  1-33,text,true,,652,129,100,100,http://localhost:7000/randomRequest,438,0,1
1676158020006,1646,HTTP Request,200,,Thread-Gruppe  1-81,text,true,,540,129,100,100,http://localhost:7000/randomRequest,1646,0,0
1676158020560,1120,HTTP Request,200,,Thread-Gruppe  1-97,text,true,,492,129,100,100,http://localhost:7000/randomRequest,1120,0,0
1676158020963,717,HTTP Request,200,,Thread-Gruppe  1-16,text,true,,492,129,100,100,http://localhost:7000/randomRequest,717,0,1
1676158020872,820,HTTP Request,200,,Thread-Gruppe  1-72,text,true,,419,129,100,100,http://localhost:7000/randomRequest,820,0,0
1676158020972,720,HTTP Request,200,,Thread-Gruppe  1-53,text,true,,569,129,100,100,http://localhost:7000/randomRequest,720,0,0
1676158021190,503,HTTP Request,200,,Thread-Gruppe  1-84,text,true,,418,129,100,100,http://localhost:7000/randomRequest,503,0,0
1676158020672,1021,HTTP Request,200,,Thread-Gruppe  1-42,text,true,,713,129,100,100,http://localhost:7000/randomRequest,1021,0,0
1676158021323,403,HTTP Request,200,,Thread-Gruppe  1-10,text,true,,419,129,100,100,http://localhost:7000/randomRequest,403,0,0
1676158021014,712,HTTP Request,200,,Thread-Gruppe  1-70,text,true,,564,129,100,100,http://localhost:7000/randomRequest,712,0,0
1676158021244,511,HTTP Request,200,,Thread-Gruppe  1-79,text,true,,488,129,100,100,http://localhost:7000/randomRequest,511,0,0
1676158020949,819,HTTP Request,200,,Thread-Gruppe  1-6,text,true,,419,129,100,100,http://localhost:7000/randomRequest,819,0,0
1676158020355,1413,HTTP Request,200,,Thread-Gruppe  1-96,text,true,,540,129,100,100,http://localhost:7000/randomRequest,1413,0,1
1676158021072,710,HTTP Request,200,,Thread-Gruppe  1-1,text,true,,479,129,100,100,http://localhost:7000/randomRequest,710,0,0
1676158020221,1609,HTTP Request,200,,Thread-Gruppe  1-43,text,true,,537,129,100,100,http://localhost:7000/randomRequest,1609,0,0
1676158020809,1021,HTTP Request,200,,Thread-Gruppe  1-49,text,true,,481,129,100,100,http://localhost:7000/randomRequest,1021,0,0
1676158021241,614,HTTP Request,200,,Thread-Gruppe  1-58,text,true,,486,129,100,100,http://localhost:7000/randomRequest,614,0,0
1676158021241,614,HTTP Request,200,,Thread-Gruppe  1-26,text,true,,492,129,100,100,http://localhost:7000/randomRequest,614,0,0
1676158021240,615,HTTP Request,200,,Thread-Gruppe  1-76,text,true,,563,129,100,100,http://localhost:7000/randomRequest,615,0,0
1676158021255,612,HTTP Request,200,,Thread-Gruppe  1-75,text,true,,488,129,100,100,http://localhost:7000/randomRequest,612,0,0
1676158020761,1130,HTTP Request,200,,Thread-Gruppe  1-8,text,true,,492,129,100,100,http://localhost:7000/randomRequest,1130,0,0
1676158021272,619,HTTP Request,200,,Thread-Gruppe  1-67,text,true,,419,129,100,100,http://localhost:7000/randomRequest,619,0,1
1676158020971,925,HTTP Request,200,,Thread-Gruppe  1-44,text,true,,540,129,100,100,http://localhost:7000/randomRequest,925,0,0
1676158020972,924,HTTP Request,200,,Thread-Gruppe  1-77,text,true,,554,129,100,100,http://localhost:7000/randomRequest,924,0,0
1676158020872,1027,HTTP Request,200,,Thread-Gruppe  1-29,text,true,,485,129,100,100,http://localhost:7000/randomRequest,1027,0,0
1676158021355,544,HTTP Request,200,,Thread-Gruppe  1-41,text,true,,414,129,100,100,http://localhost:7000/randomRequest,544,0,0
1676158021205,715,HTTP Request,200,,Thread-Gruppe  1-38,text,true,,558,129,100,100,http://localhost:7000/randomRequest,715,0,1
1676158020614,1307,HTTP Request,200,,Thread-Gruppe  1-56,text,true,,537,129,100,100,http://localhost:7000/randomRequest,1307,0,0
1676158021513,411,HTTP Request,200,,Thread-Gruppe  1-12,text,true,,554,129,100,100,http://localhost:7000/randomRequest,411,0,0
1676158021222,709,HTTP Request,200,,Thread-Gruppe  1-61,text,true,,492,129,100,100,http://localhost:7000/randomRequest,709,0,1
1676158021222,709,HTTP Request,200,,Thread-Gruppe  1-52,text,true,,419,129,100,100,http://localhost:7000/randomRequest,709,0,1
1676158021342,614,HTTP Request,200,,Thread-Gruppe  1-82,text,true,,558,129,100,100,http://localhost:7000/randomRequest,614,0,1
1676158021452,507,HTTP Request,200,,Thread-Gruppe  1-19,text,true,,419,129,100,100,http://localhost:7000/randomRequest,507,0,0
1676158020944,1025,HTTP Request,200,,Thread-Gruppe  1-88,text,true,,481,129,100,100,http://localhost:7000/randomRequest,1025,0,0
1676158021255,715,HTTP Request,200,,Thread-Gruppe  1-62,text,true,,552,129,100,100,http://localhost:7000/randomRequest,715,0,0
1676158021255,715,HTTP Request,200,,Thread-Gruppe  1-66,text,true,,418,129,100,100,http://localhost:7000/randomRequest,715,0,0
1676158021272,715,HTTP Request,200,,Thread-Gruppe  1-21,text,true,,485,129,100,100,http://localhost:7000/randomRequest,715,0,1
1676158021376,611,HTTP Request,200,,Thread-Gruppe  1-54,text,true,,418,129,100,100,http://localhost:7000/randomRequest,611,0,0
1676158021283,718,HTTP Request,200,,Thread-Gruppe  1-89,text,true,,492,129,100,100,http://localhost:7000/randomRequest,718,0,0
1676158020971,1033,HTTP Request,200,,Thread-Gruppe  1-20,text,true,,403,129,100,100,http://localhost:7000/randomRequest,1033,0,1
1676158020910,1115,HTTP Request,200,,Thread-Gruppe  1-35,text,true,,633,129,100,100,http://localhost:7000/randomRequest,1115,0,0
1676158020971,1054,HTTP Request,200,,Thread-Gruppe  1-71,text,true,,564,129,100,100,http://localhost:7000/randomRequest,1054,0,0
1676158021452,608,HTTP Request,200,,Thread-Gruppe  1-46,text,true,,485,129,100,100,http://localhost:7000/randomRequest,608,0,0
1676158021452,612,HTTP Request,200,,Thread-Gruppe  1-25,text,true,,419,129,100,100,http://localhost:7000/randomRequest,612,0,0
1676158020872,1199,HTTP Request,200,,Thread-Gruppe  1-27,text,true,,637,129,100,100,http://localhost:7000/randomRequest,1199,0,0
1676158021459,612,HTTP Request,200,,Thread-Gruppe  1-65,text,true,,403,129,100,100,http://localhost:7000/randomRequest,612,0,0
1676158021459,612,HTTP Request,200,,Thread-Gruppe  1-9,text,true,,418,129,100,100,http://localhost:7000/randomRequest,612,0,0
1676158021355,716,HTTP Request,200,,Thread-Gruppe  1-13,text,true,,490,129,100,100,http://localhost:7000/randomRequest,716,0,0
1676158021272,815,HTTP Request,200,,Thread-Gruppe  1-55,text,true,,403,129,100,100,http://localhost:7000/randomRequest,815,0,1
1676158021172,917,HTTP Request,200,,Thread-Gruppe  1-80,text,true,,643,129,100,100,http://localhost:7000/randomRequest,917,0,1
1676158021272,817,HTTP Request,200,,Thread-Gruppe  1-51,text,true,,492,129,100,100,http://localhost:7000/randomRequest,817,0,1
1676158021692,413,HTTP Request,200,,Thread-Gruppe  1-72,text,true,,546,129,100,100,http://localhost:7000/randomRequest,413,0,0
1676158021492,634,HTTP Request,200,,Thread-Gruppe  1-90,text,true,,414,129,100,100,http://localhost:7000/randomRequest,634,0,1
1676158021425,707,HTTP Request,200,,Thread-Gruppe  1-95,text,true,,554,129,100,100,http://localhost:7000/randomRequest,707,0,0
1676158021425,707,HTTP Request,200,,Thread-Gruppe  1-4,text,true,,492,129,100,100,http://localhost:7000/randomRequest,707,0,0
1676158021425,707,HTTP Request,200,,Thread-Gruppe  1-2,text,true,,489,129,100,100,http://localhost:7000/randomRequest,707,0,0
1676158021532,616,HTTP Request,200,,Thread-Gruppe  1-85,text,true,,542,129,100,100,http://localhost:7000/randomRequest,616,0,0
1676158021447,718,HTTP Request,200,,Thread-Gruppe  1-7,text,true,,549,129,100,100,http://localhost:7000/randomRequest,718,0,1
1676158021447,718,HTTP Request,200,,Thread-Gruppe  1-59,text,true,,492,129,100,100,http://localhost:7000/randomRequest,718,0,1
1676158021559,613,HTTP Request,200,,Thread-Gruppe  1-73,text,true,,492,129,100,100,http://localhost:7000/randomRequest,613,0,1
1676158021492,717,HTTP Request,200,,Thread-Gruppe  1-37,text,true,,492,129,100,100,http://localhost:7000/randomRequest,717,0,1
1676158021306,916,HTTP Request,200,,Thread-Gruppe  1-74,text,true,,561,129,100,100,http://localhost:7000/randomRequest,916,0,0
1676158021513,716,HTTP Request,200,,Thread-Gruppe  1-50,text,true,,418,129,100,100,http://localhost:7000/randomRequest,716,0,0
1676158021222,1015,HTTP Request,200,,Thread-Gruppe  1-22,text,true,,488,129,100,100,http://localhost:7000/randomRequest,1015,0,1
1676158021255,1018,HTTP Request,200,,Thread-Gruppe  1-87,text,true,,492,129,100,100,http://localhost:7000/randomRequest,1018,0,0
1676158021681,612,HTTP Request,200,,Thread-Gruppe  1-97,text,true,,564,129,100,100,http://localhost:7000/randomRequest,612,0,0
1676158021681,612,HTTP Request,200,,Thread-Gruppe  1-16,text,true,,417,129,100,100,http://localhost:7000/randomRequest,612,0,0
1676158021476,817,HTTP Request,200,,Thread-Gruppe  1-32,text,true,,403,129,100,100,http://localhost:7000/randomRequest,817,0,0
1676158021970,328,HTTP Request,200,,Thread-Gruppe  1-62,text,true,,417,129,100,100,http://localhost:7000/randomRequest,328,0,0
1676158021693,618,HTTP Request,200,,Thread-Gruppe  1-42,text,true,,548,129,100,100,http://localhost:7000/randomRequest,618,0,0
1676158021899,412,HTTP Request,200,,Thread-Gruppe  1-41,text,true,,417,129,100,100,http://localhost:7000/randomRequest,412,0,0
1676158021590,721,HTTP Request,200,,Thread-Gruppe  1-23,text,true,,419,129,100,100,http://localhost:7000/randomRequest,721,0,0
1676158021240,1089,HTTP Request,200,,Thread-Gruppe  1-91,text,true,,647,129,100,100,http://localhost:7000/randomRequest,1089,0,0
1676158021172,1197,HTTP Request,200,,Thread-Gruppe  1-93,text,true,,643,129,100,100,http://localhost:7000/randomRequest,1197,0,1
1676158021447,925,HTTP Request,200,,Thread-Gruppe  1-14,text,true,,492,129,100,100,http://localhost:7000/randomRequest,925,0,1
1676158021782,611,HTTP Request,200,,Thread-Gruppe  1-1,text,true,,559,129,100,100,http://localhost:7000/randomRequest,611,0,1
1676158021525,917,HTTP Request,200,,Thread-Gruppe  1-94,text,true,,490,129,100,100,http://localhost:7000/randomRequest,917,0,0
1676158021539,918,HTTP Request,200,,Thread-Gruppe  1-24,text,true,,488,129,100,100,http://localhost:7000/randomRequest,918,0,1
1676158021867,606,HTTP Request,200,,Thread-Gruppe  1-75,text,true,,492,129,100,100,http://localhost:7000/randomRequest,606,0,0
1676158021559,914,HTTP Request,200,,Thread-Gruppe  1-86,text,true,,485,129,100,100,http://localhost:7000/randomRequest,914,0,1
1676158021392,1103,HTTP Request,200,,Thread-Gruppe  1-68,text,true,,541,129,100,100,http://localhost:7000/randomRequest,1103,0,0
1676158022025,519,HTTP Request,200,,Thread-Gruppe  1-35,text,true,,492,129,100,100,http://localhost:7000/randomRequest,519,0,1
1676158022133,416,HTTP Request,200,,Thread-Gruppe  1-4,text,true,,419,129,100,100,http://localhost:7000/randomRequest,416,0,0
1676158021831,721,HTTP Request,200,,Thread-Gruppe  1-43,text,true,,492,129,100,100,http://localhost:7000/randomRequest,721,0,0
1676158021831,739,HTTP Request,200,,Thread-Gruppe  1-49,text,true,,417,129,100,100,http://localhost:7000/randomRequest,739,0,0
1676158021959,615,HTTP Request,200,,Thread-Gruppe  1-19,text,true,,488,129,100,100,http://localhost:7000/randomRequest,615,0,1
1676158021459,1115,HTTP Request,200,,Thread-Gruppe  1-47,text,true,,403,129,100,100,http://localhost:7000/randomRequest,1115,0,0
1676158021476,1110,HTTP Request,200,,Thread-Gruppe  1-40,text,true,,541,129,100,100,http://localhost:7000/randomRequest,1110,0,0
1676158020971,1628,HTTP Request,200,,Thread-Gruppe  1-99,text,true,,541,129,100,100,http://localhost:7000/randomRequest,1628,0,0
1676157992572,30027,HTTP Request,500,,Thread-Gruppe  1-45,text,false,,258,129,100,100,http://localhost:7000/randomRequest,30027,0,0
1676158022090,515,HTTP Request,200,,Thread-Gruppe  1-80,text,true,,416,129,100,100,http://localhost:7000/randomRequest,515,0,0
1676158021891,715,HTTP Request,200,,Thread-Gruppe  1-67,text,true,,482,129,100,100,http://localhost:7000/randomRequest,715,0,0
1676158021924,682,HTTP Request,200,,Thread-Gruppe  1-12,text,true,,643,129,100,100,http://localhost:7000/randomRequest,682,0,0
1676158021896,727,HTTP Request,200,,Thread-Gruppe  1-77,text,true,,419,129,100,100,http://localhost:7000/randomRequest,727,0,1
1676158021490,1133,HTTP Request,200,,Thread-Gruppe  1-78,text,true,,492,129,100,100,http://localhost:7000/randomRequest,1133,0,0
1676158021896,736,HTTP Request,200,,Thread-Gruppe  1-44,text,true,,572,129,100,100,http://localhost:7000/randomRequest,736,0,1
1676158022222,410,HTTP Request,200,,Thread-Gruppe  1-74,text,true,,492,129,100,100,http://localhost:7000/randomRequest,410,0,1
1676158021610,1024,HTTP Request,200,,Thread-Gruppe  1-33,text,true,,490,129,100,100,http://localhost:7000/randomRequest,1024,0,0
1676158021921,713,HTTP Request,200,,Thread-Gruppe  1-38,text,true,,553,129,100,100,http://localhost:7000/randomRequest,713,0,0
1676158021921,713,HTTP Request,200,,Thread-Gruppe  1-56,text,true,,488,129,100,100,http://localhost:7000/randomRequest,713,0,0
1676158021610,1024,HTTP Request,200,,Thread-Gruppe  1-18,text,true,,403,129,100,100,http://localhost:7000/randomRequest,1024,0,0
1676158022149,509,HTTP Request,200,,Thread-Gruppe  1-85,text,true,,481,129,100,100,http://localhost:7000/randomRequest,509,0,0
1676158021855,822,HTTP Request,200,,Thread-Gruppe  1-76,text,true,,557,129,100,100,http://localhost:7000/randomRequest,822,0,1
1676158021580,1123,HTTP Request,200,,Thread-Gruppe  1-3,text,true,,492,129,100,100,http://localhost:7000/randomRequest,1123,0,1
1676158021306,1397,HTTP Request,200,,Thread-Gruppe  1-5,text,true,,537,129,100,100,http://localhost:7000/randomRequest,1397,0,0
1676158021475,1228,HTTP Request,200,,Thread-Gruppe  1-30,text,true,,540,129,100,100,http://localhost:7000/randomRequest,1228,0,1
1676158022311,413,HTTP Request,200,,Thread-Gruppe  1-42,text,true,,419,129,100,100,http://localhost:7000/randomRequest,413,0,0
1676158020771,1963,HTTP Request,200,,Thread-Gruppe  1-28,text,true,,540,129,100,100,http://localhost:7000/randomRequest,1963,0,1
1676158022229,505,HTTP Request,200,,Thread-Gruppe  1-50,text,true,,554,129,100,100,http://localhost:7000/randomRequest,505,0,0
1676158022004,730,HTTP Request,200,,Thread-Gruppe  1-20,text,true,,691,129,100,100,http://localhost:7000/randomRequest,730,0,0
1676158022025,727,HTTP Request,200,,Thread-Gruppe  1-71,text,true,,492,129,100,100,http://localhost:7000/randomRequest,727,0,1
1676158022369,410,HTTP Request,200,,Thread-Gruppe  1-93,text,true,,536,129,100,100,http://localhost:7000/randomRequest,410,0,1
1676158021970,809,HTTP Request,200,,Thread-Gruppe  1-88,text,true,,542,129,100,100,http://localhost:7000/randomRequest,809,0,0
1676158021755,1026,HTTP Request,200,,Thread-Gruppe  1-79,text,true,,1210,129,100,100,http://localhost:7000/randomRequest,1026,0,0
1676158021891,917,HTTP Request,200,,Thread-Gruppe  1-8,text,true,,541,129,100,100,http://localhost:7000/randomRequest,917,0,0
1676158021559,1249,HTTP Request,200,,Thread-Gruppe  1-60,text,true,,554,129,100,100,http://localhost:7000/randomRequest,1249,0,1
1676158021692,1134,HTTP Request,200,,Thread-Gruppe  1-53,text,true,,490,129,100,100,http://localhost:7000/randomRequest,1134,0,0
1676158022293,533,HTTP Request,200,,Thread-Gruppe  1-16,text,true,,417,129,100,100,http://localhost:7000/randomRequest,533,0,0
1676158022209,617,HTTP Request,200,,Thread-Gruppe  1-37,text,true,,488,129,100,100,http://localhost:7000/randomRequest,617,0,0
1676158022126,726,HTTP Request,200,,Thread-Gruppe  1-90,text,true,,485,129,100,100,http://localhost:7000/randomRequest,726,0,0
1676158021727,1125,HTTP Request,200,,Thread-Gruppe  1-10,text,true,,490,129,100,100,http://localhost:7000/randomRequest,1125,0,0
1676158021956,906,HTTP Request,200,,Thread-Gruppe  1-82,text,true,,541,129,100,100,http://localhost:7000/randomRequest,906,0,0
1676158022071,805,HTTP Request,200,,Thread-Gruppe  1-9,text,true,,541,129,100,100,http://localhost:7000/randomRequest,805,0,0
1676158022173,736,HTTP Request,200,,Thread-Gruppe  1-73,text,true,,551,129,100,100,http://localhost:7000/randomRequest,736,0,0
1676158022087,825,HTTP Request,200,,Thread-Gruppe  1-55,text,true,,488,129,100,100,http://localhost:7000/randomRequest,825,0,0
1676158021987,925,HTTP Request,200,,Thread-Gruppe  1-54,text,true,,486,129,100,100,http://localhost:7000/randomRequest,925,0,0
1676158022457,506,HTTP Request,200,,Thread-Gruppe  1-24,text,true,,413,129,100,100,http://localhost:7000/randomRequest,506,0,0
1676158021855,1108,HTTP Request,200,,Thread-Gruppe  1-58,text,true,,537,129,100,100,http://localhost:7000/randomRequest,1108,0,1
1676158021931,1045,HTTP Request,200,,Thread-Gruppe  1-52,text,true,,667,129,100,100,http://localhost:7000/randomRequest,1045,0,1
1676158022165,817,HTTP Request,200,,Thread-Gruppe  1-7,text,true,,555,129,100,100,http://localhost:7000/randomRequest,817,0,0
1676158021769,1213,HTTP Request,200,,Thread-Gruppe  1-6,text,true,,490,129,100,100,http://localhost:7000/randomRequest,1213,0,0
1676158022060,922,HTTP Request,200,,Thread-Gruppe  1-46,text,true,,554,129,100,100,http://localhost:7000/randomRequest,922,0,0
1676158022071,912,HTTP Request,200,,Thread-Gruppe  1-65,text,true,,551,129,100,100,http://localhost:7000/randomRequest,912,0,0
1676158022293,723,HTTP Request,200,,Thread-Gruppe  1-32,text,true,,488,129,100,100,http://localhost:7000/randomRequest,723,0,0
1676158022090,926,HTTP Request,200,,Thread-Gruppe  1-51,text,true,,485,129,100,100,http://localhost:7000/randomRequest,926,0,0
1676158022105,927,HTTP Request,200,,Thread-Gruppe  1-72,text,true,,555,129,100,100,http://localhost:7000/randomRequest,927,0,0
1676158021525,1515,HTTP Request,200,,Thread-Gruppe  1-34,text,true,,537,129,100,100,http://localhost:7000/randomRequest,1515,0,1
1676158022133,922,HTTP Request,200,,Thread-Gruppe  1-2,text,true,,417,129,100,100,http://localhost:7000/randomRequest,922,0,0
1676158022237,822,HTTP Request,200,,Thread-Gruppe  1-22,text,true,,485,129,100,100,http://localhost:7000/randomRequest,822,0,0
1676158022677,407,HTTP Request,200,,Thread-Gruppe  1-76,text,true,,418,129,100,100,http://localhost:7000/randomRequest,407,0,0
1676158022064,1020,HTTP Request,200,,Thread-Gruppe  1-25,text,true,,553,129,100,100,http://localhost:7000/randomRequest,1020,0,1
1676158022298,811,HTTP Request,200,,Thread-Gruppe  1-62,text,true,,489,129,100,100,http://localhost:7000/randomRequest,811,0,1
1676158022600,521,HTTP Request,200,,Thread-Gruppe  1-45,text,true,,492,129,100,100,http://localhost:7000/randomRequest,521,0,0
1676158021693,1449,HTTP Request,200,,Thread-Gruppe  1-84,text,true,,565,129,100,100,http://localhost:7000/randomRequest,1449,0,0
1676158022329,819,HTTP Request,200,,Thread-Gruppe  1-91,text,true,,419,129,100,100,http://localhost:7000/randomRequest,819,0,1
1676158022634,514,HTTP Request,200,,Thread-Gruppe  1-33,text,true,,492,129,100,100,http://localhost:7000/randomRequest,514,0,0
1676158022311,841,HTTP Request,200,,Thread-Gruppe  1-41,text,true,,417,129,100,100,http://localhost:7000/randomRequest,841,0,0
1676158022001,1151,HTTP Request,200,,Thread-Gruppe  1-89,text,true,,558,129,100,100,http://localhost:7000/randomRequest,1151,0,1
1676158022442,717,HTTP Request,200,,Thread-Gruppe  1-94,text,true,,579,129,100,100,http://localhost:7000/randomRequest,717,0,1
1676158022544,615,HTTP Request,200,,Thread-Gruppe  1-35,text,true,,419,129,100,100,http://localhost:7000/randomRequest,615,0,0
1676158021727,1432,HTTP Request,200,,Thread-Gruppe  1-70,text,true,,490,129,100,100,http://localhost:7000/randomRequest,1432,0,0
1676158021459,1711,HTTP Request,200,,Thread-Gruppe  1-64,text,true,,537,129,100,100,http://localhost:7000/randomRequest,1711,0,0
1676158021855,1315,HTTP Request,200,,Thread-Gruppe  1-26,text,true,,628,129,100,100,http://localhost:7000/randomRequest,1315,0,1
1676158022658,512,HTTP Request,200,,Thread-Gruppe  1-85,text,true,,492,129,100,100,http://localhost:7000/randomRequest,512,0,0
1676158022781,403,HTTP Request,200,,Thread-Gruppe  1-79,text,true,,419,129,100,100,http://localhost:7000/randomRequest,403,0,0
1676158022473,715,HTTP Request,200,,Thread-Gruppe  1-75,text,true,,554,129,100,100,http://localhost:7000/randomRequest,715,0,0
1676158022165,1023,HTTP Request,200,,Thread-Gruppe  1-59,text,true,,402,129,100,100,http://localhost:7000/randomRequest,1023,0,0
1676158022586,623,HTTP Request,200,,Thread-Gruppe  1-40,text,true,,488,129,100,100,http://localhost:7000/randomRequest,623,0,0
1676158022293,917,HTTP Request,200,,Thread-Gruppe  1-97,text,true,,489,129,100,100,http://localhost:7000/randomRequest,917,0,0
1676158021931,1288,HTTP Request,200,,Thread-Gruppe  1-61,text,true,,541,129,100,100,http://localhost:7000/randomRequest,1288,0,1
1676158022703,516,HTTP Request,200,,Thread-Gruppe  1-3,text,true,,488,129,100,100,http://localhost:7000/randomRequest,516,0,0
1676158022606,615,HTTP Request,200,,Thread-Gruppe  1-67,text,true,,561,129,100,100,http://localhost:7000/randomRequest,615,0,0
1676158021769,1457,HTTP Request,200,,Thread-Gruppe  1-96,text,true,,579,129,100,100,http://localhost:7000/randomRequest,1457,0,0
1676158022826,407,HTTP Request,200,,Thread-Gruppe  1-53,text,true,,551,129,100,100,http://localhost:7000/randomRequest,407,0,0
1676158022632,613,HTTP Request,200,,Thread-Gruppe  1-74,text,true,,488,129,100,100,http://localhost:7000/randomRequest,613,0,0
1676158022734,519,HTTP Request,200,,Thread-Gruppe  1-50,text,true,,414,129,100,100,http://localhost:7000/randomRequest,519,0,1
1676158021653,1602,HTTP Request,200,,Thread-Gruppe  1-81,text,true,,540,129,100,100,http://localhost:7000/randomRequest,1602,0,0
1676158022634,621,HTTP Request,200,,Thread-Gruppe  1-56,text,true,,492,129,100,100,http://localhost:7000/randomRequest,621,0,0
1676158022876,408,HTTP Request,200,,Thread-Gruppe  1-9,text,true,,418,129,100,100,http://localhost:7000/randomRequest,408,0,1
1676158022574,714,HTTP Request,200,,Thread-Gruppe  1-19,text,true,,558,129,100,100,http://localhost:7000/randomRequest,714,0,0
1676158022071,1218,HTTP Request,200,,Thread-Gruppe  1-27,text,true,,541,129,100,100,http://localhost:7000/randomRequest,1218,0,0
1676158022273,1036,HTTP Request,200,,Thread-Gruppe  1-87,text,true,,488,129,100,100,http://localhost:7000/randomRequest,1036,0,0
1676158022574,736,HTTP Request,200,,Thread-Gruppe  1-47,text,true,,670,129,100,100,http://localhost:7000/randomRequest,736,0,0
1676158022599,724,HTTP Request,200,,Thread-Gruppe  1-99,text,true,,488,129,100,100,http://localhost:7000/randomRequest,724,0,0
1676158022734,625,HTTP Request,200,,Thread-Gruppe  1-20,text,true,,492,129,100,100,http://localhost:7000/randomRequest,625,0,1
1676158021970,1396,HTTP Request,200,,Thread-Gruppe  1-66,text,true,,491,129,100,100,http://localhost:7000/randomRequest,1396,0,0
1676158022133,1233,HTTP Request,200,,Thread-Gruppe  1-95,text,true,,401,129,100,100,http://localhost:7000/randomRequest,1233,0,0
1676158022549,817,HTTP Request,200,,Thread-Gruppe  1-4,text,true,,419,129,100,100,http://localhost:7000/randomRequest,817,0,0
1676158022752,614,HTTP Request,200,,Thread-Gruppe  1-71,text,true,,555,129,100,100,http://localhost:7000/randomRequest,614,0,0
1676158022852,514,HTTP Request,200,,Thread-Gruppe  1-90,text,true,,419,129,100,100,http://localhost:7000/randomRequest,514,0,1
1676158022071,1307,HTTP Request,200,,Thread-Gruppe  1-13,text,true,,541,129,100,100,http://localhost:7000/randomRequest,1307,0,0
1676158022372,1018,HTTP Request,200,,Thread-Gruppe  1-14,text,true,,540,129,100,100,http://localhost:7000/randomRequest,1018,0,0
1676158022623,789,HTTP Request,200,,Thread-Gruppe  1-77,text,true,,643,129,100,100,http://localhost:7000/randomRequest,789,0,0
1676158021899,1523,HTTP Request,200,,Thread-Gruppe  1-29,text,true,,541,129,100,100,http://localhost:7000/randomRequest,1523,0,0
1676158022910,526,HTTP Request,200,,Thread-Gruppe  1-73,text,true,,554,129,100,100,http://localhost:7000/randomRequest,526,0,0
1676158022606,830,HTTP Request,200,,Thread-Gruppe  1-12,text,true,,528,129,100,100,http://localhost:7000/randomRequest,830,0,0
1676158022632,820,HTTP Request,200,,Thread-Gruppe  1-44,text,true,,563,129,100,100,http://localhost:7000/randomRequest,820,0,0
1676158022634,825,HTTP Request,200,,Thread-Gruppe  1-38,text,true,,488,129,100,100,http://localhost:7000/randomRequest,825,0,0
1676158022570,889,HTTP Request,200,,Thread-Gruppe  1-49,text,true,,643,129,100,100,http://localhost:7000/randomRequest,889,0,0
1676158022862,616,HTTP Request,200,,Thread-Gruppe  1-82,text,true,,403,129,100,100,http://localhost:7000/randomRequest,616,0,1
1676158021987,1496,HTTP Request,200,,Thread-Gruppe  1-21,text,true,,527,129,100,100,http://localhost:7000/randomRequest,1496,0,0
1676158022780,710,HTTP Request,200,,Thread-Gruppe  1-88,text,true,,492,129,100,100,http://localhost:7000/randomRequest,710,0,0
1676158023016,523,HTTP Request,200,,Thread-Gruppe  1-51,text,true,,419,129,100,100,http://localhost:7000/randomRequest,523,0,1
1676158022826,726,HTTP Request,200,,Thread-Gruppe  1-37,text,true,,419,129,100,100,http://localhost:7000/randomRequest,726,0,0
1676158022634,934,HTTP Request,200,,Thread-Gruppe  1-18,text,true,,631,129,100,100,http://localhost:7000/randomRequest,934,0,0
1676158022963,619,HTTP Request,200,,Thread-Gruppe  1-24,text,true,,419,129,100,100,http://localhost:7000/randomRequest,619,0,0
1676158022703,881,HTTP Request,200,,Thread-Gruppe  1-5,text,true,,491,129,100,100,http://localhost:7000/randomRequest,881,0,0
1676158022393,1191,HTTP Request,200,,Thread-Gruppe  1-1,text,true,,630,129,100,100,http://localhost:7000/randomRequest,1191,0,1
1676158022983,611,HTTP Request,200,,Thread-Gruppe  1-7,text,true,,419,129,100,100,http://localhost:7000/randomRequest,611,0,0
1676158022808,818,HTTP Request,200,,Thread-Gruppe  1-8,text,true,,492,129,100,100,http://localhost:7000/randomRequest,818,0,0
1676158022826,816,HTTP Request,200,,Thread-Gruppe  1-16,text,true,,546,129,100,100,http://localhost:7000/randomRequest,816,0,0
1676158023059,614,HTTP Request,200,,Thread-Gruppe  1-22,text,true,,2498,129,100,100,http://localhost:7000/randomRequest,614,0,0
1676158023159,516,HTTP Request,200,,Thread-Gruppe  1-35,text,true,,572,129,100,100,http://localhost:7000/randomRequest,516,0,0
1676158023055,620,HTTP Request,200,,Thread-Gruppe  1-2,text,true,,418,129,100,100,http://localhost:7000/randomRequest,620,0,0
1676158022703,985,HTTP Request,200,,Thread-Gruppe  1-30,text,true,,633,129,100,100,http://localhost:7000/randomRequest,985,0,0
1676158022495,1204,HTTP Request,200,,Thread-Gruppe  1-68,text,true,,491,129,100,100,http://localhost:7000/randomRequest,1204,0,1
1676158022605,1094,HTTP Request,200,,Thread-Gruppe  1-80,text,true,,541,129,100,100,http://localhost:7000/randomRequest,1094,0,0
1676158022976,723,HTTP Request,200,,Thread-Gruppe  1-52,text,true,,419,129,100,100,http://localhost:7000/randomRequest,723,0,1
1676158023084,615,HTTP Request,200,,Thread-Gruppe  1-25,text,true,,485,129,100,100,http://localhost:7000/randomRequest,615,0,0
1676158022808,891,HTTP Request,200,,Thread-Gruppe  1-60,text,true,,630,129,100,100,http://localhost:7000/randomRequest,891,0,0
1676158022623,1107,HTTP Request,200,,Thread-Gruppe  1-78,text,true,,541,129,100,100,http://localhost:7000/randomRequest,1107,0,0
1676158023121,622,HTTP Request,200,,Thread-Gruppe  1-45,text,true,,540,129,100,100,http://localhost:7000/randomRequest,622,0,0
1676158023148,613,HTTP Request,200,,Thread-Gruppe  1-91,text,true,,492,129,100,100,http://localhost:7000/randomRequest,613,0,1
1676158023246,515,HTTP Request,200,,Thread-Gruppe  1-74,text,true,,419,129,100,100,http://localhost:7000/randomRequest,515,0,0
1676158023142,619,HTTP Request,200,,Thread-Gruppe  1-84,text,true,,490,129,100,100,http://localhost:7000/randomRequest,619,0,0
1676158023255,506,HTTP Request,200,,Thread-Gruppe  1-81,text,true,,419,129,100,100,http://localhost:7000/randomRequest,506,0,1
1676158023148,613,HTTP Request,200,,Thread-Gruppe  1-33,text,true,,485,129,100,100,http://localhost:7000/randomRequest,613,0,1
1676158023032,729,HTTP Request,200,,Thread-Gruppe  1-72,text,true,,490,129,100,100,http://localhost:7000/randomRequest,729,0,1
1676158022473,1303,HTTP Request,200,,Thread-Gruppe  1-86,text,true,,643,129,100,100,http://localhost:7000/randomRequest,1303,0,0
1676158022983,793,HTTP Request,200,,Thread-Gruppe  1-46,text,true,,643,129,100,100,http://localhost:7000/randomRequest,793,0,0
1676158022734,1043,HTTP Request,200,,Thread-Gruppe  1-28,text,true,,417,129,100,100,http://localhost:7000/randomRequest,1043,0,1
1676158023366,411,HTTP Request,200,,Thread-Gruppe  1-66,text,true,,556,129,100,100,http://localhost:7000/randomRequest,411,0,1
1676158022780,997,HTTP Request,200,,Thread-Gruppe  1-93,text,true,,541,129,100,100,http://localhost:7000/randomRequest,997,0,0
1676158023159,618,HTTP Request,200,,Thread-Gruppe  1-70,text,true,,418,129,100,100,http://localhost:7000/randomRequest,618,0,0
1676158022963,826,HTTP Request,200,,Thread-Gruppe  1-58,text,true,,550,129,100,100,http://localhost:7000/randomRequest,826,0,0
1676158022983,819,HTTP Request,200,,Thread-Gruppe  1-6,text,true,,552,129,100,100,http://localhost:7000/randomRequest,819,0,0
1676158023084,718,HTTP Request,200,,Thread-Gruppe  1-76,text,true,,548,129,100,100,http://localhost:7000/randomRequest,718,0,0
1676158023189,613,HTTP Request,200,,Thread-Gruppe  1-75,text,true,,403,129,100,100,http://localhost:7000/randomRequest,613,0,0
1676158023016,794,HTTP Request,200,,Thread-Gruppe  1-32,text,true,,647,129,100,100,http://localhost:7000/randomRequest,794,0,1
1676158022311,1505,HTTP Request,200,,Thread-Gruppe  1-23,text,true,,640,129,100,100,http://localhost:7000/randomRequest,1505,0,0
1676158023209,621,HTTP Request,200,,Thread-Gruppe  1-40,text,true,,563,129,100,100,http://localhost:7000/randomRequest,621,0,0
1676158023109,721,HTTP Request,200,,Thread-Gruppe  1-62,text,true,,492,129,100,100,http://localhost:7000/randomRequest,721,0,1
1676158023221,612,HTTP Request,200,,Thread-Gruppe  1-67,text,true,,560,129,100,100,http://localhost:7000/randomRequest,612,0,0
1676158023552,311,HTTP Request,200,,Thread-Gruppe  1-37,text,true,,419,129,100,100,http://localhost:7000/randomRequest,311,0,0
1676158023366,511,HTTP Request,200,,Thread-Gruppe  1-4,text,true,,419,129,100,100,http://localhost:7000/randomRequest,511,0,1
1676158023159,718,HTTP Request,200,,Thread-Gruppe  1-94,text,true,,488,129,100,100,http://localhost:7000/randomRequest,718,0,0
1676158023366,511,HTTP Request,200,,Thread-Gruppe  1-90,text,true,,419,129,100,100,http://localhost:7000/randomRequest,511,0,1
1676158023483,412,HTTP Request,200,,Thread-Gruppe  1-21,text,true,,416,129,100,100,http://localhost:7000/randomRequest,412,0,0
1676158023390,515,HTTP Request,200,,Thread-Gruppe  1-14,text,true,,419,129,100,100,http://localhost:7000/randomRequest,515,0,1
1676158023189,744,HTTP Request,200,,Thread-Gruppe  1-59,text,true,,678,129,100,100,http://localhost:7000/randomRequest,744,0,0
1676158022912,1037,HTTP Request,200,,Thread-Gruppe  1-55,text,true,,492,129,100,100,http://localhost:7000/randomRequest,1037,0,0
1676158023436,523,HTTP Request,200,,Thread-Gruppe  1-12,text,true,,555,129,100,100,http://localhost:7000/randomRequest,523,0,0
1676158023422,537,HTTP Request,200,,Thread-Gruppe  1-29,text,true,,546,129,100,100,http://localhost:7000/randomRequest,537,0,0
1676158023184,782,HTTP Request,200,,Thread-Gruppe  1-79,text,true,,495,129,100,100,http://localhost:7000/randomRequest,782,0,1
1676158023378,618,HTTP Request,200,,Thread-Gruppe  1-13,text,true,,556,129,100,100,http://localhost:7000/randomRequest,618,0,0
1676158023170,826,HTTP Request,200,,Thread-Gruppe  1-26,text,true,,486,129,100,100,http://localhost:7000/randomRequest,826,0,0
1676158023490,515,HTTP Request,200,,Thread-Gruppe  1-88,text,true,,549,129,100,100,http://localhost:7000/randomRequest,515,0,0
1676158023366,639,HTTP Request,200,,Thread-Gruppe  1-71,text,true,,417,129,100,100,http://localhost:7000/randomRequest,639,0,1
1676158022912,1093,HTTP Request,200,,Thread-Gruppe  1-54,text,true,,633,129,100,100,http://localhost:7000/randomRequest,1093,0,0
1676158023289,716,HTTP Request,200,,Thread-Gruppe  1-27,text,true,,562,129,100,100,http://localhost:7000/randomRequest,716,0,1
1676158022983,1023,HTTP Request,200,,Thread-Gruppe  1-65,text,true,,476,129,100,100,http://localhost:7000/randomRequest,1023,0,0
1676158023284,722,HTTP Request,200,,Thread-Gruppe  1-9,text,true,,403,129,100,100,http://localhost:7000/randomRequest,722,0,1
1676158023219,815,HTTP Request,200,,Thread-Gruppe  1-61,text,true,,492,129,100,100,http://localhost:7000/randomRequest,815,0,1
1676158023626,408,HTTP Request,200,,Thread-Gruppe  1-8,text,true,,490,129,100,100,http://localhost:7000/randomRequest,408,0,0
1676158023210,824,HTTP Request,200,,Thread-Gruppe  1-97,text,true,,490,129,100,100,http://localhost:7000/randomRequest,824,0,0
1676158023323,729,HTTP Request,200,,Thread-Gruppe  1-99,text,true,,561,129,100,100,http://localhost:7000/randomRequest,729,0,0
1676158023233,830,HTTP Request,200,,Thread-Gruppe  1-53,text,true,,561,129,100,100,http://localhost:7000/randomRequest,830,0,0
1676158023459,616,HTTP Request,200,,Thread-Gruppe  1-38,text,true,,555,129,100,100,http://localhost:7000/randomRequest,616,0,0
1676158023288,839,HTTP Request,200,,Thread-Gruppe  1-19,text,true,,417,129,100,100,http://localhost:7000/randomRequest,839,0,1
1676158022724,1403,HTTP Request,200,,Thread-Gruppe  1-42,text,true,,539,129,100,100,http://localhost:7000/randomRequest,1403,0,0
1676158023219,935,HTTP Request,200,,Thread-Gruppe  1-3,text,true,,519,129,100,100,http://localhost:7000/randomRequest,935,0,1
1676158023540,621,HTTP Request,200,,Thread-Gruppe  1-51,text,true,,546,129,100,100,http://localhost:7000/randomRequest,621,0,0
1676158023436,732,HTTP Request,200,,Thread-Gruppe  1-73,text,true,,490,129,100,100,http://localhost:7000/randomRequest,732,0,0
1676158023255,918,HTTP Request,200,,Thread-Gruppe  1-56,text,true,,419,129,100,100,http://localhost:7000/randomRequest,918,0,1
1676158022852,1338,HTTP Request,200,,Thread-Gruppe  1-10,text,true,,541,129,100,100,http://localhost:7000/randomRequest,1338,0,1
1676158023366,824,HTTP Request,200,,Thread-Gruppe  1-95,text,true,,552,129,100,100,http://localhost:7000/randomRequest,824,0,1
1676158023777,413,HTTP Request,200,,Thread-Gruppe  1-66,text,true,,419,129,100,100,http://localhost:7000/randomRequest,413,0,0
1676158023170,1033,HTTP Request,200,,Thread-Gruppe  1-85,text,true,,402,129,100,100,http://localhost:7000/randomRequest,1033,0,0
1676158023584,622,HTTP Request,200,,Thread-Gruppe  1-1,text,true,,419,129,100,100,http://localhost:7000/randomRequest,622,0,1
1676158023170,1036,HTTP Request,200,,Thread-Gruppe  1-64,text,true,,488,129,100,100,http://localhost:7000/randomRequest,1036,0,0
1676158023594,619,HTTP Request,200,,Thread-Gruppe  1-7,text,true,,419,129,100,100,http://localhost:7000/randomRequest,619,0,1
1676158023412,826,HTTP Request,200,,Thread-Gruppe  1-77,text,true,,485,129,100,100,http://localhost:7000/randomRequest,826,0,0
1676158023040,1199,HTTP Request,200,,Thread-Gruppe  1-34,text,true,,633,129,100,100,http://localhost:7000/randomRequest,1199,0,0
1676158023730,509,HTTP Request,200,,Thread-Gruppe  1-78,text,true,,554,129,100,100,http://localhost:7000/randomRequest,509,0,1
1676158022552,1705,HTTP Request,200,,Thread-Gruppe  1-43,text,true,,526,129,100,100,http://localhost:7000/randomRequest,1705,0,0
1676158023642,615,HTTP Request,200,,Thread-Gruppe  1-16,text,true,,418,129,100,100,http://localhost:7000/randomRequest,615,0,0
1676158023359,918,HTTP Request,200,,Thread-Gruppe  1-20,text,true,,492,129,100,100,http://localhost:7000/randomRequest,917,0,1
1676158023762,515,HTTP Request,200,,Thread-Gruppe  1-91,text,true,,419,129,100,100,http://localhost:7000/randomRequest,515,0,0
1676158023776,516,HTTP Request,200,,Thread-Gruppe  1-86,text,true,,419,129,100,100,http://localhost:7000/randomRequest,516,0,0
1676158023569,723,HTTP Request,200,,Thread-Gruppe  1-18,text,true,,403,129,100,100,http://localhost:7000/randomRequest,723,0,0
1676158023478,824,HTTP Request,200,,Thread-Gruppe  1-82,text,true,,488,129,100,100,http://localhost:7000/randomRequest,824,0,1
1676158023699,618,HTTP Request,200,,Thread-Gruppe  1-52,text,true,,492,129,100,100,http://localhost:7000/randomRequest,618,0,0
1676158023699,618,HTTP Request,200,,Thread-Gruppe  1-60,text,true,,559,129,100,100,http://localhost:7000/randomRequest,618,0,0
1676158023830,514,HTTP Request,200,,Thread-Gruppe  1-62,text,true,,419,129,100,100,http://localhost:7000/randomRequest,514,0,0
1676158023310,1034,HTTP Request,200,,Thread-Gruppe  1-47,text,true,,492,129,100,100,http://localhost:7000/randomRequest,1034,0,0
1676158023152,1210,HTTP Request,200,,Thread-Gruppe  1-89,text,true,,541,129,100,100,http://localhost:7000/randomRequest,1210,0,0
1676158023152,1225,HTTP Request,200,,Thread-Gruppe  1-41,text,true,,536,129,100,100,http://localhost:7000/randomRequest,1225,0,0
1676158023878,514,HTTP Request,200,,Thread-Gruppe  1-90,text,true,,418,129,100,100,http://localhost:7000/randomRequest,514,0,0
1676158023878,514,HTTP Request,200,,Thread-Gruppe  1-94,text,true,,490,129,100,100,http://localhost:7000/randomRequest,514,0,0
1676158023689,725,HTTP Request,200,,Thread-Gruppe  1-30,text,true,,492,129,100,100,http://localhost:7000/randomRequest,725,0,0
1676158023309,1106,HTTP Request,200,,Thread-Gruppe  1-87,text,true,,633,129,100,100,http://localhost:7000/randomRequest,1106,0,0
1676158023226,1208,HTTP Request,200,,Thread-Gruppe  1-96,text,true,,491,129,100,100,http://localhost:7000/randomRequest,1208,0,0
1676158023762,715,HTTP Request,200,,Thread-Gruppe  1-84,text,true,,550,129,100,100,http://localhost:7000/randomRequest,715,0,0
1676158023776,718,HTTP Request,200,,Thread-Gruppe  1-46,text,true,,488,129,100,100,http://localhost:7000/randomRequest,718,0,0
1676158023777,717,HTTP Request,200,,Thread-Gruppe  1-93,text,true,,553,129,100,100,http://localhost:7000/randomRequest,717,0,0
1676158024006,515,HTTP Request,200,,Thread-Gruppe  1-65,text,true,,419,129,100,100,http://localhost:7000/randomRequest,515,0,0
1676158023699,822,HTTP Request,200,,Thread-Gruppe  1-25,text,true,,418,129,100,100,http://localhost:7000/randomRequest,822,0,0
1676158023810,723,HTTP Request,200,,Thread-Gruppe  1-32,text,true,,492,129,100,100,http://localhost:7000/randomRequest,723,0,0
1676158023833,719,HTTP Request,200,,Thread-Gruppe  1-67,text,true,,548,129,100,100,http://localhost:7000/randomRequest,719,0,0
1676158023762,818,HTTP Request,200,,Thread-Gruppe  1-72,text,true,,556,129,100,100,http://localhost:7000/randomRequest,818,0,0
1676158023582,998,HTTP Request,200,,Thread-Gruppe  1-24,text,true,,643,129,100,100,http://localhost:7000/randomRequest,998,0,0
1676158023777,822,HTTP Request,200,,Thread-Gruppe  1-70,text,true,,558,129,100,100,http://localhost:7000/randomRequest,822,0,0
1676158023584,1015,HTTP Request,200,,Thread-Gruppe  1-5,text,true,,491,129,100,100,http://localhost:7000/randomRequest,1015,0,1
1676158023803,823,HTTP Request,200,,Thread-Gruppe  1-6,text,true,,482,129,100,100,http://localhost:7000/randomRequest,823,0,0
1676158023699,927,HTTP Request,200,,Thread-Gruppe  1-68,text,true,,492,129,100,100,http://localhost:7000/randomRequest,927,0,0
1676158023949,724,HTTP Request,200,,Thread-Gruppe  1-55,text,true,,492,129,100,100,http://localhost:7000/randomRequest,724,0,0
1676158023674,999,HTTP Request,200,,Thread-Gruppe  1-22,text,true,,647,129,100,100,http://localhost:7000/randomRequest,999,0,0
1676158023959,717,HTTP Request,200,,Thread-Gruppe  1-29,text,true,,485,129,100,100,http://localhost:7000/randomRequest,717,0,0
1676158023762,920,HTTP Request,200,,Thread-Gruppe  1-74,text,true,,488,129,100,100,http://localhost:7000/randomRequest,920,0,0
1676158023966,716,HTTP Request,200,,Thread-Gruppe  1-79,text,true,,419,129,100,100,http://localhost:7000/randomRequest,716,0,0
1676158024168,514,HTTP Request,200,,Thread-Gruppe  1-73,text,true,,565,129,100,100,http://localhost:7000/randomRequest,514,0,1
1676158023959,744,HTTP Request,200,,Thread-Gruppe  1-12,text,true,,677,129,100,100,http://localhost:7000/randomRequest,744,0,0
1676158024393,310,HTTP Request,200,,Thread-Gruppe  1-94,text,true,,418,129,100,100,http://localhost:7000/randomRequest,310,0,0
1676158023803,923,HTTP Request,200,,Thread-Gruppe  1-75,text,true,,540,129,100,100,http://localhost:7000/randomRequest,923,0,0
1676158023895,831,HTTP Request,200,,Thread-Gruppe  1-21,text,true,,492,129,100,100,http://localhost:7000/randomRequest,831,0,0
1676158023906,820,HTTP Request,200,,Thread-Gruppe  1-14,text,true,,549,129,100,100,http://localhost:7000/randomRequest,820,0,0
1676158024034,725,HTTP Request,200,,Thread-Gruppe  1-61,text,true,,564,129,100,100,http://localhost:7000/randomRequest,725,0,0
1676158024344,415,HTTP Request,200,,Thread-Gruppe  1-47,text,true,,557,129,100,100,http://localhost:7000/randomRequest,415,0,0
1676158023830,929,HTTP Request,200,,Thread-Gruppe  1-40,text,true,,492,129,100,100,http://localhost:7000/randomRequest,929,0,0
1676158023675,1107,HTTP Request,200,,Thread-Gruppe  1-35,text,true,,536,129,100,100,http://localhost:7000/randomRequest,1107,0,1
1676158023762,1027,HTTP Request,200,,Thread-Gruppe  1-33,text,true,,489,129,100,100,http://localhost:7000/randomRequest,1027,0,0
1676158024393,414,HTTP Request,200,,Thread-Gruppe  1-90,text,true,,481,129,100,100,http://localhost:7000/randomRequest,414,0,0
1676158024190,622,HTTP Request,200,,Thread-Gruppe  1-10,text,true,,418,129,100,100,http://localhost:7000/randomRequest,622,0,1
1676158024302,523,HTTP Request,200,,Thread-Gruppe  1-82,text,true,,492,129,100,100,http://localhost:7000/randomRequest,523,0,0
1676158023789,1036,HTTP Request,200,,Thread-Gruppe  1-58,text,true,,492,129,100,100,http://localhost:7000/randomRequest,1036,0,1
1676158023996,834,HTTP Request,200,,Thread-Gruppe  1-13,text,true,,488,129,100,100,http://localhost:7000/randomRequest,834,0,1
1676158024005,825,HTTP Request,200,,Thread-Gruppe  1-27,text,true,,552,129,100,100,http://localhost:7000/randomRequest,825,0,1
1676158024005,826,HTTP Request,200,,Thread-Gruppe  1-54,text,true,,401,129,100,100,http://localhost:7000/randomRequest,826,0,1
1676158023816,1033,HTTP Request,200,,Thread-Gruppe  1-23,text,true,,403,129,100,100,http://localhost:7000/randomRequest,1033,0,0
1676158024434,415,HTTP Request,200,,Thread-Gruppe  1-96,text,true,,492,129,100,100,http://localhost:7000/randomRequest,415,0,1
1676158023452,1408,HTTP Request,200,,Thread-Gruppe  1-44,text,true,,643,129,100,100,http://localhost:7000/randomRequest,1408,0,0
1676158023253,1633,HTTP Request,200,,Thread-Gruppe  1-50,text,true,,541,129,100,100,http://localhost:7000/randomRequest,1633,0,0
1676158023762,1128,HTTP Request,200,,Thread-Gruppe  1-81,text,true,,481,129,100,100,http://localhost:7000/randomRequest,1128,0,0
1676158023777,1132,HTTP Request,200,,Thread-Gruppe  1-28,text,true,,492,129,100,100,http://localhost:7000/randomRequest,1132,0,0
1676158023675,1275,HTTP Request,200,,Thread-Gruppe  1-2,text,true,,724,129,100,100,http://localhost:7000/randomRequest,1275,0,1
1676158024006,944,HTTP Request,200,,Thread-Gruppe  1-9,text,true,,565,129,100,100,http://localhost:7000/randomRequest,944,0,0
1676158024127,826,HTTP Request,200,,Thread-Gruppe  1-19,text,true,,401,129,100,100,http://localhost:7000/randomRequest,826,0,1
1676158024318,635,HTTP Request,200,,Thread-Gruppe  1-60,text,true,,550,129,100,100,http://localhost:7000/randomRequest,635,0,0
1676158023744,1209,HTTP Request,200,,Thread-Gruppe  1-45,text,true,,481,129,100,100,http://localhost:7000/randomRequest,1209,0,0
1676158024034,931,HTTP Request,200,,Thread-Gruppe  1-8,text,true,,488,129,100,100,http://localhost:7000/randomRequest,931,0,0
1676158024552,413,HTTP Request,200,,Thread-Gruppe  1-67,text,true,,416,129,100,100,http://localhost:7000/randomRequest,413,0,0
1676158024154,824,HTTP Request,200,,Thread-Gruppe  1-3,text,true,,416,129,100,100,http://localhost:7000/randomRequest,824,0,0
1676158023878,1100,HTTP Request,200,,Thread-Gruppe  1-4,text,true,,527,129,100,100,http://localhost:7000/randomRequest,1100,0,0
1676158024063,927,HTTP Request,200,,Thread-Gruppe  1-53,text,true,,485,129,100,100,http://localhost:7000/randomRequest,927,0,1
1676158024213,821,HTTP Request,200,,Thread-Gruppe  1-7,text,true,,490,129,100,100,http://localhost:7000/randomRequest,821,0,0
1676158024005,1029,HTTP Request,200,,Thread-Gruppe  1-88,text,true,,547,129,100,100,http://localhost:7000/randomRequest,1029,0,1
1676158023699,1335,HTTP Request,200,,Thread-Gruppe  1-80,text,true,,541,129,100,100,http://localhost:7000/randomRequest,1335,0,0
1676158023996,1038,HTTP Request,200,,Thread-Gruppe  1-26,text,true,,492,129,100,100,http://localhost:7000/randomRequest,1038,0,1
1676158024257,792,HTTP Request,200,,Thread-Gruppe  1-43,text,true,,633,129,100,100,http://localhost:7000/randomRequest,792,0,1
1676158024415,641,HTTP Request,200,,Thread-Gruppe  1-87,text,true,,555,129,100,100,http://localhost:7000/randomRequest,641,0,1
1676158024682,408,HTTP Request,200,,Thread-Gruppe  1-73,text,true,,417,129,100,100,http://localhost:7000/randomRequest,408,0,1
1676158024477,615,HTTP Request,200,,Thread-Gruppe  1-84,text,true,,572,129,100,100,http://localhost:7000/randomRequest,615,0,0
1676158024580,512,HTTP Request,200,,Thread-Gruppe  1-72,text,true,,478,129,100,100,http://localhost:7000/randomRequest,512,0,0
1676158024377,715,HTTP Request,200,,Thread-Gruppe  1-41,text,true,,486,129,100,100,http://localhost:7000/randomRequest,715,0,0
1676158024494,616,HTTP Request,200,,Thread-Gruppe  1-46,text,true,,403,129,100,100,http://localhost:7000/randomRequest,616,0,1
1676158024599,519,HTTP Request,200,,Thread-Gruppe  1-5,text,true,,492,129,100,100,http://localhost:7000/randomRequest,519,0,0
1676158024704,414,HTTP Request,200,,Thread-Gruppe  1-12,text,true,,552,129,100,100,http://localhost:7000/randomRequest,414,0,0
1676158024190,933,HTTP Request,200,,Thread-Gruppe  1-95,text,true,,492,129,100,100,http://localhost:7000/randomRequest,933,0,1
1676158024533,619,HTTP Request,200,,Thread-Gruppe  1-32,text,true,,419,129,100,100,http://localhost:7000/randomRequest,619,0,0
1676158024860,313,HTTP Request,200,,Thread-Gruppe  1-44,text,true,,492,129,100,100,http://localhost:7000/randomRequest,313,0,1
1676158024239,934,HTTP Request,200,,Thread-Gruppe  1-34,text,true,,418,129,100,100,http://localhost:7000/randomRequest,934,0,1
1676158024759,414,HTTP Request,200,,Thread-Gruppe  1-47,text,true,,417,129,100,100,http://localhost:7000/randomRequest,414,0,0
1676158023863,1319,HTTP Request,200,,Thread-Gruppe  1-37,text,true,,537,129,100,100,http://localhost:7000/randomRequest,1319,0,0
1676158024682,508,HTTP Request,200,,Thread-Gruppe  1-79,text,true,,555,129,100,100,http://localhost:7000/randomRequest,508,0,1
1676158024277,916,HTTP Request,200,,Thread-Gruppe  1-20,text,true,,492,129,100,100,http://localhost:7000/randomRequest,916,0,0
1676158024789,418,HTTP Request,200,,Thread-Gruppe  1-33,text,true,,485,129,100,100,http://localhost:7000/randomRequest,418,0,1
1676158024807,403,HTTP Request,200,,Thread-Gruppe  1-90,text,true,,418,129,100,100,http://localhost:7000/randomRequest,403,0,0
1676158024704,518,HTTP Request,200,,Thread-Gruppe  1-94,text,true,,419,129,100,100,http://localhost:7000/randomRequest,518,0,0
1676158024826,413,HTTP Request,200,,Thread-Gruppe  1-82,text,true,,419,129,100,100,http://localhost:7000/randomRequest,413,0,0
1676158024831,410,HTTP Request,200,,Thread-Gruppe  1-54,text,true,,551,129,100,100,http://localhost:7000/randomRequest,410,0,0
1676157995210,30033,HTTP Request,500,,Thread-Gruppe  1-36,text,false,,258,129,100,100,http://localhost:7000/randomRequest,30033,0,0
1676158024726,522,HTTP Request,200,,Thread-Gruppe  1-21,text,true,,488,129,100,100,http://localhost:7000/randomRequest,522,0,0
1676158024726,522,HTTP Request,200,,Thread-Gruppe  1-14,text,true,,418,129,100,100,http://localhost:7000/randomRequest,522,0,0
1676158024626,622,HTTP Request,200,,Thread-Gruppe  1-68,text,true,,481,129,100,100,http://localhost:7000/randomRequest,622,0,0
1676158024161,1100,HTTP Request,200,,Thread-Gruppe  1-51,text,true,,532,129,100,100,http://localhost:7000/randomRequest,1100,0,1
1676158024127,1134,HTTP Request,200,,Thread-Gruppe  1-42,text,true,,552,129,100,100,http://localhost:7000/randomRequest,1134,0,1
1676158024344,929,HTTP Request,200,,Thread-Gruppe  1-62,text,true,,492,129,100,100,http://localhost:7000/randomRequest,929,0,0
1676158024673,611,HTTP Request,200,,Thread-Gruppe  1-55,text,true,,419,129,100,100,http://localhost:7000/randomRequest,611,0,0
1676158023933,1351,HTTP Request,200,,Thread-Gruppe  1-59,text,true,,490,129,100,100,http://localhost:7000/randomRequest,1351,0,1
1676158024362,922,HTTP Request,200,,Thread-Gruppe  1-89,text,true,,549,129,100,100,http://localhost:7000/randomRequest,922,0,0
1676158024674,610,HTTP Request,200,,Thread-Gruppe  1-22,text,true,,419,129,100,100,http://localhost:7000/randomRequest,610,0,0
1676158024414,879,HTTP Request,200,,Thread-Gruppe  1-30,text,true,,647,129,100,100,http://localhost:7000/randomRequest,879,0,0
1676158024277,1017,HTTP Request,200,,Thread-Gruppe  1-91,text,true,,419,129,100,100,http://localhost:7000/randomRequest,1017,0,0
1676158024580,715,HTTP Request,200,,Thread-Gruppe  1-24,text,true,,564,129,100,100,http://localhost:7000/randomRequest,715,0,0
1676158024206,1138,HTTP Request,200,,Thread-Gruppe  1-64,text,true,,418,129,100,100,http://localhost:7000/randomRequest,1138,0,0
1676158024521,823,HTTP Request,200,,Thread-Gruppe  1-65,text,true,,490,129,100,100,http://localhost:7000/randomRequest,823,0,0
1676158024626,726,HTTP Request,200,,Thread-Gruppe  1-6,text,true,,565,129,100,100,http://localhost:7000/randomRequest,726,0,0
1676158024850,515,HTTP Request,200,,Thread-Gruppe  1-96,text,true,,560,129,100,100,http://localhost:7000/randomRequest,515,0,0
1676158024850,515,HTTP Request,200,,Thread-Gruppe  1-23,text,true,,492,129,100,100,http://localhost:7000/randomRequest,515,0,0
1676158024759,621,HTTP Request,200,,Thread-Gruppe  1-40,text,true,,492,129,100,100,http://localhost:7000/randomRequest,621,0,0
1676158024682,710,HTTP Request,200,,Thread-Gruppe  1-74,text,true,,401,129,100,100,http://localhost:7000/randomRequest,710,0,1
1676158024494,921,HTTP Request,200,,Thread-Gruppe  1-93,text,true,,403,129,100,100,http://localhost:7000/randomRequest,921,0,1
1676158024292,1124,HTTP Request,200,,Thread-Gruppe  1-18,text,true,,548,129,100,100,http://localhost:7000/randomRequest,1124,0,1
1676158023803,1621,HTTP Request,200,,Thread-Gruppe  1-76,text,true,,540,129,100,100,http://localhost:7000/randomRequest,1621,0,0
1676158024204,1231,HTTP Request,200,,Thread-Gruppe  1-85,text,true,,490,129,100,100,http://localhost:7000/randomRequest,1231,0,0
1676158024831,619,HTTP Request,200,,Thread-Gruppe  1-27,text,true,,419,129,100,100,http://localhost:7000/randomRequest,619,0,0
1676158024726,726,HTTP Request,200,,Thread-Gruppe  1-75,text,true,,545,129,100,100,http://localhost:7000/randomRequest,726,0,0
1676158025090,410,HTTP Request,200,,Thread-Gruppe  1-73,text,true,,419,129,100,100,http://localhost:7000/randomRequest,410,0,0
1676158024206,1294,HTTP Request,200,,Thread-Gruppe  1-1,text,true,,647,129,100,100,http://localhost:7000/randomRequest,1294,0,0
1676158024005,1514,HTTP Request,200,,Thread-Gruppe  1-71,text,true,,527,129,100,100,http://localhost:7000/randomRequest,1513,0,1
1676158024910,609,HTTP Request,200,,Thread-Gruppe  1-28,text,true,,2823,129,100,100,http://localhost:7000/randomRequest,609,0,0
1676158024890,632,HTTP Request,200,,Thread-Gruppe  1-81,text,true,,495,129,100,100,http://localhost:7000/randomRequest,632,0,1
1676158024990,536,HTTP Request,200,,Thread-Gruppe  1-53,text,true,,672,129,100,100,http://localhost:7000/randomRequest,536,0,0
1676158024953,592,HTTP Request,200,,Thread-Gruppe  1-19,text,true,,481,129,100,100,http://localhost:7000/randomRequest,592,0,0
1676158024831,718,HTTP Request,200,,Thread-Gruppe  1-13,text,true,,492,129,100,100,http://localhost:7000/randomRequest,718,0,0
1676158024190,1359,HTTP Request,200,,Thread-Gruppe  1-66,text,true,,474,129,100,100,http://localhost:7000/randomRequest,1359,0,1
1676158024052,1513,HTTP Request,200,,Thread-Gruppe  1-99,text,true,,643,129,100,100,http://localhost:7000/randomRequest,1513,0,0
1676158024953,616,HTTP Request,200,,Thread-Gruppe  1-45,text,true,,555,129,100,100,http://localhost:7000/randomRequest,616,0,0
1676158025193,409,HTTP Request,200,,Thread-Gruppe  1-20,text,true,,419,129,100,100,http://localhost:7000/randomRequest,409,0,0
1676158025092,510,HTTP Request,200,,Thread-Gruppe  1-41,text,true,,419,129,100,100,http://localhost:7000/randomRequest,510,0,1
1676158025110,513,HTTP Request,200,,Thread-Gruppe  1-46,text,true,,486,129,100,100,http://localhost:7000/randomRequest,513,0,1
1676158024034,1618,HTTP Request,200,,Thread-Gruppe  1-97,text,true,,527,129,100,100,http://localhost:7000/randomRequest,1618,0,0
1676158025119,533,HTTP Request,200,,Thread-Gruppe  1-12,text,true,,674,129,100,100,http://localhost:7000/randomRequest,533,0,0
1676158024318,1334,HTTP Request,200,,Thread-Gruppe  1-52,text,true,,403,129,100,100,http://localhost:7000/randomRequest,1334,0,0
1676158025034,623,HTTP Request,200,,Thread-Gruppe  1-88,text,true,,419,129,100,100,http://localhost:7000/randomRequest,623,0,0
1676158024953,715,HTTP Request,200,,Thread-Gruppe  1-60,text,true,,419,129,100,100,http://localhost:7000/randomRequest,715,0,0
1676158024950,718,HTTP Request,200,,Thread-Gruppe  1-2,text,true,,486,129,100,100,http://localhost:7000/randomRequest,718,0,0
1676158024239,1446,HTTP Request,200,,Thread-Gruppe  1-77,text,true,,555,129,100,100,http://localhost:7000/randomRequest,1446,0,0
1676158025380,314,HTTP Request,200,,Thread-Gruppe  1-40,text,true,,418,129,100,100,http://localhost:7000/randomRequest,314,0,1
1676158024599,1100,HTTP Request,200,,Thread-Gruppe  1-70,text,true,,641,129,100,100,http://localhost:7000/randomRequest,1100,0,0
1676158024978,724,HTTP Request,200,,Thread-Gruppe  1-4,text,true,,555,129,100,100,http://localhost:7000/randomRequest,724,0,1
1676158024782,924,HTTP Request,200,,Thread-Gruppe  1-35,text,true,,492,129,100,100,http://localhost:7000/randomRequest,924,0,1
1676158024292,1430,HTTP Request,200,,Thread-Gruppe  1-86,text,true,,555,129,100,100,http://localhost:7000/randomRequest,1430,0,1
1676158024812,921,HTTP Request,200,,Thread-Gruppe  1-10,text,true,,481,129,100,100,http://localhost:7000/randomRequest,921,0,0
1676158024521,1228,HTTP Request,200,,Thread-Gruppe  1-25,text,true,,647,129,100,100,http://localhost:7000/randomRequest,1228,0,0
1676158024826,926,HTTP Request,200,,Thread-Gruppe  1-58,text,true,,485,129,100,100,http://localhost:7000/randomRequest,926,0,0
1676158025549,206,HTTP Request,200,,Thread-Gruppe  1-66,text,true,,557,129,100,100,http://localhost:7000/randomRequest,206,0,0
1676158025034,721,HTTP Request,200,,Thread-Gruppe  1-7,text,true,,419,129,100,100,http://localhost:7000/randomRequest,721,0,0
1676158025345,415,HTTP Request,200,,Thread-Gruppe  1-64,text,true,,419,129,100,100,http://localhost:7000/randomRequest,415,0,0
1676158025365,405,HTTP Request,200,,Thread-Gruppe  1-23,text,true,,540,129,100,100,http://localhost:7000/randomRequest,405,0,1
1676158024950,821,HTTP Request,200,,Thread-Gruppe  1-9,text,true,,419,129,100,100,http://localhost:7000/randomRequest,821,0,0
1676158025057,714,HTTP Request,200,,Thread-Gruppe  1-87,text,true,,554,129,100,100,http://localhost:7000/randomRequest,714,0,0
1676158025565,206,HTTP Request,200,,Thread-Gruppe  1-99,text,true,,545,129,100,100,http://localhost:7000/randomRequest,206,0,1
1676158025182,613,HTTP Request,200,,Thread-Gruppe  1-37,text,true,,560,129,100,100,http://localhost:7000/randomRequest,613,0,1
1676158025284,518,HTTP Request,200,,Thread-Gruppe  1-22,text,true,,488,129,100,100,http://localhost:7000/randomRequest,518,0,0
1676158025092,719,HTTP Request,200,,Thread-Gruppe  1-72,text,true,,527,129,100,100,http://localhost:7000/randomRequest,719,0,1
1676158025424,410,HTTP Request,200,,Thread-Gruppe  1-76,text,true,,565,129,100,100,http://localhost:7000/randomRequest,410,0,1
1676158025453,415,HTTP Request,200,,Thread-Gruppe  1-75,text,true,,419,129,100,100,http://localhost:7000/randomRequest,415,0,0
1676158025049,821,HTTP Request,200,,Thread-Gruppe  1-43,text,true,,546,129,100,100,http://localhost:7000/randomRequest,821,0,1
1676158025549,331,HTTP Request,200,,Thread-Gruppe  1-13,text,true,,414,129,100,100,http://localhost:7000/randomRequest,331,0,0
1676158025174,725,HTTP Request,200,,Thread-Gruppe  1-34,text,true,,552,129,100,100,http://localhost:7000/randomRequest,725,0,0
1676158025174,725,HTTP Request,200,,Thread-Gruppe  1-44,text,true,,403,129,100,100,http://localhost:7000/randomRequest,725,0,0
1676158024966,933,HTTP Request,200,,Thread-Gruppe  1-67,text,true,,647,129,100,100,http://localhost:7000/randomRequest,933,0,0
1676158024886,1013,HTTP Request,200,,Thread-Gruppe  1-50,text,true,,647,129,100,100,http://localhost:7000/randomRequest,1013,0,0
1676158025295,620,HTTP Request,200,,Thread-Gruppe  1-24,text,true,,555,129,100,100,http://localhost:7000/randomRequest,620,0,0
1676158025500,415,HTTP Request,200,,Thread-Gruppe  1-73,text,true,,549,129,100,100,http://localhost:7000/randomRequest,415,0,0
1676158025119,796,HTTP Request,200,,Thread-Gruppe  1-5,text,true,,633,129,100,100,http://localhost:7000/randomRequest,796,0,0
1676158025092,823,HTTP Request,200,,Thread-Gruppe  1-84,text,true,,486,129,100,100,http://localhost:7000/randomRequest,823,0,1
1676158024239,1730,HTTP Request,200,,Thread-Gruppe  1-78,text,true,,537,129,100,100,http://localhost:7000/randomRequest,1730,0,1
1676158025248,721,HTTP Request,200,,Thread-Gruppe  1-21,text,true,,492,129,100,100,http://localhost:7000/randomRequest,721,0,1
1676158025248,722,HTTP Request,200,,Thread-Gruppe  1-14,text,true,,490,129,100,100,http://localhost:7000/randomRequest,722,0,1
1676158025248,722,HTTP Request,200,,Thread-Gruppe  1-68,text,true,,419,129,100,100,http://localhost:7000/randomRequest,722,0,1
1676158025352,618,HTTP Request,200,,Thread-Gruppe  1-6,text,true,,559,129,100,100,http://localhost:7000/randomRequest,618,0,0
1676158024676,1300,HTTP Request,200,,Thread-Gruppe  1-29,text,true,,631,129,100,100,http://localhost:7000/randomRequest,1300,0,0
1676158025273,723,HTTP Request,200,,Thread-Gruppe  1-62,text,true,,419,129,100,100,http://localhost:7000/randomRequest,723,0,1
1676158024076,1943,HTTP Request,200,,Thread-Gruppe  1-38,text,true,,492,129,100,100,http://localhost:7000/randomRequest,1943,0,0
1676158025210,831,HTTP Request,200,,Thread-Gruppe  1-90,text,true,,419,129,100,100,http://localhost:7000/randomRequest,831,0,1
1676158025123,931,HTTP Request,200,,Thread-Gruppe  1-95,text,true,,492,129,100,100,http://localhost:7000/randomRequest,931,0,0
1676158025526,535,HTTP Request,200,,Thread-Gruppe  1-53,text,true,,474,129,100,100,http://localhost:7000/randomRequest,535,0,0
1676158024173,1891,HTTP Request,200,,Thread-Gruppe  1-56,text,true,,609,129,100,100,http://localhost:7000/randomRequest,1891,0,0
1676158025345,721,HTTP Request,200,,Thread-Gruppe  1-65,text,true,,418,129,100,100,http://localhost:7000/randomRequest,721,0,0
1676158025241,825,HTTP Request,200,,Thread-Gruppe  1-54,text,true,,572,129,100,100,http://localhost:7000/randomRequest,825,0,0
1676158025669,411,HTTP Request,200,,Thread-Gruppe  1-2,text,true,,550,129,100,100,http://localhost:7000/randomRequest,411,0,0
1676158025284,822,HTTP Request,200,,Thread-Gruppe  1-59,text,true,,559,129,100,100,http://localhost:7000/randomRequest,822,0,0
1676158025284,825,HTTP Request,200,,Thread-Gruppe  1-55,text,true,,489,129,100,100,http://localhost:7000/randomRequest,825,0,0
1676158025392,719,HTTP Request,200,,Thread-Gruppe  1-74,text,true,,419,129,100,100,http://localhost:7000/randomRequest,719,0,0
1676158025294,825,HTTP Request,200,,Thread-Gruppe  1-91,text,true,,492,129,100,100,http://localhost:7000/randomRequest,825,0,0
1676158025602,518,HTTP Request,200,,Thread-Gruppe  1-41,text,true,,418,129,100,100,http://localhost:7000/randomRequest,518,0,0
1676158025207,923,HTTP Request,200,,Thread-Gruppe  1-33,text,true,,481,129,100,100,http://localhost:7000/randomRequest,923,0,0
1676158025519,611,HTTP Request,200,,Thread-Gruppe  1-28,text,true,,418,129,100,100,http://localhost:7000/randomRequest,611,0,0
1676158025240,899,HTTP Request,200,,Thread-Gruppe  1-82,text,true,,647,129,100,100,http://localhost:7000/randomRequest,899,0,0
1676158025034,1146,HTTP Request,200,,Thread-Gruppe  1-26,text,true,,578,129,100,100,http://localhost:7000/randomRequest,1146,0,0
1676158024257,1948,HTTP Request,200,,Thread-Gruppe  1-16,text,true,,403,129,100,100,http://localhost:7000/randomRequest,1948,0,1
1676158025152,1059,HTTP Request,200,,Thread-Gruppe  1-32,text,true,,576,129,100,100,http://localhost:7000/randomRequest,1059,0,0
1676158025500,722,HTTP Request,200,,Thread-Gruppe  1-1,text,true,,490,129,100,100,http://localhost:7000/randomRequest,722,0,0
1676158025706,518,HTTP Request,200,,Thread-Gruppe  1-35,text,true,,489,129,100,100,http://localhost:7000/randomRequest,518,0,1
1676158025545,716,HTTP Request,200,,Thread-Gruppe  1-19,text,true,,492,129,100,100,http://localhost:7000/randomRequest,716,0,0
1676158025174,1111,HTTP Request,200,,Thread-Gruppe  1-47,text,true,,541,129,100,100,http://localhost:7000/randomRequest,1111,0,0
1676158025365,920,HTTP Request,200,,Thread-Gruppe  1-96,text,true,,403,129,100,100,http://localhost:7000/randomRequest,920,0,1
1676158025699,616,HTTP Request,200,,Thread-Gruppe  1-70,text,true,,403,129,100,100,http://localhost:7000/randomRequest,616,0,0
1676158025519,813,HTTP Request,200,,Thread-Gruppe  1-71,text,true,,419,129,100,100,http://localhost:7000/randomRequest,813,0,0
1676158025243,1103,HTTP Request,200,,Thread-Gruppe  1-36,text,true,,629,129,100,100,http://localhost:7000/randomRequest,1103,0,1
1676158025415,931,HTTP Request,200,,Thread-Gruppe  1-93,text,true,,554,129,100,100,http://localhost:7000/randomRequest,931,0,1
1676158025733,616,HTTP Request,200,,Thread-Gruppe  1-10,text,true,,490,129,100,100,http://localhost:7000/randomRequest,616,0,0
1676158025652,720,HTTP Request,200,,Thread-Gruppe  1-12,text,true,,403,129,100,100,http://localhost:7000/randomRequest,720,0,0
1676158025760,613,HTTP Request,200,,Thread-Gruppe  1-64,text,true,,488,129,100,100,http://localhost:7000/randomRequest,613,0,0
1676158025869,516,HTTP Request,200,,Thread-Gruppe  1-75,text,true,,419,129,100,100,http://localhost:7000/randomRequest,516,0,0
1676158024759,1630,HTTP Request,200,,Thread-Gruppe  1-61,text,true,,647,129,100,100,http://localhost:7000/randomRequest,1630,0,0
1676158025623,796,HTTP Request,200,,Thread-Gruppe  1-46,text,true,,491,129,100,100,http://localhost:7000/randomRequest,796,0,1
1676158025190,1235,HTTP Request,200,,Thread-Gruppe  1-79,text,true,,485,129,100,100,http://localhost:7000/randomRequest,1235,0,1
1676158025811,614,HTTP Request,200,,Thread-Gruppe  1-72,text,true,,485,129,100,100,http://localhost:7000/randomRequest,614,0,1
1676158025222,1231,HTTP Request,200,,Thread-Gruppe  1-94,text,true,,487,129,100,100,http://localhost:7000/randomRequest,1231,0,0
1676158025034,1434,HTTP Request,200,,Thread-Gruppe  1-80,text,true,,537,129,100,100,http://localhost:7000/randomRequest,1434,0,0
1676158025261,1260,HTTP Request,200,,Thread-Gruppe  1-42,text,true,,684,129,100,100,http://localhost:7000/randomRequest,1260,0,0
1676158025284,1237,HTTP Request,200,,Thread-Gruppe  1-89,text,true,,485,129,100,100,http://localhost:7000/randomRequest,1237,0,0
1676158024978,1543,HTTP Request,200,,Thread-Gruppe  1-3,text,true,,528,129,100,100,http://localhost:7000/randomRequest,1543,0,1
1676158025293,1233,HTTP Request,200,,Thread-Gruppe  1-30,text,true,,561,129,100,100,http://localhost:7000/randomRequest,1233,0,1
1676158025749,789,HTTP Request,200,,Thread-Gruppe  1-25,text,true,,536,129,100,100,http://localhost:7000/randomRequest,789,0,0
1676158025450,1124,HTTP Request,200,,Thread-Gruppe  1-27,text,true,,548,129,100,100,http://localhost:7000/randomRequest,1124,0,0
1676158025795,830,HTTP Request,200,,Thread-Gruppe  1-37,text,true,,418,129,100,100,http://localhost:7000/randomRequest,830,0,1
1676158026212,413,HTTP Request,200,,Thread-Gruppe  1-32,text,true,,485,129,100,100,http://localhost:7000/randomRequest,413,0,0
1676158025771,854,HTTP Request,200,,Thread-Gruppe  1-9,text,true,,574,129,100,100,http://localhost:7000/randomRequest,854,0,1
1676158026425,207,HTTP Request,200,,Thread-Gruppe  1-72,text,true,,419,129,100,100,http://localhost:7000/randomRequest,207,0,1
1676158025722,918,HTTP Request,200,,Thread-Gruppe  1-86,text,true,,557,129,100,100,http://localhost:7000/randomRequest,918,0,0
1676158025834,824,HTTP Request,200,,Thread-Gruppe  1-76,text,true,,559,129,100,100,http://localhost:7000/randomRequest,824,0,0
1676158026261,409,HTTP Request,200,,Thread-Gruppe  1-19,text,true,,419,129,100,100,http://localhost:7000/randomRequest,409,0,0
1676158026066,609,HTTP Request,200,,Thread-Gruppe  1-65,text,true,,492,129,100,100,http://localhost:7000/randomRequest,609,0,0
1676158025755,920,HTTP Request,200,,Thread-Gruppe  1-66,text,true,,547,129,100,100,http://localhost:7000/randomRequest,920,0,1
1676158025752,923,HTTP Request,200,,Thread-Gruppe  1-58,text,true,,547,129,100,100,http://localhost:7000/randomRequest,923,0,0
1676158025261,1434,HTTP Request,200,,Thread-Gruppe  1-51,text,true,,403,129,100,100,http://localhost:7000/randomRequest,1434,0,0
1676158025976,727,HTTP Request,200,,Thread-Gruppe  1-29,text,true,,556,129,100,100,http://localhost:7000/randomRequest,727,0,1
1676158026205,510,HTTP Request,200,,Thread-Gruppe  1-16,text,true,,492,129,100,100,http://localhost:7000/randomRequest,510,0,1
1676158025899,826,HTTP Request,200,,Thread-Gruppe  1-34,text,true,,562,129,100,100,http://localhost:7000/randomRequest,826,0,0
1676158025803,922,HTTP Request,200,,Thread-Gruppe  1-22,text,true,,552,129,100,100,http://localhost:7000/randomRequest,922,0,0
1676158026109,616,HTTP Request,200,,Thread-Gruppe  1-55,text,true,,554,129,100,100,http://localhost:7000/randomRequest,616,0,0
1676158025899,826,HTTP Request,200,,Thread-Gruppe  1-50,text,true,,485,129,100,100,http://localhost:7000/randomRequest,826,0,0
1676158026332,409,HTTP Request,200,,Thread-Gruppe  1-71,text,true,,556,129,100,100,http://localhost:7000/randomRequest,409,0,0
1676158025416,1337,HTTP Request,200,,Thread-Gruppe  1-18,text,true,,492,129,100,100,http://localhost:7000/randomRequest,1337,0,0
1676158025435,1335,HTTP Request,200,,Thread-Gruppe  1-85,text,true,,492,129,100,100,http://localhost:7000/randomRequest,1335,0,0
1676158025652,1126,HTTP Request,200,,Thread-Gruppe  1-97,text,true,,419,129,100,100,http://localhost:7000/randomRequest,1126,0,0
1676158026386,413,HTTP Request,200,,Thread-Gruppe  1-75,text,true,,569,129,100,100,http://localhost:7000/randomRequest,413,0,0
1676158025871,928,HTTP Request,200,,Thread-Gruppe  1-43,text,true,,418,129,100,100,http://localhost:7000/randomRequest,928,0,0
1676158025770,1032,HTTP Request,200,,Thread-Gruppe  1-23,text,true,,562,129,100,100,http://localhost:7000/randomRequest,1032,0,0
1676158026106,719,HTTP Request,200,,Thread-Gruppe  1-59,text,true,,419,129,100,100,http://localhost:7000/randomRequest,719,0,1
1676158026111,715,HTTP Request,200,,Thread-Gruppe  1-74,text,true,,563,129,100,100,http://localhost:7000/randomRequest,715,0,0
1676158026119,713,HTTP Request,200,,Thread-Gruppe  1-91,text,true,,557,129,100,100,http://localhost:7000/randomRequest,713,0,0
1676158026120,712,HTTP Request,200,,Thread-Gruppe  1-41,text,true,,555,129,100,100,http://localhost:7000/randomRequest,712,0,0
1676158025602,1230,HTTP Request,200,,Thread-Gruppe  1-20,text,true,,492,129,100,100,http://localhost:7000/randomRequest,1230,0,0
1676158026526,306,HTTP Request,200,,Thread-Gruppe  1-30,text,true,,416,129,100,100,http://localhost:7000/randomRequest,306,0,0
1676158026130,718,HTTP Request,200,,Thread-Gruppe  1-33,text,true,,556,129,100,100,http://localhost:7000/randomRequest,718,0,1
1676158025970,888,HTTP Request,200,,Thread-Gruppe  1-14,text,true,,647,129,100,100,http://localhost:7000/randomRequest,888,0,0
1676158026041,817,HTTP Request,200,,Thread-Gruppe  1-90,text,true,,419,129,100,100,http://localhost:7000/randomRequest,817,0,0
1676158026349,510,HTTP Request,200,,Thread-Gruppe  1-10,text,true,,546,129,100,100,http://localhost:7000/randomRequest,510,0,0
1676158025996,886,HTTP Request,200,,Thread-Gruppe  1-62,text,true,,633,129,100,100,http://localhost:7000/randomRequest,886,0,0
1676158025970,932,HTTP Request,200,,Thread-Gruppe  1-78,text,true,,481,129,100,100,http://localhost:7000/randomRequest,932,0,0
1676158026080,822,HTTP Request,200,,Thread-Gruppe  1-2,text,true,,492,129,100,100,http://localhost:7000/randomRequest,822,0,0
1676158025970,932,HTTP Request,200,,Thread-Gruppe  1-6,text,true,,492,129,100,100,http://localhost:7000/randomRequest,932,0,0
1676158024966,1939,HTTP Request,200,,Thread-Gruppe  1-8,text,true,,541,129,100,100,http://localhost:7000/randomRequest,1939,0,0
1676158025569,1340,HTTP Request,200,,Thread-Gruppe  1-45,text,true,,492,129,100,100,http://localhost:7000/randomRequest,1340,0,0
1676158026139,818,HTTP Request,200,,Thread-Gruppe  1-82,text,true,,554,129,100,100,http://localhost:7000/randomRequest,818,0,1
1676158025970,1034,HTTP Request,200,,Thread-Gruppe  1-21,text,true,,418,129,100,100,http://localhost:7000/randomRequest,1034,0,0
1676158026180,829,HTTP Request,200,,Thread-Gruppe  1-26,text,true,,549,129,100,100,http://localhost:7000/randomRequest,829,0,0
1676158025899,1133,HTTP Request,200,,Thread-Gruppe  1-44,text,true,,492,129,100,100,http://localhost:7000/randomRequest,1133,0,0
1676158026130,922,HTTP Request,200,,Thread-Gruppe  1-28,text,true,,419,129,100,100,http://localhost:7000/randomRequest,922,0,1
1676158026286,790,HTTP Request,200,,Thread-Gruppe  1-96,text,true,,527,129,100,100,http://localhost:7000/randomRequest,790,0,0
1676158026675,411,HTTP Request,200,,Thread-Gruppe  1-66,text,true,,559,129,100,100,http://localhost:7000/randomRequest,411,0,1
1676158026064,1022,HTTP Request,200,,Thread-Gruppe  1-56,text,true,,492,129,100,100,http://localhost:7000/randomRequest,1022,0,0
1676158026469,617,HTTP Request,200,,Thread-Gruppe  1-80,text,true,,560,129,100,100,http://localhost:7000/randomRequest,617,0,0
1676158025702,1407,HTTP Request,200,,Thread-Gruppe  1-4,text,true,,527,129,100,100,http://localhost:7000/randomRequest,1407,0,0
1676158026725,414,HTTP Request,200,,Thread-Gruppe  1-22,text,true,,419,129,100,100,http://localhost:7000/randomRequest,414,0,0
1676158026521,621,HTTP Request,200,,Thread-Gruppe  1-3,text,true,,418,129,100,100,http://localhost:7000/randomRequest,621,0,0
1676158026222,920,HTTP Request,200,,Thread-Gruppe  1-1,text,true,,563,129,100,100,http://localhost:7000/randomRequest,920,0,0
1676158026054,1100,HTTP Request,200,,Thread-Gruppe  1-95,text,true,,541,129,100,100,http://localhost:7000/randomRequest,1100,0,1
1676158026346,822,HTTP Request,200,,Thread-Gruppe  1-93,text,true,,485,129,100,100,http://localhost:7000/randomRequest,822,0,0
1676158025652,1526,HTTP Request,200,,Thread-Gruppe  1-52,text,true,,402,129,100,100,http://localhost:7000/randomRequest,1526,0,0
1676158026372,818,HTTP Request,200,,Thread-Gruppe  1-12,text,true,,485,129,100,100,http://localhost:7000/randomRequest,818,0,0
1676158025970,1235,HTTP Request,200,,Thread-Gruppe  1-68,text,true,,490,129,100,100,http://localhost:7000/randomRequest,1235,0,0
1676158025771,1448,HTTP Request,200,,Thread-Gruppe  1-99,text,true,,403,129,100,100,http://localhost:7000/randomRequest,1448,0,1
1676158025880,1346,HTTP Request,200,,Thread-Gruppe  1-13,text,true,,401,129,100,100,http://localhost:7000/randomRequest,1346,0,0
1676158026725,515,HTTP Request,200,,Thread-Gruppe  1-50,text,true,,489,129,100,100,http://localhost:7000/randomRequest,515,0,0
1676158026521,721,HTTP Request,200,,Thread-Gruppe  1-89,text,true,,492,129,100,100,http://localhost:7000/randomRequest,721,0,0
1676158025522,1720,HTTP Request,200,,Thread-Gruppe  1-81,text,true,,643,129,100,100,http://localhost:7000/randomRequest,1720,0,1
1676158025685,1557,HTTP Request,200,,Thread-Gruppe  1-77,text,true,,679,129,100,100,http://localhost:7000/randomRequest,1557,0,0
1676158026425,818,HTTP Request,200,,Thread-Gruppe  1-79,text,true,,572,129,100,100,http://localhost:7000/randomRequest,818,0,1
1676158026538,721,HTTP Request,200,,Thread-Gruppe  1-25,text,true,,492,129,100,100,http://localhost:7000/randomRequest,721,0,0
1676158025915,1344,HTTP Request,200,,Thread-Gruppe  1-73,text,true,,539,129,100,100,http://localhost:7000/randomRequest,1344,0,1
1676158025669,1603,HTTP Request,200,,Thread-Gruppe  1-60,text,true,,643,129,100,100,http://localhost:7000/randomRequest,1603,0,0
1676157997220,30054,HTTP Request,500,,Thread-Gruppe  1-11,text,false,,258,129,100,100,http://localhost:7000/randomRequest,30054,0,0
1676158026575,717,HTTP Request,200,,Thread-Gruppe  1-27,text,true,,492,129,100,100,http://localhost:7000/randomRequest,717,0,0
1676158026373,919,HTTP Request,200,,Thread-Gruppe  1-64,text,true,,492,129,100,100,http://localhost:7000/randomRequest,919,0,0
1676158026675,634,HTTP Request,200,,Thread-Gruppe  1-58,text,true,,417,129,100,100,http://localhost:7000/randomRequest,634,0,1
1676158025755,1570,HTTP Request,200,,Thread-Gruppe  1-7,text,true,,527,129,100,100,http://localhost:7000/randomRequest,1570,0,1
1676158025694,1636,HTTP Request,200,,Thread-Gruppe  1-40,text,true,,537,129,100,100,http://localhost:7000/randomRequest,1636,0,0
1676158025916,1427,HTTP Request,200,,Thread-Gruppe  1-84,text,true,,495,129,100,100,http://localhost:7000/randomRequest,1427,0,0
1676158026640,720,HTTP Request,200,,Thread-Gruppe  1-86,text,true,,490,129,100,100,http://localhost:7000/randomRequest,720,0,0
1676158026848,512,HTTP Request,200,,Thread-Gruppe  1-33,text,true,,557,129,100,100,http://localhost:7000/randomRequest,512,0,0
1676158026957,415,HTTP Request,200,,Thread-Gruppe  1-82,text,true,,419,129,100,100,http://localhost:7000/randomRequest,415,0,0
1676158026066,1310,HTTP Request,200,,Thread-Gruppe  1-54,text,true,,631,129,100,100,http://localhost:7000/randomRequest,1310,0,0
1676158026858,518,HTTP Request,200,,Thread-Gruppe  1-90,text,true,,557,129,100,100,http://localhost:7000/randomRequest,518,0,1
1676158026453,923,HTTP Request,200,,Thread-Gruppe  1-94,text,true,,489,129,100,100,http://localhost:7000/randomRequest,923,0,0
1676158026696,714,HTTP Request,200,,Thread-Gruppe  1-51,text,true,,540,129,100,100,http://localhost:7000/randomRequest,714,0,0
1676158026799,621,HTTP Request,200,,Thread-Gruppe  1-75,text,true,,571,129,100,100,http://localhost:7000/randomRequest,621,0,0
1676158026905,515,HTTP Request,200,,Thread-Gruppe  1-8,text,true,,554,129,100,100,http://localhost:7000/randomRequest,515,0,0
1676158026799,621,HTTP Request,200,,Thread-Gruppe  1-43,text,true,,418,129,100,100,http://localhost:7000/randomRequest,621,0,0
1676158026902,518,HTTP Request,200,,Thread-Gruppe  1-2,text,true,,541,129,100,100,http://localhost:7000/randomRequest,518,0,1
1676158026346,1088,HTTP Request,200,,Thread-Gruppe  1-36,text,true,,527,129,100,100,http://localhost:7000/randomRequest,1088,0,0
1676158026825,617,HTTP Request,200,,Thread-Gruppe  1-59,text,true,,492,129,100,100,http://localhost:7000/randomRequest,617,0,0
1676158026725,717,HTTP Request,200,,Thread-Gruppe  1-34,text,true,,492,129,100,100,http://localhost:7000/randomRequest,717,0,0
1676158026725,717,HTTP Request,200,,Thread-Gruppe  1-55,text,true,,419,129,100,100,http://localhost:7000/randomRequest,717,0,0
1676158026521,930,HTTP Request,200,,Thread-Gruppe  1-42,text,true,,485,129,100,100,http://localhost:7000/randomRequest,930,0,0
1676158026832,619,HTTP Request,200,,Thread-Gruppe  1-30,text,true,,419,129,100,100,http://localhost:7000/randomRequest,619,0,0
1676158026625,826,HTTP Request,200,,Thread-Gruppe  1-9,text,true,,481,129,100,100,http://localhost:7000/randomRequest,826,0,0
1676158026625,827,HTTP Request,200,,Thread-Gruppe  1-37,text,true,,2023,129,100,100,http://localhost:7000/randomRequest,827,0,0
1676158026632,828,HTTP Request,200,,Thread-Gruppe  1-72,text,true,,549,129,100,100,http://localhost:7000/randomRequest,828,0,0
1676158026742,718,HTTP Request,200,,Thread-Gruppe  1-71,text,true,,419,129,100,100,http://localhost:7000/randomRequest,718,0,0
1676158026659,818,HTTP Request,200,,Thread-Gruppe  1-76,text,true,,553,129,100,100,http://localhost:7000/randomRequest,818,0,0
1676158026770,709,HTTP Request,200,,Thread-Gruppe  1-85,text,true,,419,129,100,100,http://localhost:7000/randomRequest,709,0,1
1676158026670,819,HTTP Request,200,,Thread-Gruppe  1-19,text,true,,549,129,100,100,http://localhost:7000/randomRequest,819,0,1
1676158026675,820,HTTP Request,200,,Thread-Gruppe  1-65,text,true,,565,129,100,100,http://localhost:7000/randomRequest,820,0,1
1676158026778,717,HTTP Request,200,,Thread-Gruppe  1-97,text,true,,417,129,100,100,http://localhost:7000/randomRequest,717,0,1
1676158027086,409,HTTP Request,200,,Thread-Gruppe  1-56,text,true,,492,129,100,100,http://localhost:7000/randomRequest,409,0,1
1676158027004,519,HTTP Request,200,,Thread-Gruppe  1-21,text,true,,492,129,100,100,http://localhost:7000/randomRequest,519,0,1
1676158026389,1136,HTTP Request,200,,Thread-Gruppe  1-61,text,true,,403,129,100,100,http://localhost:7000/randomRequest,1136,0,1
1676158026802,723,HTTP Request,200,,Thread-Gruppe  1-23,text,true,,563,129,100,100,http://localhost:7000/randomRequest,723,0,1
1676158026703,823,HTTP Request,200,,Thread-Gruppe  1-29,text,true,,403,129,100,100,http://localhost:7000/randomRequest,823,0,1
1676158027325,202,HTTP Request,200,,Thread-Gruppe  1-7,text,true,,419,129,100,100,http://localhost:7000/randomRequest,202,0,1
1676158026753,781,HTTP Request,200,,Thread-Gruppe  1-18,text,true,,491,129,100,100,http://localhost:7000/randomRequest,781,0,0
1676158025915,1628,HTTP Request,200,,Thread-Gruppe  1-24,text,true,,527,129,100,100,http://localhost:7000/randomRequest,1628,0,1
1676158026832,711,HTTP Request,200,,Thread-Gruppe  1-41,text,true,,492,129,100,100,http://localhost:7000/randomRequest,711,0,0
1676158027168,414,HTTP Request,200,,Thread-Gruppe  1-93,text,true,,547,129,100,100,http://localhost:7000/randomRequest,414,0,1
1676158026286,1297,HTTP Request,200,,Thread-Gruppe  1-47,text,true,,643,129,100,100,http://localhost:7000/randomRequest,1297,0,0
1676158025899,1719,HTTP Request,200,,Thread-Gruppe  1-67,text,true,,537,129,100,100,http://localhost:7000/randomRequest,1719,0,0
1676158026902,720,HTTP Request,200,,Thread-Gruppe  1-6,text,true,,492,129,100,100,http://localhost:7000/randomRequest,720,0,1
1676158026715,915,HTTP Request,200,,Thread-Gruppe  1-16,text,true,,527,129,100,100,http://localhost:7000/randomRequest,915,0,1
1676158026316,1314,HTTP Request,200,,Thread-Gruppe  1-70,text,true,,527,129,100,100,http://localhost:7000/randomRequest,1314,0,0
1676158026019,1617,HTTP Request,200,,Thread-Gruppe  1-38,text,true,,527,129,100,100,http://localhost:7000/randomRequest,1617,0,0
1676158027226,410,HTTP Request,200,,Thread-Gruppe  1-13,text,true,,419,129,100,100,http://localhost:7000/randomRequest,410,0,0
1676158027259,410,HTTP Request,200,,Thread-Gruppe  1-25,text,true,,540,129,100,100,http://localhost:7000/randomRequest,410,0,0
1676158027086,616,HTTP Request,200,,Thread-Gruppe  1-80,text,true,,551,129,100,100,http://localhost:7000/randomRequest,616,0,1
1676158027190,512,HTTP Request,200,,Thread-Gruppe  1-12,text,true,,485,129,100,100,http://localhost:7000/randomRequest,512,0,1
1676158027293,416,HTTP Request,200,,Thread-Gruppe  1-64,text,true,,552,129,100,100,http://localhost:7000/randomRequest,416,0,0
1676158027310,409,HTTP Request,200,,Thread-Gruppe  1-58,text,true,,553,129,100,100,http://localhost:7000/randomRequest,409,0,0
1676158026883,843,HTTP Request,200,,Thread-Gruppe  1-62,text,true,,561,129,100,100,http://localhost:7000/randomRequest,843,0,0
1676158026909,826,HTTP Request,200,,Thread-Gruppe  1-45,text,true,,403,129,100,100,http://localhost:7000/randomRequest,826,0,0
1676158025915,1824,HTTP Request,200,,Thread-Gruppe  1-5,text,true,,537,129,100,100,http://localhost:7000/randomRequest,1824,0,1
1676158026224,1516,HTTP Request,200,,Thread-Gruppe  1-35,text,true,,537,129,100,100,http://localhost:7000/randomRequest,1516,0,0
1676158026832,920,HTTP Request,200,,Thread-Gruppe  1-20,text,true,,403,129,100,100,http://localhost:7000/randomRequest,920,0,0
1676158027243,511,HTTP Request,200,,Thread-Gruppe  1-77,text,true,,419,129,100,100,http://localhost:7000/randomRequest,511,0,0
1676158026061,1705,HTTP Request,200,,Thread-Gruppe  1-53,text,true,,633,129,100,100,http://localhost:7000/randomRequest,1705,0,0
1676158027154,614,HTTP Request,200,,Thread-Gruppe  1-95,text,true,,419,129,100,100,http://localhost:7000/randomRequest,614,0,0
1676158027259,511,HTTP Request,200,,Thread-Gruppe  1-73,text,true,,531,129,100,100,http://localhost:7000/randomRequest,511,0,0
1676158025772,2018,HTTP Request,200,,Thread-Gruppe  1-87,text,true,,537,129,100,100,http://localhost:7000/randomRequest,2018,0,0
1676158025657,2133,HTTP Request,200,,Thread-Gruppe  1-88,text,true,,527,129,100,100,http://localhost:7000/randomRequest,2133,0,0
1676158026858,948,HTTP Request,200,,Thread-Gruppe  1-14,text,true,,540,129,100,100,http://localhost:7000/randomRequest,948,0,1
1676158026419,1403,HTTP Request,200,,Thread-Gruppe  1-46,text,true,,647,129,100,100,http://localhost:7000/randomRequest,1403,0,0
1676158027009,821,HTTP Request,200,,Thread-Gruppe  1-26,text,true,,492,129,100,100,http://localhost:7000/randomRequest,821,0,0
1676158027420,419,HTTP Request,200,,Thread-Gruppe  1-2,text,true,,419,129,100,100,http://localhost:7000/randomRequest,419,0,1
1676158026832,1021,HTTP Request,200,,Thread-Gruppe  1-91,text,true,,481,129,100,100,http://localhost:7000/randomRequest,1021,0,0
1676158027460,409,HTTP Request,200,,Thread-Gruppe  1-71,text,true,,415,129,100,100,http://localhost:7000/randomRequest,409,0,0
1676158027582,311,HTTP Request,200,,Thread-Gruppe  1-93,text,true,,419,129,100,100,http://localhost:7000/randomRequest,311,0,0
1676158027293,620,HTTP Request,200,,Thread-Gruppe  1-27,text,true,,555,129,100,100,http://localhost:7000/randomRequest,620,0,0
1676158027630,313,HTTP Request,200,,Thread-Gruppe  1-16,text,true,,542,129,100,100,http://localhost:7000/randomRequest,313,0,1
1676158027330,613,HTTP Request,200,,Thread-Gruppe  1-40,text,true,,492,129,100,100,http://localhost:7000/randomRequest,613,0,0
1676158026826,1120,HTTP Request,200,,Thread-Gruppe  1-74,text,true,,481,129,100,100,http://localhost:7000/randomRequest,1120,0,0
1676158027142,815,HTTP Request,200,,Thread-Gruppe  1-1,text,true,,419,129,100,100,http://localhost:7000/randomRequest,815,0,1
1676158027242,715,HTTP Request,200,,Thread-Gruppe  1-89,text,true,,486,129,100,100,http://localhost:7000/randomRequest,715,0,1
1676158027451,509,HTTP Request,200,,Thread-Gruppe  1-9,text,true,,419,129,100,100,http://localhost:7000/randomRequest,509,0,1
1676158027243,717,HTTP Request,200,,Thread-Gruppe  1-79,text,true,,492,129,100,100,http://localhost:7000/randomRequest,717,0,0
1676158027360,609,HTTP Request,200,,Thread-Gruppe  1-33,text,true,,398,129,100,100,http://localhost:7000/randomRequest,609,0,1
1676158027543,427,HTTP Request,200,,Thread-Gruppe  1-41,text,true,,417,129,100,100,http://localhost:7000/randomRequest,427,0,1
1676158026859,1151,HTTP Request,200,,Thread-Gruppe  1-10,text,true,,489,129,100,100,http://localhost:7000/randomRequest,1151,0,1
1676158027372,638,HTTP Request,200,,Thread-Gruppe  1-82,text,true,,549,129,100,100,http://localhost:7000/randomRequest,638,0,0
1676158027206,821,HTTP Request,200,,Thread-Gruppe  1-68,text,true,,492,129,100,100,http://localhost:7000/randomRequest,821,0,0
1676158027140,899,HTTP Request,200,,Thread-Gruppe  1-22,text,true,,541,129,100,100,http://localhost:7000/randomRequest,899,0,0
1676158027622,417,HTTP Request,200,,Thread-Gruppe  1-6,text,true,,418,129,100,100,http://localhost:7000/randomRequest,417,0,1
1676158027219,821,HTTP Request,200,,Thread-Gruppe  1-99,text,true,,538,129,100,100,http://localhost:7000/randomRequest,821,0,0
1676158026902,1141,HTTP Request,200,,Thread-Gruppe  1-78,text,true,,403,129,100,100,http://localhost:7000/randomRequest,1141,0,1
1676158027525,518,HTTP Request,200,,Thread-Gruppe  1-61,text,true,,419,129,100,100,http://localhost:7000/randomRequest,518,0,1
1676158027739,307,HTTP Request,200,,Thread-Gruppe  1-5,text,true,,492,129,100,100,http://localhost:7000/randomRequest,307,0,1
1676158027032,1017,HTTP Request,200,,Thread-Gruppe  1-44,text,true,,481,129,100,100,http://localhost:7000/randomRequest,1017,0,0
1676158027754,305,HTTP Request,200,,Thread-Gruppe  1-77,text,true,,401,129,100,100,http://localhost:7000/randomRequest,305,0,0
1676158027243,817,HTTP Request,200,,Thread-Gruppe  1-81,text,true,,549,129,100,100,http://localhost:7000/randomRequest,817,0,0
1676158027442,620,HTTP Request,200,,Thread-Gruppe  1-59,text,true,,492,129,100,100,http://localhost:7000/randomRequest,620,0,0
1676158027142,920,HTTP Request,200,,Thread-Gruppe  1-3,text,true,,711,129,100,100,http://localhost:7000/randomRequest,920,0,1
1676158027460,611,HTTP Request,200,,Thread-Gruppe  1-72,text,true,,486,129,100,100,http://localhost:7000/randomRequest,611,0,0
1676158027376,717,HTTP Request,200,,Thread-Gruppe  1-90,text,true,,488,129,100,100,http://localhost:7000/randomRequest,717,0,0
1676158027274,819,HTTP Request,200,,Thread-Gruppe  1-11,text,true,,552,129,100,100,http://localhost:7000/randomRequest,819,0,0
1676158027086,1019,HTTP Request,200,,Thread-Gruppe  1-66,text,true,,643,129,100,100,http://localhost:7000/randomRequest,1019,0,1
1676158027495,615,HTTP Request,200,,Thread-Gruppe  1-97,text,true,,552,129,100,100,http://localhost:7000/randomRequest,615,0,1
1676158027479,641,HTTP Request,200,,Thread-Gruppe  1-85,text,true,,559,129,100,100,http://localhost:7000/randomRequest,641,0,0
1676158027709,411,HTTP Request,200,,Thread-Gruppe  1-64,text,true,,416,129,100,100,http://localhost:7000/randomRequest,411,0,0
1676158026625,1519,HTTP Request,200,,Thread-Gruppe  1-32,text,true,,536,129,100,100,http://localhost:7000/randomRequest,1519,0,0
1676158027442,724,HTTP Request,200,,Thread-Gruppe  1-55,text,true,,853,129,100,100,http://localhost:7000/randomRequest,724,0,0
1676158027343,823,HTTP Request,200,,Thread-Gruppe  1-84,text,true,,488,129,100,100,http://localhost:7000/randomRequest,823,0,0
1676158027478,715,HTTP Request,200,,Thread-Gruppe  1-76,text,true,,481,129,100,100,http://localhost:7000/randomRequest,715,0,0
1676158027420,833,HTTP Request,200,,Thread-Gruppe  1-75,text,true,,418,129,100,100,http://localhost:7000/randomRequest,833,0,1
1676158027527,727,HTTP Request,200,,Thread-Gruppe  1-7,text,true,,556,129,100,100,http://localhost:7000/randomRequest,727,0,0
1676158027052,1203,HTTP Request,200,,Thread-Gruppe  1-28,text,true,,526,129,100,100,http://localhost:7000/randomRequest,1203,0,0
1676158027434,821,HTTP Request,200,,Thread-Gruppe  1-36,text,true,,853,129,100,100,http://localhost:7000/randomRequest,821,0,0
1676158027853,410,HTTP Request,200,,Thread-Gruppe  1-91,text,true,,560,129,100,100,http://localhost:7000/randomRequest,410,0,1
1676158027766,513,HTTP Request,200,,Thread-Gruppe  1-53,text,true,,550,129,100,100,http://localhost:7000/randomRequest,513,0,0
1676158027702,612,HTTP Request,200,,Thread-Gruppe  1-80,text,true,,492,129,100,100,http://localhost:7000/randomRequest,612,0,1
1676158027807,511,HTTP Request,200,,Thread-Gruppe  1-14,text,true,,554,129,100,100,http://localhost:7000/randomRequest,511,0,0
1676158027893,437,HTTP Request,200,,Thread-Gruppe  1-93,text,true,,414,129,100,100,http://localhost:7000/randomRequest,437,0,0
1676158027240,1090,HTTP Request,200,,Thread-Gruppe  1-50,text,true,,536,129,100,100,http://localhost:7000/randomRequest,1090,0,0
1676158027719,611,HTTP Request,200,,Thread-Gruppe  1-58,text,true,,545,129,100,100,http://localhost:7000/randomRequest,611,0,0
1676158027823,520,HTTP Request,200,,Thread-Gruppe  1-46,text,true,,559,129,100,100,http://localhost:7000/randomRequest,520,0,0
1676158027109,1241,HTTP Request,200,,Thread-Gruppe  1-4,text,true,,526,129,100,100,http://localhost:7000/randomRequest,1241,0,0
1676158027735,615,HTTP Request,200,,Thread-Gruppe  1-45,text,true,,403,129,100,100,http://localhost:7000/randomRequest,615,0,0
1676158027740,615,HTTP Request,200,,Thread-Gruppe  1-35,text,true,,490,129,100,100,http://localhost:7000/randomRequest,615,0,0
1676158027869,507,HTTP Request,200,,Thread-Gruppe  1-71,text,true,,419,129,100,100,http://localhost:7000/randomRequest,507,0,0
1676158027178,1198,HTTP Request,200,,Thread-Gruppe  1-52,text,true,,633,129,100,100,http://localhost:7000/randomRequest,1198,0,0
1676158027076,1306,HTTP Request,200,,Thread-Gruppe  1-96,text,true,,541,129,100,100,http://localhost:7000/randomRequest,1306,0,0
1676158027768,614,HTTP Request,200,,Thread-Gruppe  1-95,text,true,,419,129,100,100,http://localhost:7000/randomRequest,614,0,1
1676158027495,894,HTTP Request,200,,Thread-Gruppe  1-65,text,true,,647,129,100,100,http://localhost:7000/randomRequest,894,0,1
1676158027376,1023,HTTP Request,200,,Thread-Gruppe  1-94,text,true,,492,129,100,100,http://localhost:7000/randomRequest,1023,0,0
1676158027490,928,HTTP Request,200,,Thread-Gruppe  1-19,text,true,,492,129,100,100,http://localhost:7000/randomRequest,928,0,0
1676158028010,417,HTTP Request,200,,Thread-Gruppe  1-10,text,true,,419,129,100,100,http://localhost:7000/randomRequest,417,0,0
1676158028043,412,HTTP Request,200,,Thread-Gruppe  1-61,text,true,,419,129,100,100,http://localhost:7000/randomRequest,412,0,0
1676158027534,925,HTTP Request,200,,Thread-Gruppe  1-18,text,true,,558,129,100,100,http://localhost:7000/randomRequest,925,0,1
1676158027442,1026,HTTP Request,200,,Thread-Gruppe  1-34,text,true,,485,129,100,100,http://localhost:7000/randomRequest,1026,0,0
1676158027957,511,HTTP Request,200,,Thread-Gruppe  1-89,text,true,,556,129,100,100,http://localhost:7000/randomRequest,511,0,1
1676158027360,1124,HTTP Request,200,,Thread-Gruppe  1-86,text,true,,562,129,100,100,http://localhost:7000/randomRequest,1124,0,0
1676158027272,1230,HTTP Request,200,,Thread-Gruppe  1-60,text,true,,418,129,100,100,http://localhost:7000/randomRequest,1230,0,1
1676158027495,1030,HTTP Request,200,,Thread-Gruppe  1-56,text,true,,485,129,100,100,http://localhost:7000/randomRequest,1030,0,1
1676158027410,1128,HTTP Request,200,,Thread-Gruppe  1-51,text,true,,403,129,100,100,http://localhost:7000/randomRequest,1128,0,0
1676158027946,623,HTTP Request,200,,Thread-Gruppe  1-74,text,true,,478,129,100,100,http://localhost:7000/randomRequest,623,0,0
1676158027543,1026,HTTP Request,200,,Thread-Gruppe  1-24,text,true,,416,129,100,100,http://localhost:7000/randomRequest,1026,0,1
1676158027960,622,HTTP Request,200,,Thread-Gruppe  1-79,text,true,,492,129,100,100,http://localhost:7000/randomRequest,622,0,0
1676158027453,1129,HTTP Request,200,,Thread-Gruppe  1-37,text,true,,492,129,100,100,http://localhost:7000/randomRequest,1129,0,0
1676158027583,1026,HTTP Request,200,,Thread-Gruppe  1-47,text,true,,490,129,100,100,http://localhost:7000/randomRequest,1026,0,1
1676158027526,1096,HTTP Request,200,,Thread-Gruppe  1-29,text,true,,536,129,100,100,http://localhost:7000/randomRequest,1096,0,0
1676158027830,802,HTTP Request,200,,Thread-Gruppe  1-26,text,true,,644,129,100,100,http://localhost:7000/randomRequest,802,0,0
1676158028120,516,HTTP Request,200,,Thread-Gruppe  1-64,text,true,,488,129,100,100,http://localhost:7000/randomRequest,516,0,1
1676158027913,726,HTTP Request,200,,Thread-Gruppe  1-27,text,true,,419,129,100,100,http://localhost:7000/randomRequest,726,0,0
1676158027451,1199,HTTP Request,200,,Thread-Gruppe  1-42,text,true,,537,129,100,100,http://localhost:7000/randomRequest,1199,0,1
1676158028010,640,HTTP Request,200,,Thread-Gruppe  1-82,text,true,,417,129,100,100,http://localhost:7000/randomRequest,640,0,0
1676158027726,934,HTTP Request,200,,Thread-Gruppe  1-62,text,true,,418,129,100,100,http://localhost:7000/randomRequest,934,0,0
1676158027630,1030,HTTP Request,200,,Thread-Gruppe  1-70,text,true,,419,129,100,100,http://localhost:7000/randomRequest,1030,0,1
1676158027420,1245,HTTP Request,200,,Thread-Gruppe  1-8,text,true,,402,129,100,100,http://localhost:7000/randomRequest,1245,0,1
1676158028120,545,HTTP Request,200,,Thread-Gruppe  1-85,text,true,,417,129,100,100,http://localhost:7000/randomRequest,545,0,1
1676158028046,619,HTTP Request,200,,Thread-Gruppe  1-5,text,true,,419,129,100,100,http://localhost:7000/randomRequest,619,0,0
1676158027637,1028,HTTP Request,200,,Thread-Gruppe  1-13,text,true,,415,129,100,100,http://localhost:7000/randomRequest,1028,0,0
1676158027957,720,HTTP Request,200,,Thread-Gruppe  1-1,text,true,,565,129,100,100,http://localhost:7000/randomRequest,720,0,0
1676158027451,1226,HTTP Request,200,,Thread-Gruppe  1-30,text,true,,526,129,100,100,http://localhost:7000/randomRequest,1226,0,1
1676158027376,1306,HTTP Request,200,,Thread-Gruppe  1-54,text,true,,633,129,100,100,http://localhost:7000/randomRequest,1306,0,0
1676158027960,726,HTTP Request,200,,Thread-Gruppe  1-9,text,true,,414,129,100,100,http://localhost:7000/randomRequest,726,0,0
1676158028059,627,HTTP Request,200,,Thread-Gruppe  1-77,text,true,,488,129,100,100,http://localhost:7000/randomRequest,627,0,1
1676158027970,716,HTTP Request,200,,Thread-Gruppe  1-41,text,true,,492,129,100,100,http://localhost:7000/randomRequest,716,0,0
1676158027970,723,HTTP Request,200,,Thread-Gruppe  1-33,text,true,,549,129,100,100,http://localhost:7000/randomRequest,723,0,0
1676158028062,637,HTTP Request,200,,Thread-Gruppe  1-59,text,true,,417,129,100,100,http://localhost:7000/randomRequest,637,0,0
1676158028093,617,HTTP Request,200,,Thread-Gruppe  1-90,text,true,,419,129,100,100,http://localhost:7000/randomRequest,617,0,0
1676158028525,205,HTTP Request,200,,Thread-Gruppe  1-56,text,true,,490,129,100,100,http://localhost:7000/randomRequest,205,0,1
1676158027702,1028,HTTP Request,200,,Thread-Gruppe  1-12,text,true,,565,129,100,100,http://localhost:7000/randomRequest,1028,0,1
1676158028027,727,HTTP Request,200,,Thread-Gruppe  1-68,text,true,,530,129,100,100,http://localhost:7000/randomRequest,727,0,0
1676158028043,723,HTTP Request,200,,Thread-Gruppe  1-78,text,true,,550,129,100,100,http://localhost:7000/randomRequest,723,0,0
1676158028060,723,HTTP Request,200,,Thread-Gruppe  1-81,text,true,,486,129,100,100,http://localhost:7000/randomRequest,723,0,0
1676158028263,520,HTTP Request,200,,Thread-Gruppe  1-91,text,true,,492,129,100,100,http://localhost:7000/randomRequest,520,0,1
1676158027790,1000,HTTP Request,200,,Thread-Gruppe  1-88,text,true,,633,129,100,100,http://localhost:7000/randomRequest,1000,0,0
1676158027770,1024,HTTP Request,200,,Thread-Gruppe  1-73,text,true,,403,129,100,100,http://localhost:7000/randomRequest,1024,0,0
1676158027752,1090,HTTP Request,200,,Thread-Gruppe  1-20,text,true,,541,129,100,100,http://localhost:7000/randomRequest,1090,0,0
1676158028330,513,HTTP Request,200,,Thread-Gruppe  1-93,text,true,,401,129,100,100,http://localhost:7000/randomRequest,513,0,0
1676158028039,830,HTTP Request,200,,Thread-Gruppe  1-6,text,true,,562,129,100,100,http://localhost:7000/randomRequest,829,0,1
1676158027943,931,HTTP Request,200,,Thread-Gruppe  1-40,text,true,,490,129,100,100,http://localhost:7000/randomRequest,931,0,0
1676158028254,620,HTTP Request,200,,Thread-Gruppe  1-7,text,true,,547,129,100,100,http://localhost:7000/randomRequest,620,0,1
1676158027669,1215,HTTP Request,200,,Thread-Gruppe  1-25,text,true,,527,129,100,100,http://localhost:7000/randomRequest,1215,0,0
1676158028469,415,HTTP Request,200,,Thread-Gruppe  1-34,text,true,,414,129,100,100,http://localhost:7000/randomRequest,415,0,0
1676158028062,822,HTTP Request,200,,Thread-Gruppe  1-3,text,true,,485,129,100,100,http://localhost:7000/randomRequest,822,0,0
1676158028071,819,HTTP Request,200,,Thread-Gruppe  1-72,text,true,,403,129,100,100,http://localhost:7000/randomRequest,819,0,0
1676158028382,512,HTTP Request,200,,Thread-Gruppe  1-96,text,true,,419,129,100,100,http://localhost:7000/randomRequest,512,0,1
1676158027420,1536,HTTP Request,200,,Thread-Gruppe  1-43,text,true,,633,129,100,100,http://localhost:7000/randomRequest,1536,0,1
1676158027523,1449,HTTP Request,200,,Thread-Gruppe  1-21,text,true,,481,129,100,100,http://localhost:7000/randomRequest,1449,0,1
1676158028144,828,HTTP Request,200,,Thread-Gruppe  1-32,text,true,,492,129,100,100,http://localhost:7000/randomRequest,828,0,1
1676158028253,724,HTTP Request,200,,Thread-Gruppe  1-75,text,true,,490,129,100,100,http://localhost:7000/randomRequest,724,0,1
1676158028039,938,HTTP Request,200,,Thread-Gruppe  1-22,text,true,,488,129,100,100,http://localhost:7000/randomRequest,938,0,1
1676158028166,826,HTTP Request,200,,Thread-Gruppe  1-55,text,true,,492,129,100,100,http://localhost:7000/randomRequest,826,0,0
1676158028390,617,HTTP Request,200,,Thread-Gruppe  1-65,text,true,,481,129,100,100,http://localhost:7000/randomRequest,617,0,0
1676158028314,717,HTTP Request,200,,Thread-Gruppe  1-80,text,true,,550,129,100,100,http://localhost:7000/randomRequest,717,0,0
1676158028330,722,HTTP Request,200,,Thread-Gruppe  1-50,text,true,,492,129,100,100,http://localhost:7000/randomRequest,722,0,0
1676158028636,429,HTTP Request,200,,Thread-Gruppe  1-64,text,true,,417,129,100,100,http://localhost:7000/randomRequest,429,0,0
1676158028343,722,HTTP Request,200,,Thread-Gruppe  1-46,text,true,,557,129,100,100,http://localhost:7000/randomRequest,722,0,1
1676158028455,619,HTTP Request,200,,Thread-Gruppe  1-61,text,true,,492,129,100,100,http://localhost:7000/randomRequest,619,0,0
1676158027943,1137,HTTP Request,200,,Thread-Gruppe  1-16,text,true,,492,129,100,100,http://localhost:7000/randomRequest,1137,0,0
1676158028376,718,HTTP Request,200,,Thread-Gruppe  1-52,text,true,,419,129,100,100,http://localhost:7000/randomRequest,718,0,0
1676158028376,718,HTTP Request,200,,Thread-Gruppe  1-71,text,true,,481,129,100,100,http://localhost:7000/randomRequest,718,0,0
1676158028582,512,HTTP Request,200,,Thread-Gruppe  1-79,text,true,,559,129,100,100,http://localhost:7000/randomRequest,512,0,0
1676158028794,305,HTTP Request,200,,Thread-Gruppe  1-73,text,true,,492,129,100,100,http://localhost:7000/randomRequest,305,0,0
1676158028318,781,HTTP Request,200,,Thread-Gruppe  1-14,text,true,,481,129,100,100,http://localhost:7000/randomRequest,781,0,1
1676158027790,1328,HTTP Request,200,,Thread-Gruppe  1-87,text,true,,541,129,100,100,http://localhost:7000/randomRequest,1328,0,0
1676158028093,1025,HTTP Request,200,,Thread-Gruppe  1-11,text,true,,492,129,100,100,http://localhost:7000/randomRequest,1025,0,0
1676158028040,1087,HTTP Request,200,,Thread-Gruppe  1-99,text,true,,643,129,100,100,http://localhost:7000/randomRequest,1087,0,0
1676158028105,1022,HTTP Request,200,,Thread-Gruppe  1-66,text,true,,492,129,100,100,http://localhost:7000/randomRequest,1022,0,1
1676158028418,714,HTTP Request,200,,Thread-Gruppe  1-19,text,true,,555,129,100,100,http://localhost:7000/randomRequest,714,0,1
1676158028110,1024,HTTP Request,200,,Thread-Gruppe  1-97,text,true,,492,129,100,100,http://localhost:7000/randomRequest,1024,0,0
1676158027637,1515,HTTP Request,200,,Thread-Gruppe  1-38,text,true,,537,129,100,100,http://localhost:7000/randomRequest,1515,0,0
1676158028650,518,HTTP Request,200,,Thread-Gruppe  1-42,text,true,,554,129,100,100,http://localhost:7000/randomRequest,518,0,0
1676158028350,824,HTTP Request,200,,Thread-Gruppe  1-45,text,true,,489,129,100,100,http://localhost:7000/randomRequest,824,0,1
1676158028350,824,HTTP Request,200,,Thread-Gruppe  1-4,text,true,,561,129,100,100,http://localhost:7000/randomRequest,824,0,1
1676158028255,935,HTTP Request,200,,Thread-Gruppe  1-36,text,true,,550,129,100,100,http://localhost:7000/randomRequest,935,0,3
1676158028255,939,HTTP Request,200,,Thread-Gruppe  1-28,text,true,,419,129,100,100,http://localhost:7000/randomRequest,939,0,3
1676158028049,1145,HTTP Request,200,,Thread-Gruppe  1-44,text,true,,557,129,100,100,http://localhost:7000/randomRequest,1145,0,0
1676158028279,923,HTTP Request,200,,Thread-Gruppe  1-53,text,true,,419,129,100,100,http://localhost:7000/randomRequest,923,0,0
1676158028399,821,HTTP Request,200,,Thread-Gruppe  1-94,text,true,,403,129,100,100,http://localhost:7000/randomRequest,821,0,0
1676158028502,718,HTTP Request,200,,Thread-Gruppe  1-60,text,true,,488,129,100,100,http://localhost:7000/randomRequest,718,0,0
1676158028459,823,HTTP Request,200,,Thread-Gruppe  1-18,text,true,,559,129,100,100,http://localhost:7000/randomRequest,823,0,0
1676158028665,617,HTTP Request,200,,Thread-Gruppe  1-85,text,true,,547,129,100,100,http://localhost:7000/randomRequest,617,0,1
1676158028569,719,HTTP Request,200,,Thread-Gruppe  1-24,text,true,,416,129,100,100,http://localhost:7000/randomRequest,719,0,0
1676158028678,616,HTTP Request,200,,Thread-Gruppe  1-30,text,true,,419,129,100,100,http://localhost:7000/randomRequest,616,0,0
1676158028582,713,HTTP Request,200,,Thread-Gruppe  1-37,text,true,,416,129,100,100,http://localhost:7000/randomRequest,713,0,0
1676157999266,30031,HTTP Request,500,,Thread-Gruppe  1-83,text,false,,258,129,100,100,http://localhost:7000/randomRequest,30030,0,0
1676158028166,1149,HTTP Request,200,,Thread-Gruppe  1-84,text,true,,581,129,100,100,http://localhost:7000/randomRequest,1149,0,0
1676158028730,613,HTTP Request,200,,Thread-Gruppe  1-12,text,true,,550,129,100,100,http://localhost:7000/randomRequest,613,0,1
1676158027526,1817,HTTP Request,200,,Thread-Gruppe  1-23,text,true,,525,129,100,100,http://localhost:7000/randomRequest,1817,0,0
1676158027618,1736,HTTP Request,200,,Thread-Gruppe  1-67,text,true,,486,129,100,100,http://localhost:7000/randomRequest,1736,0,1
1676158027840,1516,HTTP Request,200,,Thread-Gruppe  1-2,text,true,,535,129,100,100,http://localhost:7000/randomRequest,1516,0,0
1676158028842,514,HTTP Request,200,,Thread-Gruppe  1-20,text,true,,563,129,100,100,http://localhost:7000/randomRequest,514,0,1
1676158028469,887,HTTP Request,200,,Thread-Gruppe  1-89,text,true,,643,129,100,100,http://localhost:7000/randomRequest,887,0,0
1676158029152,204,HTTP Request,200,,Thread-Gruppe  1-38,text,true,,419,129,100,100,http://localhost:7000/randomRequest,204,0,0
1676158029074,306,HTTP Request,200,,Thread-Gruppe  1-61,text,true,,492,129,100,100,http://localhost:7000/randomRequest,306,0,1
1676158028382,1027,HTTP Request,200,,Thread-Gruppe  1-95,text,true,,403,129,100,100,http://localhost:7000/randomRequest,1027,0,1
1676158028484,925,HTTP Request,200,,Thread-Gruppe  1-86,text,true,,488,129,100,100,http://localhost:7000/randomRequest,925,0,1
1676158028193,1231,HTTP Request,200,,Thread-Gruppe  1-76,text,true,,527,129,100,100,http://localhost:7000/randomRequest,1231,0,1
1676158028783,641,HTTP Request,200,,Thread-Gruppe  1-91,text,true,,417,129,100,100,http://localhost:7000/randomRequest,641,0,0
1676158028538,895,HTTP Request,200,,Thread-Gruppe  1-51,text,true,,491,129,100,100,http://localhost:7000/randomRequest,895,0,0
1676158028622,820,HTTP Request,200,,Thread-Gruppe  1-29,text,true,,403,129,100,100,http://localhost:7000/randomRequest,820,0,1
1676158028632,823,HTTP Request,200,,Thread-Gruppe  1-26,text,true,,419,129,100,100,http://localhost:7000/randomRequest,823,0,0
1676158028639,822,HTTP Request,200,,Thread-Gruppe  1-27,text,true,,492,129,100,100,http://localhost:7000/randomRequest,822,0,1
1676158028355,1123,HTTP Request,200,,Thread-Gruppe  1-35,text,true,,633,129,100,100,http://localhost:7000/randomRequest,1123,0,0
1676158028660,822,HTTP Request,200,,Thread-Gruppe  1-62,text,true,,419,129,100,100,http://localhost:7000/randomRequest,822,0,1
1676158028665,821,HTTP Request,200,,Thread-Gruppe  1-5,text,true,,550,129,100,100,http://localhost:7000/randomRequest,821,0,1
1676158028665,829,HTTP Request,200,,Thread-Gruppe  1-8,text,true,,546,129,100,100,http://localhost:7000/randomRequest,829,0,1
1676158028686,817,HTTP Request,200,,Thread-Gruppe  1-77,text,true,,492,129,100,100,http://localhost:7000/randomRequest,817,0,0
1676158029128,378,HTTP Request,200,,Thread-Gruppe  1-66,text,true,,633,129,100,100,http://localhost:7000/randomRequest,378,0,0
1676158028884,637,HTTP Request,200,,Thread-Gruppe  1-3,text,true,,417,129,100,100,http://localhost:7000/randomRequest,637,0,0
1676158029007,514,HTTP Request,200,,Thread-Gruppe  1-65,text,true,,570,129,100,100,http://localhost:7000/randomRequest,514,0,0
1676158028569,1021,HTTP Request,200,,Thread-Gruppe  1-74,text,true,,492,129,100,100,http://localhost:7000/randomRequest,1021,0,0
1676158028790,816,HTTP Request,200,,Thread-Gruppe  1-88,text,true,,492,129,100,100,http://localhost:7000/randomRequest,816,0,0
1676158029099,513,HTTP Request,200,,Thread-Gruppe  1-14,text,true,,543,129,100,100,http://localhost:7000/randomRequest,513,0,0
1676158028693,925,HTTP Request,200,,Thread-Gruppe  1-33,text,true,,490,129,100,100,http://localhost:7000/randomRequest,925,0,1
1676158029315,308,HTTP Request,200,,Thread-Gruppe  1-84,text,true,,562,129,100,100,http://localhost:7000/randomRequest,308,0,1
1676158028710,926,HTTP Request,200,,Thread-Gruppe  1-90,text,true,,417,129,100,100,http://localhost:7000/randomRequest,926,0,1
1676158028730,916,HTTP Request,200,,Thread-Gruppe  1-56,text,true,,492,129,100,100,http://localhost:7000/randomRequest,916,0,1
1676158028844,817,HTTP Request,200,,Thread-Gruppe  1-93,text,true,,487,129,100,100,http://localhost:7000/randomRequest,817,0,0
1676158028427,1234,HTTP Request,200,,Thread-Gruppe  1-10,text,true,,489,129,100,100,http://localhost:7000/randomRequest,1234,0,0
1676158029065,617,HTTP Request,200,,Thread-Gruppe  1-46,text,true,,419,129,100,100,http://localhost:7000/randomRequest,617,0,1
1676158028972,712,HTTP Request,200,,Thread-Gruppe  1-32,text,true,,489,129,100,100,http://localhost:7000/randomRequest,712,0,0
1676158028874,820,HTTP Request,200,,Thread-Gruppe  1-40,text,true,,492,129,100,100,http://localhost:7000/randomRequest,820,0,0
1676158028874,821,HTTP Request,200,,Thread-Gruppe  1-7,text,true,,561,129,100,100,http://localhost:7000/randomRequest,821,0,0
1676158028890,816,HTTP Request,200,,Thread-Gruppe  1-72,text,true,,403,129,100,100,http://localhost:7000/randomRequest,816,0,1
1676158028665,1046,HTTP Request,200,,Thread-Gruppe  1-13,text,true,,546,129,100,100,http://localhost:7000/randomRequest,1046,0,1
1676158028686,1025,HTTP Request,200,,Thread-Gruppe  1-41,text,true,,647,129,100,100,http://localhost:7000/randomRequest,1025,0,0
1676158029099,618,HTTP Request,200,,Thread-Gruppe  1-73,text,true,,566,129,100,100,http://localhost:7000/randomRequest,618,0,0
1676158029202,519,HTTP Request,200,,Thread-Gruppe  1-53,text,true,,418,129,100,100,http://localhost:7000/randomRequest,519,0,0
1676158029118,607,HTTP Request,200,,Thread-Gruppe  1-11,text,true,,554,129,100,100,http://localhost:7000/randomRequest,607,0,1
1676158029128,611,HTTP Request,200,,Thread-Gruppe  1-99,text,true,,419,129,100,100,http://localhost:7000/randomRequest,611,0,0
1676158028330,1420,HTTP Request,200,,Thread-Gruppe  1-58,text,true,,647,129,100,100,http://localhost:7000/randomRequest,1420,0,0
1676158029031,730,HTTP Request,200,,Thread-Gruppe  1-80,text,true,,490,129,100,100,http://localhost:7000/randomRequest,730,0,0
1676158029065,717,HTTP Request,200,,Thread-Gruppe  1-64,text,true,,545,129,100,100,http://localhost:7000/randomRequest,717,0,1
1676158028977,818,HTTP Request,200,,Thread-Gruppe  1-75,text,true,,492,129,100,100,http://localhost:7000/randomRequest,818,0,0
1676158028977,818,HTTP Request,200,,Thread-Gruppe  1-22,text,true,,419,129,100,100,http://localhost:7000/randomRequest,818,0,0
1676158029095,720,HTTP Request,200,,Thread-Gruppe  1-52,text,true,,490,129,100,100,http://localhost:7000/randomRequest,720,0,0
1676158028682,1133,HTTP Request,200,,Thread-Gruppe  1-54,text,true,,647,129,100,100,http://localhost:7000/randomRequest,1133,0,0
1676158028884,944,HTTP Request,200,,Thread-Gruppe  1-25,text,true,,693,129,100,100,http://localhost:7000/randomRequest,944,0,0
1676158028609,1236,HTTP Request,200,,Thread-Gruppe  1-47,text,true,,485,129,100,100,http://localhost:7000/randomRequest,1236,0,0
1676158029134,731,HTTP Request,200,,Thread-Gruppe  1-97,text,true,,485,129,100,100,http://localhost:7000/randomRequest,731,0,0
1676158029356,512,HTTP Request,200,,Thread-Gruppe  1-89,text,true,,564,129,100,100,http://localhost:7000/randomRequest,512,0,0
1676158028972,906,HTTP Request,200,,Thread-Gruppe  1-21,text,true,,641,129,100,100,http://localhost:7000/randomRequest,906,0,0
1676158028956,931,HTTP Request,200,,Thread-Gruppe  1-43,text,true,,546,129,100,100,http://localhost:7000/randomRequest,931,0,0
1676158028678,1232,HTTP Request,200,,Thread-Gruppe  1-1,text,true,,492,129,100,100,http://localhost:7000/randomRequest,1232,0,0
1676158029195,715,HTTP Request,200,,Thread-Gruppe  1-44,text,true,,559,129,100,100,http://localhost:7000/randomRequest,715,0,0
1676158029194,725,HTTP Request,200,,Thread-Gruppe  1-28,text,true,,402,129,100,100,http://localhost:7000/randomRequest,725,0,0
1676158028992,931,HTTP Request,200,,Thread-Gruppe  1-55,text,true,,486,129,100,100,http://localhost:7000/randomRequest,931,0,0
1676158029424,508,HTTP Request,200,,Thread-Gruppe  1-76,text,true,,567,129,100,100,http://localhost:7000/randomRequest,508,0,1
1676158029442,514,HTTP Request,200,,Thread-Gruppe  1-29,text,true,,419,129,100,100,http://localhost:7000/randomRequest,514,0,0
1676158028754,1214,HTTP Request,200,,Thread-Gruppe  1-68,text,true,,527,129,100,100,http://localhost:7000/randomRequest,1214,0,0
1676158029461,508,HTTP Request,200,,Thread-Gruppe  1-27,text,true,,418,129,100,100,http://localhost:7000/randomRequest,508,0,0
1676158029356,617,HTTP Request,200,,Thread-Gruppe  1-2,text,true,,485,129,100,100,http://localhost:7000/randomRequest,617,0,0
1676158029095,894,HTTP Request,200,,Thread-Gruppe  1-79,text,true,,479,129,100,100,http://localhost:7000/randomRequest,894,0,0
1676158028783,1206,HTTP Request,200,,Thread-Gruppe  1-81,text,true,,527,129,100,100,http://localhost:7000/randomRequest,1206,0,0
1676158028894,1102,HTTP Request,200,,Thread-Gruppe  1-96,text,true,,527,129,100,100,http://localhost:7000/randomRequest,1102,0,0
1676158029282,714,HTTP Request,200,,Thread-Gruppe  1-18,text,true,,554,129,100,100,http://localhost:7000/randomRequest,714,0,0
1676158028766,1230,HTTP Request,200,,Thread-Gruppe  1-78,text,true,,546,129,100,100,http://localhost:7000/randomRequest,1230,0,0
1676158029190,821,HTTP Request,200,,Thread-Gruppe  1-36,text,true,,563,129,100,100,http://localhost:7000/randomRequest,821,0,0
1676158029297,724,HTTP Request,200,,Thread-Gruppe  1-83,text,true,,403,129,100,100,http://localhost:7000/randomRequest,724,0,0
1676158029294,728,HTTP Request,200,,Thread-Gruppe  1-30,text,true,,550,129,100,100,http://localhost:7000/randomRequest,728,0,0
1676158029506,519,HTTP Request,200,,Thread-Gruppe  1-66,text,true,,566,129,100,100,http://localhost:7000/randomRequest,519,0,0
1676158029118,930,HTTP Request,200,,Thread-Gruppe  1-87,text,true,,1348,129,100,100,http://localhost:7000/randomRequest,930,0,1
1676158029521,527,HTTP Request,200,,Thread-Gruppe  1-65,text,true,,419,129,100,100,http://localhost:7000/randomRequest,527,0,0
1676158028650,1444,HTTP Request,200,,Thread-Gruppe  1-82,text,true,,490,129,100,100,http://localhost:7000/randomRequest,1444,0,0
1676158028884,1210,HTTP Request,200,,Thread-Gruppe  1-34,text,true,,631,129,100,100,http://localhost:7000/randomRequest,1210,0,0
1676158029494,602,HTTP Request,200,,Thread-Gruppe  1-8,text,true,,492,129,100,100,http://localhost:7000/randomRequest,602,0,1
1676158029288,808,HTTP Request,200,,Thread-Gruppe  1-24,text,true,,419,129,100,100,http://localhost:7000/randomRequest,808,0,1
1676158029080,1021,HTTP Request,200,,Thread-Gruppe  1-16,text,true,,492,129,100,100,http://localhost:7000/randomRequest,1021,0,0
1676158029482,619,HTTP Request,200,,Thread-Gruppe  1-62,text,true,,419,129,100,100,http://localhost:7000/randomRequest,619,0,0
1676158029694,407,HTTP Request,200,,Thread-Gruppe  1-40,text,true,,555,129,100,100,http://localhost:7000/randomRequest,407,0,1
1676158029711,412,HTTP Request,200,,Thread-Gruppe  1-13,text,true,,419,129,100,100,http://localhost:7000/randomRequest,412,0,1
1676158029095,1028,HTTP Request,200,,Thread-Gruppe  1-71,text,true,,492,129,100,100,http://localhost:7000/randomRequest,1028,0,0
1676158029618,518,HTTP Request,200,,Thread-Gruppe  1-33,text,true,,478,129,100,100,http://localhost:7000/randomRequest,518,0,1
1676158029220,916,HTTP Request,200,,Thread-Gruppe  1-94,text,true,,487,129,100,100,http://localhost:7000/randomRequest,916,0,0
1676158029740,405,HTTP Request,200,,Thread-Gruppe  1-99,text,true,,550,129,100,100,http://localhost:7000/randomRequest,405,0,0
1676158029344,825,HTTP Request,200,,Thread-Gruppe  1-12,text,true,,492,129,100,100,http://localhost:7000/randomRequest,825,0,0
1676158028660,1509,HTTP Request,200,,Thread-Gruppe  1-70,text,true,,527,129,100,100,http://localhost:7000/randomRequest,1509,0,1
1676158029344,825,HTTP Request,200,,Thread-Gruppe  1-23,text,true,,490,129,100,100,http://localhost:7000/randomRequest,825,0,0
1676158029455,720,HTTP Request,200,,Thread-Gruppe  1-26,text,true,,548,129,100,100,http://localhost:7000/randomRequest,720,0,0
1676158029356,819,HTTP Request,200,,Thread-Gruppe  1-20,text,true,,492,129,100,100,http://localhost:7000/randomRequest,819,0,0
1676158029174,1031,HTTP Request,200,,Thread-Gruppe  1-45,text,true,,492,129,100,100,http://localhost:7000/randomRequest,1031,0,1
1676158029684,521,HTTP Request,200,,Thread-Gruppe  1-32,text,true,,554,129,100,100,http://localhost:7000/randomRequest,521,0,1
1676158029380,847,HTTP Request,200,,Thread-Gruppe  1-61,text,true,,678,129,100,100,http://localhost:7000/randomRequest,847,0,1
1676158029169,1060,HTTP Request,200,,Thread-Gruppe  1-42,text,true,,557,129,100,100,http://localhost:7000/randomRequest,1060,0,0
1676158029409,824,HTTP Request,200,,Thread-Gruppe  1-86,text,true,,419,129,100,100,http://localhost:7000/randomRequest,824,0,0
1676158028699,1541,HTTP Request,200,,Thread-Gruppe  1-59,text,true,,541,129,100,100,http://localhost:7000/randomRequest,1541,0,0
1676158028686,1554,HTTP Request,200,,Thread-Gruppe  1-9,text,true,,539,129,100,100,http://localhost:7000/randomRequest,1554,0,0
1676158029726,514,HTTP Request,200,,Thread-Gruppe  1-11,text,true,,416,129,100,100,http://localhost:7000/randomRequest,514,0,0
1676158029646,619,HTTP Request,200,,Thread-Gruppe  1-56,text,true,,419,129,100,100,http://localhost:7000/randomRequest,619,0,1
1676158029878,412,HTTP Request,200,,Thread-Gruppe  1-21,text,true,,415,129,100,100,http://localhost:7000/randomRequest,412,0,1
1676158029486,820,HTTP Request,200,,Thread-Gruppe  1-5,text,true,,492,129,100,100,http://localhost:7000/randomRequest,820,0,1
1676158029590,716,HTTP Request,200,,Thread-Gruppe  1-74,text,true,,419,129,100,100,http://localhost:7000/randomRequest,716,0,0
1676158029606,724,HTTP Request,200,,Thread-Gruppe  1-88,text,true,,419,129,100,100,http://localhost:7000/randomRequest,724,0,1
1676158029409,926,HTTP Request,200,,Thread-Gruppe  1-95,text,true,,492,129,100,100,http://localhost:7000/randomRequest,926,0,0
1676158029623,720,HTTP Request,200,,Thread-Gruppe  1-84,text,true,,419,129,100,100,http://localhost:7000/randomRequest,720,0,1
1676158029295,1048,HTTP Request,200,,Thread-Gruppe  1-37,text,true,,565,129,100,100,http://localhost:7000/randomRequest,1048,0,0
1676158029612,731,HTTP Request,200,,Thread-Gruppe  1-14,text,true,,552,129,100,100,http://localhost:7000/randomRequest,731,0,1
1676158030048,312,HTTP Request,200,,Thread-Gruppe  1-65,text,true,,419,129,100,100,http://localhost:7000/randomRequest,312,0,0
1676158028869,1513,HTTP Request,200,,Thread-Gruppe  1-6,text,true,,527,129,100,100,http://localhost:7000/randomRequest,1513,0,0
1676158029782,620,HTTP Request,200,,Thread-Gruppe  1-64,text,true,,492,129,100,100,http://localhost:7000/randomRequest,620,0,1
1676158029354,1055,HTTP Request,200,,Thread-Gruppe  1-67,text,true,,569,129,100,100,http://localhost:7000/randomRequest,1055,0,0
1676158029996,416,HTTP Request,200,,Thread-Gruppe  1-96,text,true,,419,129,100,100,http://localhost:7000/randomRequest,416,0,0
1676158029424,999,HTTP Request,200,,Thread-Gruppe  1-91,text,true,,631,129,100,100,http://localhost:7000/randomRequest,999,0,1
1676158029504,929,HTTP Request,200,,Thread-Gruppe  1-77,text,true,,403,129,100,100,http://localhost:7000/randomRequest,929,0,0
1676158029220,1213,HTTP Request,200,,Thread-Gruppe  1-60,text,true,,527,129,100,100,http://localhost:7000/randomRequest,1213,0,0
1676158029174,1259,HTTP Request,200,,Thread-Gruppe  1-4,text,true,,575,129,100,100,http://localhost:7000/randomRequest,1259,0,1
1676158029924,516,HTTP Request,200,,Thread-Gruppe  1-55,text,true,,419,129,100,100,http://localhost:7000/randomRequest,516,0,0
1676158029433,1012,HTTP Request,200,,Thread-Gruppe  1-51,text,true,,539,129,100,100,http://localhost:7000/randomRequest,1012,0,1
1676158029356,1101,HTTP Request,200,,Thread-Gruppe  1-38,text,true,,537,129,100,100,http://localhost:7000/randomRequest,1101,0,0
1676158029636,821,HTTP Request,200,,Thread-Gruppe  1-90,text,true,,485,129,100,100,http://localhost:7000/randomRequest,821,0,0
1676158029052,1405,HTTP Request,200,,Thread-Gruppe  1-50,text,true,,541,129,100,100,http://localhost:7000/randomRequest,1405,0,0
1676158029956,516,HTTP Request,200,,Thread-Gruppe  1-29,text,true,,488,129,100,100,http://localhost:7000/randomRequest,516,0,0
1676158029761,718,HTTP Request,200,,Thread-Gruppe  1-80,text,true,,2147,129,100,100,http://localhost:7000/randomRequest,718,0,0
1676158029865,617,HTTP Request,200,,Thread-Gruppe  1-97,text,true,,538,129,100,100,http://localhost:7000/randomRequest,617,0,0
1676158029282,1203,HTTP Request,200,,Thread-Gruppe  1-85,text,true,,526,129,100,100,http://localhost:7000/randomRequest,1203,0,0
1676158029521,1024,HTTP Request,200,,Thread-Gruppe  1-3,text,true,,403,129,100,100,http://localhost:7000/randomRequest,1024,0,0
1676158029132,1414,HTTP Request,200,,Thread-Gruppe  1-19,text,true,,541,129,100,100,http://localhost:7000/randomRequest,1414,0,0
1676158029695,890,HTTP Request,200,,Thread-Gruppe  1-7,text,true,,647,129,100,100,http://localhost:7000/randomRequest,890,0,1
1676158029969,621,HTTP Request,200,,Thread-Gruppe  1-27,text,true,,419,129,100,100,http://localhost:7000/randomRequest,621,0,0
1676158029868,722,HTTP Request,200,,Thread-Gruppe  1-89,text,true,,416,129,100,100,http://localhost:7000/randomRequest,722,0,1
1676158029706,889,HTTP Request,200,,Thread-Gruppe  1-72,text,true,,633,129,100,100,http://localhost:7000/randomRequest,889,0,0
1676158029990,616,HTTP Request,200,,Thread-Gruppe  1-81,text,true,,417,129,100,100,http://localhost:7000/randomRequest,616,0,0
1676158030097,516,HTTP Request,200,,Thread-Gruppe  1-8,text,true,,416,129,100,100,http://localhost:7000/randomRequest,516,0,0
1676158029910,722,HTTP Request,200,,Thread-Gruppe  1-44,text,true,,492,129,100,100,http://localhost:7000/randomRequest,722,0,0
1676158029910,722,HTTP Request,200,,Thread-Gruppe  1-1,text,true,,416,129,100,100,http://localhost:7000/randomRequest,722,0,0
1676158029478,1154,HTTP Request,200,,Thread-Gruppe  1-35,text,true,,474,129,100,100,http://localhost:7000/randomRequest,1154,0,0
1676158029712,920,HTTP Request,200,,Thread-Gruppe  1-41,text,true,,643,129,100,100,http://localhost:7000/randomRequest,920,0,0
1676158029815,824,HTTP Request,200,,Thread-Gruppe  1-52,text,true,,552,129,100,100,http://localhost:7000/randomRequest,824,0,1
1676158030025,621,HTTP Request,200,,Thread-Gruppe  1-66,text,true,,419,129,100,100,http://localhost:7000/randomRequest,621,0,1
1676158029722,930,HTTP Request,200,,Thread-Gruppe  1-53,text,true,,553,129,100,100,http://localhost:7000/randomRequest,930,0,0
1676158029845,814,HTTP Request,200,,Thread-Gruppe  1-47,text,true,,402,129,100,100,http://localhost:7000/randomRequest,814,0,0
1676158029682,995,HTTP Request,200,,Thread-Gruppe  1-46,text,true,,633,129,100,100,http://localhost:7000/randomRequest,995,0,0
1676158030094,613,HTTP Request,200,,Thread-Gruppe  1-82,text,true,,544,129,100,100,http://localhost:7000/randomRequest,613,0,1
1676158029973,755,HTTP Request,200,,Thread-Gruppe  1-2,text,true,,560,129,100,100,http://localhost:7000/randomRequest,755,0,0
1676158029919,823,HTTP Request,200,,Thread-Gruppe  1-28,text,true,,478,129,100,100,http://localhost:7000/randomRequest,823,0,1
1676158029815,927,HTTP Request,200,,Thread-Gruppe  1-54,text,true,,528,129,100,100,http://localhost:7000/randomRequest,927,0,1
1676158030123,619,HTTP Request,200,,Thread-Gruppe  1-71,text,true,,401,129,100,100,http://localhost:7000/randomRequest,619,0,0
1676158030136,616,HTTP Request,200,,Thread-Gruppe  1-94,text,true,,419,129,100,100,http://localhost:7000/randomRequest,616,0,0
1676158029932,820,HTTP Request,200,,Thread-Gruppe  1-76,text,true,,403,129,100,100,http://localhost:7000/randomRequest,820,0,0
1676158030169,611,HTTP Request,200,,Thread-Gruppe  1-12,text,true,,417,129,100,100,http://localhost:7000/randomRequest,611,0,1
1676158029796,1000,HTTP Request,200,,Thread-Gruppe  1-75,text,true,,644,129,100,100,http://localhost:7000/randomRequest,1000,0,0
1676158030175,621,HTTP Request,200,,Thread-Gruppe  1-20,text,true,,556,129,100,100,http://localhost:7000/randomRequest,621,0,0
1676158030101,718,HTTP Request,200,,Thread-Gruppe  1-16,text,true,,492,129,100,100,http://localhost:7000/randomRequest,718,0,0
1676158030205,614,HTTP Request,200,,Thread-Gruppe  1-32,text,true,,419,129,100,100,http://localhost:7000/randomRequest,614,0,0
1676158030101,718,HTTP Request,200,,Thread-Gruppe  1-62,text,true,,485,129,100,100,http://localhost:7000/randomRequest,718,0,0
1676158030123,723,HTTP Request,200,,Thread-Gruppe  1-13,text,true,,403,129,100,100,http://localhost:7000/randomRequest,723,0,0
1676158030228,617,HTTP Request,200,,Thread-Gruppe  1-42,text,true,,488,129,100,100,http://localhost:7000/randomRequest,617,0,0
1676158030022,831,HTTP Request,200,,Thread-Gruppe  1-30,text,true,,488,129,100,100,http://localhost:7000/randomRequest,831,0,0
1676158030239,625,HTTP Request,200,,Thread-Gruppe  1-11,text,true,,549,129,100,100,http://localhost:7000/randomRequest,625,0,0
1676158029662,1234,HTTP Request,200,,Thread-Gruppe  1-93,text,true,,492,129,100,100,http://localhost:7000/randomRequest,1234,0,0
1676158030594,312,HTTP Request,200,,Thread-Gruppe  1-72,text,true,,418,129,100,100,http://localhost:7000/randomRequest,312,0,1
1676158029662,1254,HTTP Request,200,,Thread-Gruppe  1-10,text,true,,566,129,100,100,http://localhost:7000/randomRequest,1254,0,0
1676158030097,822,HTTP Request,200,,Thread-Gruppe  1-24,text,true,,553,129,100,100,http://localhost:7000/randomRequest,822,0,0
1676158030048,885,HTTP Request,200,,Thread-Gruppe  1-87,text,true,,495,129,100,100,http://localhost:7000/randomRequest,885,0,1
1676158030289,644,HTTP Request,200,,Thread-Gruppe  1-21,text,true,,549,129,100,100,http://localhost:7000/randomRequest,644,0,1
1676158030011,929,HTTP Request,200,,Thread-Gruppe  1-36,text,true,,418,129,100,100,http://localhost:7000/randomRequest,929,0,0
1676158030021,925,HTTP Request,200,,Thread-Gruppe  1-83,text,true,,401,129,100,100,http://localhost:7000/randomRequest,925,0,0
1676158030342,615,HTTP Request,200,,Thread-Gruppe  1-14,text,true,,489,129,100,100,http://localhost:7000/randomRequest,615,0,0
1676158030239,730,HTTP Request,200,,Thread-Gruppe  1-9,text,true,,485,129,100,100,http://localhost:7000/randomRequest,730,0,0
1676158029750,1236,HTTP Request,200,,Thread-Gruppe  1-58,text,true,,492,129,100,100,http://localhost:7000/randomRequest,1236,0,1
1676158029990,1003,HTTP Request,200,,Thread-Gruppe  1-79,text,true,,633,129,100,100,http://localhost:7000/randomRequest,1003,0,0
1676158029828,1191,HTTP Request,200,,Thread-Gruppe  1-25,text,true,,647,129,100,100,http://localhost:7000/randomRequest,1191,0,0
1676158030146,895,HTTP Request,200,,Thread-Gruppe  1-99,text,true,,638,129,100,100,http://localhost:7000/randomRequest,895,0,0
1676158029717,1324,HTTP Request,200,,Thread-Gruppe  1-73,text,true,,647,129,100,100,http://localhost:7000/randomRequest,1323,0,0
1676158030136,946,HTTP Request,200,,Thread-Gruppe  1-33,text,true,,417,129,100,100,http://localhost:7000/randomRequest,946,0,0
1676158029887,1203,HTTP Request,200,,Thread-Gruppe  1-43,text,true,,535,129,100,100,http://localhost:7000/randomRequest,1203,0,1
1676158029996,1100,HTTP Request,200,,Thread-Gruppe  1-78,text,true,,643,129,100,100,http://localhost:7000/randomRequest,1100,0,0
1676158030169,927,HTTP Request,200,,Thread-Gruppe  1-70,text,true,,492,129,100,100,http://localhost:7000/randomRequest,927,0,1
1676158030381,717,HTTP Request,200,,Thread-Gruppe  1-6,text,true,,547,129,100,100,http://localhost:7000/randomRequest,717,0,0
1676158029996,1120,HTTP Request,200,,Thread-Gruppe  1-18,text,true,,537,129,100,100,http://localhost:7000/randomRequest,1120,0,0
1676158030631,487,HTTP Request,200,,Thread-Gruppe  1-1,text,true,,523,129,100,100,http://localhost:7000/randomRequest,487,0,0
1676158030631,513,HTTP Request,200,,Thread-Gruppe  1-41,text,true,,419,129,100,100,http://localhost:7000/randomRequest,513,0,0
1676158030544,617,HTTP Request,200,,Thread-Gruppe  1-3,text,true,,488,129,100,100,http://localhost:7000/randomRequest,617,0,0
1676158030545,619,HTTP Request,200,,Thread-Gruppe  1-19,text,true,,419,129,100,100,http://localhost:7000/randomRequest,619,0,0
1676158030342,822,HTTP Request,200,,Thread-Gruppe  1-37,text,true,,419,129,100,100,http://localhost:7000/randomRequest,822,0,0
1676158030439,746,HTTP Request,200,,Thread-Gruppe  1-55,text,true,,668,129,100,100,http://localhost:7000/randomRequest,746,0,0
1676158030265,928,HTTP Request,200,,Thread-Gruppe  1-56,text,true,,419,129,100,100,http://localhost:7000/randomRequest,928,0,0
1676158030676,517,HTTP Request,200,,Thread-Gruppe  1-46,text,true,,564,129,100,100,http://localhost:7000/randomRequest,517,0,0
1676158030169,1027,HTTP Request,200,,Thread-Gruppe  1-23,text,true,,550,129,100,100,http://localhost:7000/randomRequest,1027,0,1
1676158030175,1032,HTTP Request,200,,Thread-Gruppe  1-26,text,true,,489,129,100,100,http://localhost:7000/randomRequest,1032,0,0
1676158030589,617,HTTP Request,200,,Thread-Gruppe  1-27,text,true,,418,129,100,100,http://localhost:7000/randomRequest,617,0,0
1676158029796,1411,HTTP Request,200,,Thread-Gruppe  1-22,text,true,,536,129,100,100,http://localhost:7000/randomRequest,1411,0,0
1676158030205,1014,HTTP Request,200,,Thread-Gruppe  1-45,text,true,,492,129,100,100,http://localhost:7000/randomRequest,1014,0,0
1676158030605,613,HTTP Request,200,,Thread-Gruppe  1-81,text,true,,565,129,100,100,http://localhost:7000/randomRequest,613,0,1
1676158030818,406,HTTP Request,200,,Thread-Gruppe  1-62,text,true,,485,129,100,100,http://localhost:7000/randomRequest,406,0,0
1676158030422,823,HTTP Request,200,,Thread-Gruppe  1-91,text,true,,415,129,100,100,http://localhost:7000/randomRequest,823,0,0
1676158030741,518,HTTP Request,200,,Thread-Gruppe  1-54,text,true,,418,129,100,100,http://localhost:7000/randomRequest,518,0,0
1676158030232,1027,HTTP Request,200,,Thread-Gruppe  1-86,text,true,,492,129,100,100,http://localhost:7000/randomRequest,1027,0,0
1676158029968,1312,HTTP Request,200,,Thread-Gruppe  1-68,text,true,,645,129,100,100,http://localhost:7000/randomRequest,1312,0,1
1676158030456,823,HTTP Request,200,,Thread-Gruppe  1-50,text,true,,490,129,100,100,http://localhost:7000/randomRequest,823,0,0
1676158030945,334,HTTP Request,200,,Thread-Gruppe  1-83,text,true,,661,129,100,100,http://localhost:7000/randomRequest,334,0,0
1676158030359,931,HTTP Request,200,,Thread-Gruppe  1-65,text,true,,549,129,100,100,http://localhost:7000/randomRequest,931,0,0
1676158030478,820,HTTP Request,200,,Thread-Gruppe  1-80,text,true,,492,129,100,100,http://localhost:7000/randomRequest,820,0,0
1676158030895,417,HTTP Request,200,,Thread-Gruppe  1-93,text,true,,419,129,100,100,http://localhost:7000/randomRequest,417,0,0
1676158030906,410,HTTP Request,200,,Thread-Gruppe  1-72,text,true,,419,129,100,100,http://localhost:7000/randomRequest,410,0,0
1676158030408,915,HTTP Request,200,,Thread-Gruppe  1-67,text,true,,565,129,100,100,http://localhost:7000/randomRequest,915,0,0
1676158030818,507,HTTP Request,200,,Thread-Gruppe  1-32,text,true,,418,129,100,100,http://localhost:7000/randomRequest,507,0,0
1676158030329,1023,HTTP Request,200,,Thread-Gruppe  1-88,text,true,,492,129,100,100,http://localhost:7000/randomRequest,1023,0,0
1676158030639,720,HTTP Request,200,,Thread-Gruppe  1-52,text,true,,488,129,100,100,http://localhost:7000/randomRequest,720,0,0
1676158030751,621,HTTP Request,200,,Thread-Gruppe  1-94,text,true,,419,129,100,100,http://localhost:7000/randomRequest,621,0,1
1676158030342,1031,HTTP Request,200,,Thread-Gruppe  1-84,text,true,,485,129,100,100,http://localhost:7000/randomRequest,1031,0,0
1676158030432,949,HTTP Request,200,,Thread-Gruppe  1-77,text,true,,417,129,100,100,http://localhost:7000/randomRequest,949,0,0
1676158030481,923,HTTP Request,200,,Thread-Gruppe  1-97,text,true,,485,129,100,100,http://localhost:7000/randomRequest,923,0,1
1676158030484,928,HTTP Request,200,,Thread-Gruppe  1-85,text,true,,492,129,100,100,http://localhost:7000/randomRequest,928,0,0
1676158030795,620,HTTP Request,200,,Thread-Gruppe  1-75,text,true,,490,129,100,100,http://localhost:7000/randomRequest,620,0,0
1676158030305,1118,HTTP Request,200,,Thread-Gruppe  1-74,text,true,,488,129,100,100,http://localhost:7000/randomRequest,1118,0,1
1676158030432,1022,HTTP Request,200,,Thread-Gruppe  1-60,text,true,,492,129,100,100,http://localhost:7000/randomRequest,1022,0,0
1676158030456,1000,HTTP Request,200,,Thread-Gruppe  1-90,text,true,,647,129,100,100,http://localhost:7000/randomRequest,1000,0,0
1676158030645,828,HTTP Request,200,,Thread-Gruppe  1-66,text,true,,419,129,100,100,http://localhost:7000/randomRequest,828,0,0
1676158001456,30019,HTTP Request,500,,Thread-Gruppe  1-100,text,false,,258,129,100,100,http://localhost:7000/randomRequest,30019,0,0
1676158030456,1023,HTTP Request,200,,Thread-Gruppe  1-38,text,true,,418,129,100,100,http://localhost:7000/randomRequest,1023,0,0
1676158030779,722,HTTP Request,200,,Thread-Gruppe  1-12,text,true,,403,129,100,100,http://localhost:7000/randomRequest,722,0,0
1676158030411,1109,HTTP Request,200,,Thread-Gruppe  1-96,text,true,,645,129,100,100,http://localhost:7000/randomRequest,1109,0,1
1676158030706,818,HTTP Request,200,,Thread-Gruppe  1-82,text,true,,492,129,100,100,http://localhost:7000/randomRequest,818,0,0
1676158030305,1219,HTTP Request,200,,Thread-Gruppe  1-5,text,true,,492,129,100,100,http://localhost:7000/randomRequest,1219,0,1
1676158030818,712,HTTP Request,200,,Thread-Gruppe  1-16,text,true,,554,129,100,100,http://localhost:7000/randomRequest,712,0,0
1676158030444,1102,HTTP Request,200,,Thread-Gruppe  1-51,text,true,,481,129,100,100,http://localhost:7000/randomRequest,1102,0,0
1676158030727,823,HTTP Request,200,,Thread-Gruppe  1-2,text,true,,574,129,100,100,http://localhost:7000/randomRequest,823,0,0
1676158030939,612,HTTP Request,200,,Thread-Gruppe  1-36,text,true,,564,129,100,100,http://localhost:7000/randomRequest,612,0,1
1676158031040,517,HTTP Request,200,,Thread-Gruppe  1-73,text,true,,559,129,100,100,http://localhost:7000/randomRequest,517,0,0
1676158030432,1127,HTTP Request,200,,Thread-Gruppe  1-4,text,true,,403,129,100,100,http://localhost:7000/randomRequest,1127,0,0
1676158030845,723,HTTP Request,200,,Thread-Gruppe  1-42,text,true,,419,129,100,100,http://localhost:7000/randomRequest,723,0,0
1676158030845,725,HTTP Request,200,,Thread-Gruppe  1-13,text,true,,492,129,100,100,http://localhost:7000/randomRequest,725,0,0
1676158030631,939,HTTP Request,200,,Thread-Gruppe  1-35,text,true,,647,129,100,100,http://localhost:7000/randomRequest,939,0,0
1676158030751,821,HTTP Request,200,,Thread-Gruppe  1-76,text,true,,403,129,100,100,http://localhost:7000/randomRequest,821,0,1
1676158030631,943,HTTP Request,200,,Thread-Gruppe  1-44,text,true,,495,129,100,100,http://localhost:7000/randomRequest,943,0,0
1676158030852,722,HTTP Request,200,,Thread-Gruppe  1-30,text,true,,545,129,100,100,http://localhost:7000/randomRequest,722,0,0
1676158030985,619,HTTP Request,200,,Thread-Gruppe  1-58,text,true,,559,129,100,100,http://localhost:7000/randomRequest,619,0,0
1676158031090,514,HTTP Request,200,,Thread-Gruppe  1-43,text,true,,418,129,100,100,http://localhost:7000/randomRequest,514,0,0
1676158030993,611,HTTP Request,200,,Thread-Gruppe  1-79,text,true,,419,129,100,100,http://localhost:7000/randomRequest,611,0,0
1676158030471,1133,HTTP Request,200,,Thread-Gruppe  1-29,text,true,,492,129,100,100,http://localhost:7000/randomRequest,1133,0,1
1676158031207,410,HTTP Request,200,,Thread-Gruppe  1-22,text,true,,557,129,100,100,http://localhost:7000/randomRequest,410,0,0
1676158030101,1517,HTTP Request,200,,Thread-Gruppe  1-40,text,true,,541,129,100,100,http://localhost:7000/randomRequest,1517,0,0
1676158030795,828,HTTP Request,200,,Thread-Gruppe  1-20,text,true,,492,129,100,100,http://localhost:7000/randomRequest,828,0,0
1676158031312,311,HTTP Request,200,,Thread-Gruppe  1-93,text,true,,418,129,100,100,http://localhost:7000/randomRequest,311,0,1
1676158030334,1290,HTTP Request,200,,Thread-Gruppe  1-95,text,true,,527,129,100,100,http://localhost:7000/randomRequest,1290,0,1
1676158030918,715,HTTP Request,200,,Thread-Gruppe  1-24,text,true,,488,129,100,100,http://localhost:7000/randomRequest,715,0,0
1676158031118,515,HTTP Request,200,,Thread-Gruppe  1-1,text,true,,485,129,100,100,http://localhost:7000/randomRequest,515,0,0
1676158030226,1438,HTTP Request,200,,Thread-Gruppe  1-61,text,true,,488,129,100,100,http://localhost:7000/randomRequest,1438,0,0
1676158030658,1010,HTTP Request,200,,Thread-Gruppe  1-47,text,true,,481,129,100,100,http://localhost:7000/randomRequest,1010,0,0
1676158030864,818,HTTP Request,200,,Thread-Gruppe  1-11,text,true,,490,129,100,100,http://localhost:7000/randomRequest,818,0,1
1676158031081,619,HTTP Request,200,,Thread-Gruppe  1-33,text,true,,419,129,100,100,http://localhost:7000/randomRequest,619,0,0
1676158030401,1300,HTTP Request,200,,Thread-Gruppe  1-64,text,true,,495,129,100,100,http://localhost:7000/randomRequest,1300,0,0
1676158030094,1614,HTTP Request,200,,Thread-Gruppe  1-34,text,true,,647,129,100,100,http://localhost:7000/randomRequest,1614,0,1
1676158031098,616,HTTP Request,200,,Thread-Gruppe  1-6,text,true,,578,129,100,100,http://localhost:7000/randomRequest,616,0,0
1676158030933,824,HTTP Request,200,,Thread-Gruppe  1-21,text,true,,488,129,100,100,http://localhost:7000/randomRequest,824,0,0
1676158030932,825,HTTP Request,200,,Thread-Gruppe  1-87,text,true,,403,129,100,100,http://localhost:7000/randomRequest,825,0,0
1676158031161,618,HTTP Request,200,,Thread-Gruppe  1-3,text,true,,419,129,100,100,http://localhost:7000/randomRequest,618,0,0
1676158031279,517,HTTP Request,200,,Thread-Gruppe  1-83,text,true,,522,129,100,100,http://localhost:7000/randomRequest,517,0,0
1676158001771,30038,HTTP Request,500,,Thread-Gruppe  1-15,text,false,,258,129,100,100,http://localhost:7000/randomRequest,30038,0,0
1676158030612,1212,HTTP Request,200,,Thread-Gruppe  1-8,text,true,,643,129,100,100,http://localhost:7000/randomRequest,1211,0,0
1676158031218,611,HTTP Request,200,,Thread-Gruppe  1-45,text,true,,419,129,100,100,http://localhost:7000/randomRequest,611,0,1
1676158031115,714,HTTP Request,200,,Thread-Gruppe  1-18,text,true,,490,129,100,100,http://localhost:7000/randomRequest,714,0,1
1676158031018,821,HTTP Request,200,,Thread-Gruppe  1-25,text,true,,485,129,100,100,http://localhost:7000/randomRequest,821,0,0
1676158030239,1600,HTTP Request,200,,Thread-Gruppe  1-59,text,true,,541,129,100,100,http://localhost:7000/randomRequest,1600,0,0
1676158031040,820,HTTP Request,200,,Thread-Gruppe  1-99,text,true,,492,129,100,100,http://localhost:7000/randomRequest,820,0,0
1676158031245,622,HTTP Request,200,,Thread-Gruppe  1-91,text,true,,418,129,100,100,http://localhost:7000/randomRequest,622,0,0
1676158031359,512,HTTP Request,200,,Thread-Gruppe  1-52,text,true,,488,129,100,100,http://localhost:7000/randomRequest,512,0,0
1676158031164,715,HTTP Request,200,,Thread-Gruppe  1-37,text,true,,543,129,100,100,http://localhost:7000/randomRequest,715,0,1
1676158030741,1138,HTTP Request,200,,Thread-Gruppe  1-28,text,true,,537,129,100,100,http://localhost:7000/randomRequest,1138,0,0
1676158031373,508,HTTP Request,200,,Thread-Gruppe  1-84,text,true,,546,129,100,100,http://localhost:7000/randomRequest,508,0,0
1676158030589,1302,HTTP Request,200,,Thread-Gruppe  1-89,text,true,,541,129,100,100,http://localhost:7000/randomRequest,1302,0,0
1676158031381,517,HTTP Request,200,,Thread-Gruppe  1-77,text,true,,419,129,100,100,http://localhost:7000/randomRequest,517,0,0
1676158030585,1313,HTTP Request,200,,Thread-Gruppe  1-7,text,true,,647,129,100,100,http://localhost:7000/randomRequest,1313,0,0
1676158030969,939,HTTP Request,200,,Thread-Gruppe  1-9,text,true,,685,129,100,100,http://localhost:7000/randomRequest,939,0,0
1676158031195,713,HTTP Request,200,,Thread-Gruppe  1-23,text,true,,559,129,100,100,http://localhost:7000/randomRequest,713,0,0
1676158031095,822,HTTP Request,200,,Thread-Gruppe  1-78,text,true,,555,129,100,100,http://localhost:7000/randomRequest,822,0,0
1676158030915,1014,HTTP Request,200,,Thread-Gruppe  1-10,text,true,,492,129,100,100,http://localhost:7000/randomRequest,1014,0,1
1676158031520,409,HTTP Request,200,,Thread-Gruppe  1-96,text,true,,553,129,100,100,http://localhost:7000/randomRequest,409,0,1
1676158030741,1190,HTTP Request,200,,Thread-Gruppe  1-71,text,true,,643,129,100,100,http://localhost:7000/randomRequest,1190,0,0
1676158031224,723,HTTP Request,200,,Thread-Gruppe  1-62,text,true,,490,129,100,100,http://localhost:7000/randomRequest,723,0,0
1676158031218,740,HTTP Request,200,,Thread-Gruppe  1-81,text,true,,417,129,100,100,http://localhost:7000/randomRequest,740,0,1
1676158030651,1311,HTTP Request,200,,Thread-Gruppe  1-53,text,true,,633,129,100,100,http://localhost:7000/randomRequest,1311,0,0
1676158031144,820,HTTP Request,200,,Thread-Gruppe  1-41,text,true,,492,129,100,100,http://localhost:7000/randomRequest,820,0,1
1676158031372,607,HTTP Request,200,,Thread-Gruppe  1-94,text,true,,419,129,100,100,http://localhost:7000/randomRequest,607,0,1
1676158030957,1022,HTTP Request,200,,Thread-Gruppe  1-14,text,true,,631,129,100,100,http://localhost:7000/randomRequest,1022,0,0
1676158031279,722,HTTP Request,200,,Thread-Gruppe  1-50,text,true,,492,129,100,100,http://localhost:7000/randomRequest,722,0,0
1676158031259,746,HTTP Request,200,,Thread-Gruppe  1-86,text,true,,686,129,100,100,http://localhost:7000/randomRequest,746,0,0
1676158031095,929,HTTP Request,200,,Thread-Gruppe  1-70,text,true,,485,129,100,100,http://localhost:7000/randomRequest,929,0,0
1676158031316,747,HTTP Request,200,,Thread-Gruppe  1-72,text,true,,417,129,100,100,http://localhost:7000/randomRequest,747,0,0
1676158031574,513,HTTP Request,200,,Thread-Gruppe  1-30,text,true,,558,129,100,100,http://localhost:7000/randomRequest,513,0,0
1676158031570,517,HTTP Request,200,,Thread-Gruppe  1-13,text,true,,418,129,100,100,http://localhost:7000/randomRequest,517,0,0
1676158031352,735,HTTP Request,200,,Thread-Gruppe  1-88,text,true,,561,129,100,100,http://localhost:7000/randomRequest,735,0,0
1676158031568,519,HTTP Request,200,,Thread-Gruppe  1-42,text,true,,570,129,100,100,http://localhost:7000/randomRequest,519,0,0
1676158031700,409,HTTP Request,200,,Thread-Gruppe  1-33,text,true,,418,129,100,100,http://localhost:7000/randomRequest,409,0,0
1676158031604,522,HTTP Request,200,,Thread-Gruppe  1-79,text,true,,418,129,100,100,http://localhost:7000/randomRequest,522,0,0
1676158031206,925,HTTP Request,200,,Thread-Gruppe  1-27,text,true,,492,129,100,100,http://localhost:7000/randomRequest,925,0,1
1676158031412,721,HTTP Request,200,,Thread-Gruppe  1-85,text,true,,492,129,100,100,http://localhost:7000/randomRequest,721,0,0
1676158031624,515,HTTP Request,200,,Thread-Gruppe  1-95,text,true,,489,129,100,100,http://localhost:7000/randomRequest,515,0,0
1676158031633,508,HTTP Request,200,,Thread-Gruppe  1-1,text,true,,418,129,100,100,http://localhost:7000/randomRequest,508,0,1
1676158031547,620,HTTP Request,200,,Thread-Gruppe  1-51,text,true,,418,129,100,100,http://localhost:7000/randomRequest,620,0,0
1676158031861,309,HTTP Request,200,,Thread-Gruppe  1-99,text,true,,560,129,100,100,http://localhost:7000/randomRequest,309,0,0
1676158031454,724,HTTP Request,200,,Thread-Gruppe  1-60,text,true,,419,129,100,100,http://localhost:7000/randomRequest,724,0,0
1676158031572,607,HTTP Request,200,,Thread-Gruppe  1-76,text,true,,554,129,100,100,http://localhost:7000/randomRequest,607,0,0
1676158002148,30033,HTTP Request,500,,Thread-Gruppe  1-31,text,false,,258,129,100,100,http://localhost:7000/randomRequest,30033,0,0
1676158031290,893,HTTP Request,200,,Thread-Gruppe  1-65,text,true,,481,129,100,100,http://localhost:7000/randomRequest,893,0,0
1676158031473,725,HTTP Request,200,,Thread-Gruppe  1-66,text,true,,403,129,100,100,http://localhost:7000/randomRequest,725,0,1
1676158031714,513,HTTP Request,200,,Thread-Gruppe  1-6,text,true,,419,129,100,100,http://localhost:7000/randomRequest,513,0,0
1676158031404,823,HTTP Request,200,,Thread-Gruppe  1-97,text,true,,550,129,100,100,http://localhost:7000/randomRequest,823,0,1
1676158031206,1027,HTTP Request,200,,Thread-Gruppe  1-26,text,true,,481,129,100,100,http://localhost:7000/randomRequest,1027,0,1
1676158031604,637,HTTP Request,200,,Thread-Gruppe  1-58,text,true,,417,129,100,100,http://localhost:7000/randomRequest,637,0,1
1676158031604,637,HTTP Request,200,,Thread-Gruppe  1-29,text,true,,417,129,100,100,http://localhost:7000/randomRequest,637,0,0
1676158031423,828,HTTP Request,200,,Thread-Gruppe  1-74,text,true,,417,129,100,100,http://localhost:7000/randomRequest,828,0,1
1676158031325,926,HTTP Request,200,,Thread-Gruppe  1-32,text,true,,490,129,100,100,http://localhost:7000/randomRequest,926,0,0
1676158031757,517,HTTP Request,200,,Thread-Gruppe  1-87,text,true,,560,129,100,100,http://localhost:7000/randomRequest,517,0,0
1676158031559,717,HTTP Request,200,,Thread-Gruppe  1-4,text,true,,552,129,100,100,http://localhost:7000/randomRequest,717,0,0
1676158031557,724,HTTP Request,200,,Thread-Gruppe  1-73,text,true,,539,129,100,100,http://localhost:7000/randomRequest,724,0,0
1676158031668,613,HTTP Request,200,,Thread-Gruppe  1-47,text,true,,416,129,100,100,http://localhost:7000/randomRequest,613,0,0
1676158031259,1028,HTTP Request,200,,Thread-Gruppe  1-54,text,true,,484,129,100,100,http://localhost:7000/randomRequest,1028,0,0
1676158031664,623,HTTP Request,200,,Thread-Gruppe  1-61,text,true,,543,129,100,100,http://localhost:7000/randomRequest,623,0,1
1676158031479,825,HTTP Request,200,,Thread-Gruppe  1-38,text,true,,553,129,100,100,http://localhost:7000/randomRequest,825,0,0
1676158031682,622,HTTP Request,200,,Thread-Gruppe  1-11,text,true,,492,129,100,100,http://localhost:7000/randomRequest,622,0,0
1676158031193,1125,HTTP Request,200,,Thread-Gruppe  1-46,text,true,,541,129,100,100,http://localhost:7000/randomRequest,1125,0,1
1676158031824,511,HTTP Request,200,,Thread-Gruppe  1-8,text,true,,419,129,100,100,http://localhost:7000/randomRequest,511,0,0
1676158031623,712,HTTP Request,200,,Thread-Gruppe  1-93,text,true,,417,129,100,100,http://localhost:7000/randomRequest,712,0,1
1676158031524,817,HTTP Request,200,,Thread-Gruppe  1-82,text,true,,417,129,100,100,http://localhost:7000/randomRequest,817,0,0
1676158031530,821,HTTP Request,200,,Thread-Gruppe  1-16,text,true,,547,129,100,100,http://localhost:7000/randomRequest,821,0,0
1676158031164,1227,HTTP Request,200,,Thread-Gruppe  1-19,text,true,,488,129,100,100,http://localhost:7000/randomRequest,1227,0,1
1676158031551,840,HTTP Request,200,,Thread-Gruppe  1-36,text,true,,674,129,100,100,http://localhost:7000/randomRequest,840,0,0
1676158031881,517,HTTP Request,200,,Thread-Gruppe  1-84,text,true,,568,129,100,100,http://localhost:7000/randomRequest,517,0,0
1676158031701,718,HTTP Request,200,,Thread-Gruppe  1-64,text,true,,3685,129,100,100,http://localhost:7000/randomRequest,718,0,0
1676158031604,827,HTTP Request,200,,Thread-Gruppe  1-43,text,true,,492,129,100,100,http://localhost:7000/randomRequest,827,0,0
1676158031617,822,HTTP Request,200,,Thread-Gruppe  1-40,text,true,,492,129,100,100,http://localhost:7000/randomRequest,822,0,1
1676158031839,615,HTTP Request,200,,Thread-Gruppe  1-59,text,true,,550,129,100,100,http://localhost:7000/randomRequest,615,0,0
1676158031550,929,HTTP Request,200,,Thread-Gruppe  1-2,text,true,,554,129,100,100,http://localhost:7000/randomRequest,929,0,1
1676158031456,1034,HTTP Request,200,,Thread-Gruppe  1-90,text,true,,633,129,100,100,http://localhost:7000/randomRequest,1034,0,1
1676158031867,623,HTTP Request,200,,Thread-Gruppe  1-91,text,true,,419,129,100,100,http://localhost:7000/randomRequest,623,0,1
1676158031298,1197,HTTP Request,200,,Thread-Gruppe  1-80,text,true,,647,129,100,100,http://localhost:7000/randomRequest,1197,0,0
1676158031898,621,HTTP Request,200,,Thread-Gruppe  1-77,text,true,,562,129,100,100,http://localhost:7000/randomRequest,621,0,0
1676158031929,610,HTTP Request,200,,Thread-Gruppe  1-96,text,true,,562,129,100,100,http://localhost:7000/randomRequest,610,0,1
1676158031829,719,HTTP Request,200,,Thread-Gruppe  1-45,text,true,,490,129,100,100,http://localhost:7000/randomRequest,719,0,0
1676158031475,1105,HTTP Request,200,,Thread-Gruppe  1-100,text,true,,633,129,100,100,http://localhost:7000/randomRequest,1104,0,0
1676158031570,1028,HTTP Request,200,,Thread-Gruppe  1-35,text,true,,490,129,100,100,http://localhost:7000/randomRequest,1028,0,0
1676158031871,727,HTTP Request,200,,Thread-Gruppe  1-52,text,true,,551,129,100,100,http://localhost:7000/randomRequest,727,0,0
1676158032087,515,HTTP Request,200,,Thread-Gruppe  1-30,text,true,,419,129,100,100,http://localhost:7000/randomRequest,515,0,1
1676158031891,723,HTTP Request,200,,Thread-Gruppe  1-89,text,true,,492,129,100,100,http://localhost:7000/randomRequest,723,0,0
1676158031279,1335,HTTP Request,200,,Thread-Gruppe  1-68,text,true,,527,129,100,100,http://localhost:7000/randomRequest,1335,0,0
1676158031193,1421,HTTP Request,200,,Thread-Gruppe  1-56,text,true,,631,129,100,100,http://localhost:7000/randomRequest,1421,0,1
1676158031898,723,HTTP Request,200,,Thread-Gruppe  1-7,text,true,,555,129,100,100,http://localhost:7000/randomRequest,723,0,0
1676158031796,831,HTTP Request,200,,Thread-Gruppe  1-83,text,true,,401,129,100,100,http://localhost:7000/randomRequest,831,0,0
1676158031707,928,HTTP Request,200,,Thread-Gruppe  1-34,text,true,,565,129,100,100,http://localhost:7000/randomRequest,928,0,1
1676158031617,1027,HTTP Request,200,,Thread-Gruppe  1-22,text,true,,403,129,100,100,http://localhost:7000/randomRequest,1027,0,1
1676158031931,720,HTTP Request,200,,Thread-Gruppe  1-71,text,true,,419,129,100,100,http://localhost:7000/randomRequest,720,0,0
1676158031323,1328,HTTP Request,200,,Thread-Gruppe  1-67,text,true,,647,129,100,100,http://localhost:7000/randomRequest,1328,0,0
1676158032252,412,HTTP Request,200,,Thread-Gruppe  1-32,text,true,,555,129,100,100,http://localhost:7000/randomRequest,412,0,0
1676158031948,716,HTTP Request,200,,Thread-Gruppe  1-62,text,true,,419,129,100,100,http://localhost:7000/randomRequest,716,0,0
1676158031524,1156,HTTP Request,200,,Thread-Gruppe  1-5,text,true,,417,129,100,100,http://localhost:7000/randomRequest,1156,0,0
1676158031962,718,HTTP Request,200,,Thread-Gruppe  1-53,text,true,,418,129,100,100,http://localhost:7000/randomRequest,718,0,0
1676158032274,410,HTTP Request,200,,Thread-Gruppe  1-87,text,true,,417,129,100,100,http://localhost:7000/randomRequest,410,0,0
1676158032170,521,HTTP Request,200,,Thread-Gruppe  1-99,text,true,,541,129,100,100,http://localhost:7000/randomRequest,521,0,0
1676158032181,514,HTTP Request,200,,Thread-Gruppe  1-31,text,true,,549,129,100,100,http://localhost:7000/randomRequest,514,0,0
1676158032183,518,HTTP Request,200,,Thread-Gruppe  1-65,text,true,,551,129,100,100,http://localhost:7000/randomRequest,518,0,0
1676158031979,723,HTTP Request,200,,Thread-Gruppe  1-94,text,true,,492,129,100,100,http://localhost:7000/randomRequest,723,0,0
1676158032087,618,HTTP Request,200,,Thread-Gruppe  1-88,text,true,,561,129,100,100,http://localhost:7000/randomRequest,618,0,1
1676158031879,846,HTTP Request,200,,Thread-Gruppe  1-37,text,true,,557,129,100,100,http://localhost:7000/randomRequest,846,0,0
1676158031185,1540,HTTP Request,200,,Thread-Gruppe  1-55,text,true,,643,129,100,100,http://localhost:7000/randomRequest,1540,0,0
1676158032005,722,HTTP Request,200,,Thread-Gruppe  1-86,text,true,,419,129,100,100,http://localhost:7000/randomRequest,722,0,1
1676158031908,827,HTTP Request,200,,Thread-Gruppe  1-23,text,true,,489,129,100,100,http://localhost:7000/randomRequest,827,0,0
1676158031908,830,HTTP Request,200,,Thread-Gruppe  1-9,text,true,,556,129,100,100,http://localhost:7000/randomRequest,830,0,0
1676158031929,816,HTTP Request,200,,Thread-Gruppe  1-10,text,true,,419,129,100,100,http://localhost:7000/randomRequest,816,0,1
1676158031839,924,HTTP Request,200,,Thread-Gruppe  1-25,text,true,,565,129,100,100,http://localhost:7000/randomRequest,924,0,0
1676158031633,1134,HTTP Request,200,,Thread-Gruppe  1-24,text,true,,485,129,100,100,http://localhost:7000/randomRequest,1134,0,1
1676158032063,718,HTTP Request,200,,Thread-Gruppe  1-72,text,true,,549,129,100,100,http://localhost:7000/randomRequest,718,0,0
1676158032178,623,HTTP Request,200,,Thread-Gruppe  1-60,text,true,,554,129,100,100,http://localhost:7000/randomRequest,623,0,0
1676158031779,1024,HTTP Request,200,,Thread-Gruppe  1-3,text,true,,488,129,100,100,http://localhost:7000/randomRequest,1024,0,0
1676158031979,824,HTTP Request,200,,Thread-Gruppe  1-14,text,true,,481,129,100,100,http://localhost:7000/randomRequest,824,0,0
1676158032001,824,HTTP Request,200,,Thread-Gruppe  1-50,text,true,,492,129,100,100,http://localhost:7000/randomRequest,824,0,0
1676158031415,1416,HTTP Request,200,,Thread-Gruppe  1-75,text,true,,537,129,100,100,http://localhost:7000/randomRequest,1416,0,1
1676158031829,1029,HTTP Request,200,,Thread-Gruppe  1-18,text,true,,403,129,100,100,http://localhost:7000/randomRequest,1029,0,0
1676158032141,726,HTTP Request,200,,Thread-Gruppe  1-1,text,true,,492,129,100,100,http://localhost:7000/randomRequest,726,0,0
1676158031574,1307,HTTP Request,200,,Thread-Gruppe  1-44,text,true,,536,129,100,100,http://localhost:7000/randomRequest,1307,0,0
1676158032167,714,HTTP Request,200,,Thread-Gruppe  1-51,text,true,,414,129,100,100,http://localhost:7000/randomRequest,714,0,1
1676158032179,725,HTTP Request,200,,Thread-Gruppe  1-76,text,true,,492,129,100,100,http://localhost:7000/randomRequest,725,0,1
1676158032490,414,HTTP Request,200,,Thread-Gruppe  1-91,text,true,,554,129,100,100,http://localhost:7000/randomRequest,414,0,0
1676158032304,619,HTTP Request,200,,Thread-Gruppe  1-38,text,true,,418,129,100,100,http://localhost:7000/randomRequest,619,0,0
1676158032519,412,HTTP Request,200,,Thread-Gruppe  1-77,text,true,,568,129,100,100,http://localhost:7000/randomRequest,412,0,0
1676158031918,1013,HTTP Request,200,,Thread-Gruppe  1-78,text,true,,541,129,100,100,http://localhost:7000/randomRequest,1013,0,0
1676158032109,822,HTTP Request,200,,Thread-Gruppe  1-33,text,true,,485,129,100,100,http://localhost:7000/randomRequest,822,0,1
1676158032336,618,HTTP Request,200,,Thread-Gruppe  1-8,text,true,,490,129,100,100,http://localhost:7000/randomRequest,618,0,0
1676158032024,930,HTTP Request,200,,Thread-Gruppe  1-70,text,true,,490,129,100,100,http://localhost:7000/randomRequest,930,0,0
1676158031959,1010,HTTP Request,200,,Thread-Gruppe  1-81,text,true,,526,129,100,100,http://localhost:7000/randomRequest,1010,0,0
1676158032539,430,HTTP Request,200,,Thread-Gruppe  1-96,text,true,,552,129,100,100,http://localhost:7000/randomRequest,430,0,1
1676158032087,894,HTTP Request,200,,Thread-Gruppe  1-13,text,true,,647,129,100,100,http://localhost:7000/randomRequest,894,0,1
1676158032087,927,HTTP Request,200,,Thread-Gruppe  1-42,text,true,,403,129,100,100,http://localhost:7000/randomRequest,927,0,1
1676158032133,932,HTTP Request,200,,Thread-Gruppe  1-85,text,true,,575,129,100,100,http://localhost:7000/randomRequest,932,0,0
1676158031757,1330,HTTP Request,200,,Thread-Gruppe  1-21,text,true,,492,129,100,100,http://localhost:7000/randomRequest,1330,0,0
1676158032281,828,HTTP Request,200,,Thread-Gruppe  1-73,text,true,,538,129,100,100,http://localhost:7000/randomRequest,828,0,0
1676158032398,719,HTTP Request,200,,Thread-Gruppe  1-84,text,true,,492,129,100,100,http://localhost:7000/randomRequest,719,0,0
1676158032304,827,HTTP Request,200,,Thread-Gruppe  1-11,text,true,,492,129,100,100,http://localhost:7000/randomRequest,827,0,0
1676158032419,715,HTTP Request,200,,Thread-Gruppe  1-64,text,true,,540,129,100,100,http://localhost:7000/randomRequest,715,0,1
1676158031623,1511,HTTP Request,200,,Thread-Gruppe  1-20,text,true,,633,129,100,100,http://localhost:7000/randomRequest,1511,0,1
1676158032651,517,HTTP Request,200,,Thread-Gruppe  1-71,text,true,,403,129,100,100,http://localhost:7000/randomRequest,517,0,0
1676158032139,1029,HTTP Request,200,,Thread-Gruppe  1-95,text,true,,485,129,100,100,http://localhost:7000/randomRequest,1029,0,0
1676158032287,885,HTTP Request,200,,Thread-Gruppe  1-54,text,true,,537,129,100,100,http://localhost:7000/randomRequest,885,0,0
1676158032454,718,HTTP Request,200,,Thread-Gruppe  1-59,text,true,,489,129,100,100,http://localhost:7000/randomRequest,718,0,0
1676158032252,920,HTTP Request,200,,Thread-Gruppe  1-74,text,true,,403,129,100,100,http://localhost:7000/randomRequest,920,0,0
1676158032768,407,HTTP Request,200,,Thread-Gruppe  1-24,text,true,,566,129,100,100,http://localhost:7000/randomRequest,407,0,0
1676158031964,1227,HTTP Request,200,,Thread-Gruppe  1-41,text,true,,490,129,100,100,http://localhost:7000/randomRequest,1227,0,0
1676158032680,511,HTTP Request,200,,Thread-Gruppe  1-53,text,true,,490,129,100,100,http://localhost:7000/randomRequest,511,0,0
1676158032276,932,HTTP Request,200,,Thread-Gruppe  1-4,text,true,,489,129,100,100,http://localhost:7000/randomRequest,932,0,0
1676158032281,931,HTTP Request,200,,Thread-Gruppe  1-47,text,true,,415,129,100,100,http://localhost:7000/randomRequest,931,0,0
1676158031501,1716,HTTP Request,200,,Thread-Gruppe  1-12,text,true,,527,129,100,100,http://localhost:7000/randomRequest,1716,0,1
1676158031809,1410,HTTP Request,200,,Thread-Gruppe  1-15,text,true,,647,129,100,100,http://localhost:7000/randomRequest,1410,0,0
1676158032391,828,HTTP Request,200,,Thread-Gruppe  1-19,text,true,,416,129,100,100,http://localhost:7000/randomRequest,828,0,0
1676158032431,805,HTTP Request,200,,Thread-Gruppe  1-43,text,true,,527,129,100,100,http://localhost:7000/randomRequest,805,0,0
1676158032627,624,HTTP Request,200,,Thread-Gruppe  1-83,text,true,,558,129,100,100,http://localhost:7000/randomRequest,624,0,0
1676158032227,1031,HTTP Request,200,,Thread-Gruppe  1-97,text,true,,485,129,100,100,http://localhost:7000/randomRequest,1031,0,1
1676158032439,826,HTTP Request,200,,Thread-Gruppe  1-40,text,true,,492,129,100,100,http://localhost:7000/randomRequest,826,0,0
1676158032336,929,HTTP Request,200,,Thread-Gruppe  1-93,text,true,,558,129,100,100,http://localhost:7000/randomRequest,929,0,0
1676158032241,1031,HTTP Request,200,,Thread-Gruppe  1-58,text,true,,419,129,100,100,http://localhost:7000/randomRequest,1031,0,0
1676158032241,1031,HTTP Request,200,,Thread-Gruppe  1-29,text,true,,559,129,100,100,http://localhost:7000/randomRequest,1031,0,0
1676158032680,611,HTTP Request,200,,Thread-Gruppe  1-5,text,true,,563,129,100,100,http://localhost:7000/randomRequest,611,0,0
1676158032881,410,HTTP Request,200,,Thread-Gruppe  1-44,text,true,,419,129,100,100,http://localhost:7000/randomRequest,410,0,1
1676158032287,1034,HTTP Request,200,,Thread-Gruppe  1-61,text,true,,558,129,100,100,http://localhost:7000/randomRequest,1034,0,0
1676158032318,1025,HTTP Request,200,,Thread-Gruppe  1-46,text,true,,416,129,100,100,http://localhost:7000/randomRequest,1025,0,1
1676158032725,618,HTTP Request,200,,Thread-Gruppe  1-55,text,true,,415,129,100,100,http://localhost:7000/randomRequest,618,0,1
1676158032233,1134,HTTP Request,200,,Thread-Gruppe  1-26,text,true,,403,129,100,100,http://localhost:7000/randomRequest,1134,0,0
1676158032341,1033,HTTP Request,200,,Thread-Gruppe  1-82,text,true,,489,129,100,100,http://localhost:7000/randomRequest,1033,0,0
1676158031879,1512,HTTP Request,200,,Thread-Gruppe  1-28,text,true,,633,129,100,100,http://localhost:7000/randomRequest,1512,0,0
1676158032580,818,HTTP Request,200,,Thread-Gruppe  1-100,text,true,,419,129,100,100,http://localhost:7000/randomRequest,818,0,0
1676158032691,726,HTTP Request,200,,Thread-Gruppe  1-99,text,true,,554,129,100,100,http://localhost:7000/randomRequest,726,0,0
1676158032391,1030,HTTP Request,200,,Thread-Gruppe  1-36,text,true,,485,129,100,100,http://localhost:7000/randomRequest,1030,0,0
1676158032598,823,HTTP Request,200,,Thread-Gruppe  1-35,text,true,,483,129,100,100,http://localhost:7000/randomRequest,823,0,0
1676158032705,716,HTTP Request,200,,Thread-Gruppe  1-88,text,true,,564,129,100,100,http://localhost:7000/randomRequest,716,0,1
1676158032702,719,HTTP Request,200,,Thread-Gruppe  1-94,text,true,,488,129,100,100,http://localhost:7000/randomRequest,719,0,1
1676158032495,926,HTTP Request,200,,Thread-Gruppe  1-80,text,true,,418,129,100,100,http://localhost:7000/randomRequest,926,0,0
1676158032621,818,HTTP Request,200,,Thread-Gruppe  1-7,text,true,,418,129,100,100,http://localhost:7000/randomRequest,818,0,0
1676158032831,616,HTTP Request,200,,Thread-Gruppe  1-75,text,true,,490,129,100,100,http://localhost:7000/randomRequest,616,0,0
1676158032131,1327,HTTP Request,200,,Thread-Gruppe  1-27,text,true,,492,129,100,100,http://localhost:7000/randomRequest,1327,0,0
1676158032644,826,HTTP Request,200,,Thread-Gruppe  1-22,text,true,,559,129,100,100,http://localhost:7000/randomRequest,826,0,1
1676158032868,607,HTTP Request,200,,Thread-Gruppe  1-1,text,true,,561,129,100,100,http://localhost:7000/randomRequest,606,0,0
1676158032664,810,HTTP Request,200,,Thread-Gruppe  1-32,text,true,,559,129,100,100,http://localhost:7000/randomRequest,810,0,1
1676158032548,927,HTTP Request,200,,Thread-Gruppe  1-45,text,true,,492,129,100,100,http://localhost:7000/randomRequest,926,0,0
1676158032981,511,HTTP Request,200,,Thread-Gruppe  1-13,text,true,,554,129,100,100,http://localhost:7000/randomRequest,511,0,1
1676158032781,711,HTTP Request,200,,Thread-Gruppe  1-72,text,true,,488,129,100,100,http://localhost:7000/randomRequest,711,0,0
1676158032479,1022,HTTP Request,200,,Thread-Gruppe  1-2,text,true,,560,129,100,100,http://localhost:7000/randomRequest,1022,0,1
1676158032684,829,HTTP Request,200,,Thread-Gruppe  1-87,text,true,,492,129,100,100,http://localhost:7000/randomRequest,829,0,0
1676158032803,723,HTTP Request,200,,Thread-Gruppe  1-3,text,true,,559,129,100,100,http://localhost:7000/randomRequest,723,0,0
1676158032803,723,HTTP Request,200,,Thread-Gruppe  1-14,text,true,,419,129,100,100,http://localhost:7000/randomRequest,723,0,0
1676158033118,414,HTTP Request,200,,Thread-Gruppe  1-84,text,true,,418,129,100,100,http://localhost:7000/randomRequest,414,0,0
1676158032614,930,HTTP Request,200,,Thread-Gruppe  1-68,text,true,,419,129,100,100,http://localhost:7000/randomRequest,930,0,1
1676158032725,820,HTTP Request,200,,Thread-Gruppe  1-37,text,true,,490,129,100,100,http://localhost:7000/randomRequest,820,0,0
1676158032931,618,HTTP Request,200,,Thread-Gruppe  1-77,text,true,,565,129,100,100,http://localhost:7000/randomRequest,618,0,0
1676158032727,822,HTTP Request,200,,Thread-Gruppe  1-86,text,true,,485,129,100,100,http://localhost:7000/randomRequest,822,0,0
1676158032931,620,HTTP Request,200,,Thread-Gruppe  1-78,text,true,,554,129,100,100,http://localhost:7000/randomRequest,620,0,0
1676158032738,821,HTTP Request,200,,Thread-Gruppe  1-9,text,true,,492,129,100,100,http://localhost:7000/randomRequest,821,0,1
1676158032664,911,HTTP Request,200,,Thread-Gruppe  1-62,text,true,,415,129,100,100,http://localhost:7000/randomRequest,911,0,1
1676158032126,1449,HTTP Request,200,,Thread-Gruppe  1-79,text,true,,575,129,100,100,http://localhost:7000/randomRequest,1449,0,1
1676158032801,818,HTTP Request,200,,Thread-Gruppe  1-60,text,true,,552,129,100,100,http://localhost:7000/randomRequest,818,0,0
1676158032490,1136,HTTP Request,200,,Thread-Gruppe  1-90,text,true,,527,129,100,100,http://localhost:7000/randomRequest,1136,0,0
1676158032598,1049,HTTP Request,200,,Thread-Gruppe  1-52,text,true,,674,129,100,100,http://localhost:7000/randomRequest,1049,0,0
1676158033134,517,HTTP Request,200,,Thread-Gruppe  1-20,text,true,,492,129,100,100,http://localhost:7000/randomRequest,517,0,1
1676158033219,432,HTTP Request,200,,Thread-Gruppe  1-19,text,true,,417,129,100,100,http://localhost:7000/randomRequest,432,0,0
1676158032351,1300,HTTP Request,200,,Thread-Gruppe  1-16,text,true,,527,129,100,100,http://localhost:7000/randomRequest,1300,0,0
1676158032931,720,HTTP Request,200,,Thread-Gruppe  1-33,text,true,,415,129,100,100,http://localhost:7000/randomRequest,720,0,0
1676158033172,508,HTTP Request,200,,Thread-Gruppe  1-74,text,true,,572,129,100,100,http://localhost:7000/randomRequest,508,0,0
1676158033169,511,HTTP Request,200,,Thread-Gruppe  1-95,text,true,,485,129,100,100,http://localhost:7000/randomRequest,511,0,0
1676158032969,719,HTTP Request,200,,Thread-Gruppe  1-81,text,true,,488,129,100,100,http://localhost:7000/randomRequest,719,0,1
1676158033175,517,HTTP Request,200,,Thread-Gruppe  1-24,text,true,,418,129,100,100,http://localhost:7000/randomRequest,517,0,1
1676158032602,1090,HTTP Request,200,,Thread-Gruppe  1-30,text,true,,527,129,100,100,http://localhost:7000/randomRequest,1090,0,0
1676158032198,1494,HTTP Request,200,,Thread-Gruppe  1-66,text,true,,525,129,100,100,http://localhost:7000/randomRequest,1494,0,1
1676158032881,811,HTTP Request,200,,Thread-Gruppe  1-51,text,true,,492,129,100,100,http://localhost:7000/randomRequest,811,0,1
1676158032651,1041,HTTP Request,200,,Thread-Gruppe  1-67,text,true,,666,129,100,100,http://localhost:7000/randomRequest,1041,0,0
1676158032904,816,HTTP Request,200,,Thread-Gruppe  1-91,text,true,,419,129,100,100,http://localhost:7000/randomRequest,816,0,0
1676158032614,1137,HTTP Request,200,,Thread-Gruppe  1-89,text,true,,492,129,100,100,http://localhost:7000/randomRequest,1137,0,1
1676158033258,506,HTTP Request,200,,Thread-Gruppe  1-97,text,true,,551,129,100,100,http://localhost:7000/randomRequest,506,0,0
1676158033265,512,HTTP Request,200,,Thread-Gruppe  1-40,text,true,,550,129,100,100,http://localhost:7000/randomRequest,512,0,0
1676158033065,712,HTTP Request,200,,Thread-Gruppe  1-85,text,true,,485,129,100,100,http://localhost:7000/randomRequest,712,0,0
1676158033169,619,HTTP Request,200,,Thread-Gruppe  1-71,text,true,,419,129,100,100,http://localhost:7000/randomRequest,619,0,0
1676158033475,313,HTTP Request,200,,Thread-Gruppe  1-1,text,true,,563,129,100,100,http://localhost:7000/randomRequest,313,0,0
1676158033087,708,HTTP Request,200,,Thread-Gruppe  1-21,text,true,,554,129,100,100,http://localhost:7000/randomRequest,708,0,0
1676158033191,618,HTTP Request,200,,Thread-Gruppe  1-53,text,true,,4209,129,100,100,http://localhost:7000/randomRequest,618,0,0
1676158033208,614,HTTP Request,200,,Thread-Gruppe  1-4,text,true,,488,129,100,100,http://localhost:7000/randomRequest,614,0,0
1676158032904,920,HTTP Request,200,,Thread-Gruppe  1-76,text,true,,551,129,100,100,http://localhost:7000/randomRequest,920,0,0
1676158032701,1123,HTTP Request,200,,Thread-Gruppe  1-65,text,true,,419,129,100,100,http://localhost:7000/randomRequest,1123,0,0
1676158032695,1129,HTTP Request,200,,Thread-Gruppe  1-31,text,true,,419,129,100,100,http://localhost:7000/randomRequest,1129,0,0
1676158033217,614,HTTP Request,200,,Thread-Gruppe  1-12,text,true,,562,129,100,100,http://localhost:7000/randomRequest,614,0,1
1676158033321,510,HTTP Request,200,,Thread-Gruppe  1-61,text,true,,552,129,100,100,http://localhost:7000/randomRequest,510,0,0
1676158032735,1096,HTTP Request,200,,Thread-Gruppe  1-23,text,true,,641,129,100,100,http://localhost:7000/randomRequest,1096,0,0
1676158033219,616,HTTP Request,200,,Thread-Gruppe  1-15,text,true,,547,129,100,100,http://localhost:7000/randomRequest,616,0,0
1676158032763,1092,HTTP Request,200,,Thread-Gruppe  1-25,text,true,,541,129,100,100,http://localhost:7000/randomRequest,1092,0,0
1676158033265,615,HTTP Request,200,,Thread-Gruppe  1-93,text,true,,489,129,100,100,http://localhost:7000/randomRequest,615,0,0
1676158033273,607,HTTP Request,200,,Thread-Gruppe  1-58,text,true,,481,129,100,100,http://localhost:7000/randomRequest,607,0,0
1676158032858,1022,HTTP Request,200,,Thread-Gruppe  1-18,text,true,,419,129,100,100,http://localhost:7000/randomRequest,1022,0,0
1676158033273,607,HTTP Request,200,,Thread-Gruppe  1-29,text,true,,546,129,100,100,http://localhost:7000/randomRequest,607,0,0
1676158033391,518,HTTP Request,200,,Thread-Gruppe  1-28,text,true,,418,129,100,100,http://localhost:7000/randomRequest,518,0,1
1676158032825,1100,HTTP Request,200,,Thread-Gruppe  1-50,text,true,,527,129,100,100,http://localhost:7000/randomRequest,1100,0,1
1676158033421,519,HTTP Request,200,,Thread-Gruppe  1-88,text,true,,554,129,100,100,http://localhost:7000/randomRequest,519,0,1
1676158033544,414,HTTP Request,200,,Thread-Gruppe  1-68,text,true,,419,129,100,100,http://localhost:7000/randomRequest,414,0,0
1676158033251,711,HTTP Request,200,,Thread-Gruppe  1-83,text,true,,418,129,100,100,http://localhost:7000/randomRequest,711,0,0
1676158033172,805,HTTP Request,200,,Thread-Gruppe  1-54,text,true,,416,129,100,100,http://localhost:7000/randomRequest,805,0,0
1676158033374,607,HTTP Request,200,,Thread-Gruppe  1-82,text,true,,418,129,100,100,http://localhost:7000/randomRequest,607,0,1
1676158033492,517,HTTP Request,200,,Thread-Gruppe  1-13,text,true,,563,129,100,100,http://localhost:7000/randomRequest,517,0,0
1676158033172,841,HTTP Request,200,,Thread-Gruppe  1-59,text,true,,417,129,100,100,http://localhost:7000/randomRequest,841,0,0
1676158033191,828,HTTP Request,200,,Thread-Gruppe  1-41,text,true,,559,129,100,100,http://localhost:7000/randomRequest,828,0,0
1676158032614,1415,HTTP Request,200,,Thread-Gruppe  1-56,text,true,,647,129,100,100,http://localhost:7000/randomRequest,1415,0,1
1676158033014,1031,HTTP Request,200,,Thread-Gruppe  1-42,text,true,,492,129,100,100,http://localhost:7000/randomRequest,1031,0,0
1676158032227,1818,HTTP Request,200,,Thread-Gruppe  1-6,text,true,,536,129,100,100,http://localhost:7000/randomRequest,1818,0,1
1676158033421,624,HTTP Request,200,,Thread-Gruppe  1-80,text,true,,492,129,100,100,http://localhost:7000/randomRequest,624,0,1
1676158033440,619,HTTP Request,200,,Thread-Gruppe  1-7,text,true,,478,129,100,100,http://localhost:7000/randomRequest,619,0,0
1676158033291,780,HTTP Request,200,,Thread-Gruppe  1-44,text,true,,633,129,100,100,http://localhost:7000/randomRequest,780,0,0
1676158033368,713,HTTP Request,200,,Thread-Gruppe  1-26,text,true,,558,129,100,100,http://localhost:7000/randomRequest,713,0,0
1676158032923,1202,HTTP Request,200,,Thread-Gruppe  1-38,text,true,,537,129,100,100,http://localhost:7000/randomRequest,1202,0,0
1676158033447,684,HTTP Request,200,,Thread-Gruppe  1-75,text,true,,489,129,100,100,http://localhost:7000/randomRequest,684,0,1
1676158033417,714,HTTP Request,200,,Thread-Gruppe  1-99,text,true,,488,129,100,100,http://localhost:7000/randomRequest,714,0,1
1676158033532,616,HTTP Request,200,,Thread-Gruppe  1-84,text,true,,488,129,100,100,http://localhost:7000/randomRequest,616,0,0
1676158033236,912,HTTP Request,200,,Thread-Gruppe  1-43,text,true,,643,129,100,100,http://localhost:7000/randomRequest,912,0,0
1676158033421,727,HTTP Request,200,,Thread-Gruppe  1-94,text,true,,419,129,100,100,http://localhost:7000/randomRequest,727,0,1
1676158033651,511,HTTP Request,200,,Thread-Gruppe  1-16,text,true,,488,129,100,100,http://localhost:7000/randomRequest,511,0,0
1676158033343,819,HTTP Request,200,,Thread-Gruppe  1-55,text,true,,492,129,100,100,http://localhost:7000/randomRequest,819,0,1
1676158033475,720,HTTP Request,200,,Thread-Gruppe  1-45,text,true,,492,129,100,100,http://localhost:7000/randomRequest,720,0,0
1676158033109,1095,HTTP Request,200,,Thread-Gruppe  1-73,text,true,,536,129,100,100,http://localhost:7000/randomRequest,1095,0,0
1676158033212,1020,HTTP Request,200,,Thread-Gruppe  1-47,text,true,,527,129,100,100,http://localhost:7000/randomRequest,1020,0,0
1676158033526,722,HTTP Request,200,,Thread-Gruppe  1-3,text,true,,492,129,100,100,http://localhost:7000/randomRequest,722,0,0
1676158033131,1127,HTTP Request,200,,Thread-Gruppe  1-11,text,true,,490,129,100,100,http://localhost:7000/randomRequest,1127,0,0
1676158032954,1309,HTTP Request,200,,Thread-Gruppe  1-70,text,true,,643,129,100,100,http://localhost:7000/randomRequest,1309,0,0
1676158032954,1309,HTTP Request,200,,Thread-Gruppe  1-8,text,true,,527,129,100,100,http://localhost:7000/randomRequest,1309,0,0
1676158032636,1633,HTTP Request,200,,Thread-Gruppe  1-34,text,true,,643,129,100,100,http://localhost:7000/randomRequest,1633,0,0
1676158033559,716,HTTP Request,200,,Thread-Gruppe  1-9,text,true,,1216,129,100,100,http://localhost:7000/randomRequest,716,0,1
1676158033777,505,HTTP Request,200,,Thread-Gruppe  1-40,text,true,,492,129,100,100,http://localhost:7000/randomRequest,505,0,0
1676158033575,707,HTTP Request,200,,Thread-Gruppe  1-79,text,true,,492,129,100,100,http://localhost:7000/randomRequest,707,0,0
1676158033680,615,HTTP Request,200,,Thread-Gruppe  1-74,text,true,,554,129,100,100,http://localhost:7000/randomRequest,615,0,1
1676158032969,1338,HTTP Request,200,,Thread-Gruppe  1-96,text,true,,527,129,100,100,http://localhost:7000/randomRequest,1338,0,1
1676158033526,798,HTTP Request,200,,Thread-Gruppe  1-14,text,true,,536,129,100,100,http://localhost:7000/randomRequest,798,0,0
1676158033501,824,HTTP Request,200,,Thread-Gruppe  1-2,text,true,,488,129,100,100,http://localhost:7000/randomRequest,824,0,0
1676158032745,1613,HTTP Request,200,,Thread-Gruppe  1-10,text,true,,647,129,100,100,http://localhost:7000/randomRequest,1613,0,0
1676158033626,732,HTTP Request,200,,Thread-Gruppe  1-90,text,true,,419,129,100,100,http://localhost:7000/randomRequest,732,0,0
1676158033551,817,HTTP Request,200,,Thread-Gruppe  1-78,text,true,,419,129,100,100,http://localhost:7000/randomRequest,817,0,0
1676158033549,819,HTTP Request,200,,Thread-Gruppe  1-86,text,true,,560,129,100,100,http://localhost:7000/randomRequest,819,0,0
1676158033651,717,HTTP Request,200,,Thread-Gruppe  1-33,text,true,,557,129,100,100,http://localhost:7000/randomRequest,717,0,0
1676158033651,717,HTTP Request,200,,Thread-Gruppe  1-20,text,true,,419,129,100,100,http://localhost:7000/randomRequest,717,0,0
1676158033692,726,HTTP Request,200,,Thread-Gruppe  1-30,text,true,,418,129,100,100,http://localhost:7000/randomRequest,726,0,0
1676158033692,726,HTTP Request,200,,Thread-Gruppe  1-66,text,true,,553,129,100,100,http://localhost:7000/randomRequest,726,0,1
1676158033720,721,HTTP Request,200,,Thread-Gruppe  1-91,text,true,,492,129,100,100,http://localhost:7000/randomRequest,721,0,0
1676158033421,1020,HTTP Request,200,,Thread-Gruppe  1-36,text,true,,647,129,100,100,http://localhost:7000/randomRequest,1020,0,1
1676158033962,512,HTTP Request,200,,Thread-Gruppe  1-83,text,true,,419,129,100,100,http://localhost:7000/randomRequest,512,0,0
1676158033471,1014,HTTP Request,200,,Thread-Gruppe  1-22,text,true,,550,129,100,100,http://localhost:7000/randomRequest,1014,0,0
1676158033777,714,HTTP Request,200,,Thread-Gruppe  1-85,text,true,,492,129,100,100,http://localhost:7000/randomRequest,714,0,0
1676158033398,1117,HTTP Request,200,,Thread-Gruppe  1-100,text,true,,540,129,100,100,http://localhost:7000/randomRequest,1117,0,0
1676158033692,832,HTTP Request,200,,Thread-Gruppe  1-51,text,true,,417,129,100,100,http://localhost:7000/randomRequest,832,0,1
1676158033492,1032,HTTP Request,200,,Thread-Gruppe  1-72,text,true,,545,129,100,100,http://localhost:7000/randomRequest,1032,0,0
1676158033909,624,HTTP Request,200,,Thread-Gruppe  1-28,text,true,,492,129,100,100,http://localhost:7000/randomRequest,624,0,0
1676158033809,724,HTTP Request,200,,Thread-Gruppe  1-53,text,true,,419,129,100,100,http://localhost:7000/randomRequest,724,0,0
1676158034019,517,HTTP Request,200,,Thread-Gruppe  1-41,text,true,,403,129,100,100,http://localhost:7000/randomRequest,517,0,0
1676158033825,716,HTTP Request,200,,Thread-Gruppe  1-31,text,true,,492,129,100,100,http://localhost:7000/randomRequest,716,0,0
1676158033825,718,HTTP Request,200,,Thread-Gruppe  1-65,text,true,,419,129,100,100,http://localhost:7000/randomRequest,718,0,0
1676158033513,1030,HTTP Request,200,,Thread-Gruppe  1-87,text,true,,478,129,100,100,http://localhost:7000/randomRequest,1030,0,1
1676158033692,851,HTTP Request,200,,Thread-Gruppe  1-24,text,true,,540,129,100,100,http://localhost:7000/randomRequest,851,0,0
1676158034132,420,HTTP Request,200,,Thread-Gruppe  1-99,text,true,,1046,129,100,100,http://localhost:7000/randomRequest,420,0,0
1676158033421,1140,HTTP Request,200,,Thread-Gruppe  1-35,text,true,,402,129,100,100,http://localhost:7000/randomRequest,1140,0,1
1676158033458,1105,HTTP Request,200,,Thread-Gruppe  1-27,text,true,,643,129,100,100,http://localhost:7000/randomRequest,1105,0,0
1676158033831,732,HTTP Request,200,,Thread-Gruppe  1-12,text,true,,474,129,100,100,http://localhost:7000/randomRequest,732,0,0
1676158033134,1443,HTTP Request,200,,Thread-Gruppe  1-64,text,true,,485,129,100,100,http://localhost:7000/randomRequest,1443,0,1
1676158033343,1235,HTTP Request,200,,Thread-Gruppe  1-46,text,true,,402,129,100,100,http://localhost:7000/randomRequest,1235,0,1
1676158033475,1108,HTTP Request,200,,Thread-Gruppe  1-32,text,true,,537,129,100,100,http://localhost:7000/randomRequest,1108,0,0
1676158033764,828,HTTP Request,200,,Thread-Gruppe  1-97,text,true,,492,129,100,100,http://localhost:7000/randomRequest,828,0,1
1676158033881,715,HTTP Request,200,,Thread-Gruppe  1-93,text,true,,550,129,100,100,http://localhost:7000/randomRequest,715,0,0
1676158033881,716,HTTP Request,200,,Thread-Gruppe  1-18,text,true,,565,129,100,100,http://localhost:7000/randomRequest,716,0,0
1676158033855,743,HTTP Request,200,,Thread-Gruppe  1-25,text,true,,417,129,100,100,http://localhost:7000/randomRequest,743,0,0
1676158033789,831,HTTP Request,200,,Thread-Gruppe  1-71,text,true,,486,129,100,100,http://localhost:7000/randomRequest,831,0,0
1676158033795,846,HTTP Request,200,,Thread-Gruppe  1-21,text,true,,486,129,100,100,http://localhost:7000/randomRequest,846,0,0
1676158033680,965,HTTP Request,200,,Thread-Gruppe  1-95,text,true,,667,129,100,100,http://localhost:7000/randomRequest,965,0,1
1676158033620,1026,HTTP Request,200,,Thread-Gruppe  1-60,text,true,,488,129,100,100,http://localhost:7000/randomRequest,1026,0,0
1676158033823,823,HTTP Request,200,,Thread-Gruppe  1-4,text,true,,419,129,100,100,http://localhost:7000/randomRequest,823,0,0
1676158033835,823,HTTP Request,200,,Thread-Gruppe  1-15,text,true,,419,129,100,100,http://localhost:7000/randomRequest,823,0,1
1676158034148,510,HTTP Request,200,,Thread-Gruppe  1-84,text,true,,481,129,100,100,http://localhost:7000/randomRequest,510,0,1
1676158033549,1124,HTTP Request,200,,Thread-Gruppe  1-77,text,true,,486,129,100,100,http://localhost:7000/randomRequest,1124,0,0
1676158033689,1039,HTTP Request,200,,Thread-Gruppe  1-81,text,true,,403,129,100,100,http://localhost:7000/randomRequest,1039,0,0
1676158034013,730,HTTP Request,200,,Thread-Gruppe  1-59,text,true,,492,129,100,100,http://localhost:7000/randomRequest,730,0,0
1676158033789,955,HTTP Request,200,,Thread-Gruppe  1-1,text,true,,558,129,100,100,http://localhost:7000/randomRequest,955,0,0
1676158004723,30028,HTTP Request,500,,Thread-Gruppe  1-48,text,false,,258,129,100,100,http://localhost:7000/randomRequest,30028,0,0
1676158034045,720,HTTP Request,200,,Thread-Gruppe  1-42,text,true,,548,129,100,100,http://localhost:7000/randomRequest,720,0,1
1676158034045,722,HTTP Request,200,,Thread-Gruppe  1-80,text,true,,562,129,100,100,http://localhost:7000/randomRequest,722,0,1
1676158034071,723,HTTP Request,200,,Thread-Gruppe  1-44,text,true,,492,129,100,100,http://localhost:7000/randomRequest,723,0,1
1676158033881,917,HTTP Request,200,,Thread-Gruppe  1-29,text,true,,492,129,100,100,http://localhost:7000/randomRequest,917,0,0
1676158034081,717,HTTP Request,200,,Thread-Gruppe  1-26,text,true,,418,129,100,100,http://localhost:7000/randomRequest,717,0,1
1676158034195,618,HTTP Request,200,,Thread-Gruppe  1-45,text,true,,557,129,100,100,http://localhost:7000/randomRequest,618,0,1
1676158034029,820,HTTP Request,200,,Thread-Gruppe  1-56,text,true,,492,129,100,100,http://localhost:7000/randomRequest,820,0,1
1676158033831,1030,HTTP Request,200,,Thread-Gruppe  1-23,text,true,,492,129,100,100,http://localhost:7000/randomRequest,1029,0,0
1676158033940,921,HTTP Request,200,,Thread-Gruppe  1-88,text,true,,551,129,100,100,http://localhost:7000/randomRequest,920,0,0
1676158034368,509,HTTP Request,200,,Thread-Gruppe  1-78,text,true,,577,129,100,100,http://localhost:7000/randomRequest,509,0,0
1676158033958,924,HTTP Request,200,,Thread-Gruppe  1-68,text,true,,561,129,100,100,http://localhost:7000/randomRequest,924,0,1
1676158034275,613,HTTP Request,200,,Thread-Gruppe  1-9,text,true,,485,129,100,100,http://localhost:7000/randomRequest,613,0,1
1676158034282,614,HTTP Request,200,,Thread-Gruppe  1-40,text,true,,569,129,100,100,http://localhost:7000/randomRequest,614,0,0
1676158034269,628,HTTP Request,200,,Thread-Gruppe  1-34,text,true,,548,129,100,100,http://localhost:7000/randomRequest,628,0,1
1676158004839,30060,HTTP Request,500,,Thread-Gruppe  1-69,text,false,,258,129,100,100,http://localhost:7000/randomRequest,30060,0,1
1676158034418,525,HTTP Request,200,,Thread-Gruppe  1-66,text,true,,550,129,100,100,http://localhost:7000/randomRequest,525,0,0
1676158033981,962,HTTP Request,200,,Thread-Gruppe  1-82,text,true,,679,129,100,100,http://localhost:7000/randomRequest,962,0,1
1676158033651,1313,HTTP Request,200,,Thread-Gruppe  1-19,text,true,,643,129,100,100,http://localhost:7000/randomRequest,1313,0,0
1676158034358,612,HTTP Request,200,,Thread-Gruppe  1-10,text,true,,492,129,100,100,http://localhost:7000/randomRequest,612,0,1
1676158034162,820,HTTP Request,200,,Thread-Gruppe  1-16,text,true,,419,129,100,100,http://localhost:7000/randomRequest,820,0,0
1676158034368,618,HTTP Request,200,,Thread-Gruppe  1-20,text,true,,418,129,100,100,http://localhost:7000/randomRequest,618,0,0
1676158034491,519,HTTP Request,200,,Thread-Gruppe  1-85,text,true,,419,129,100,100,http://localhost:7000/randomRequest,519,0,1
1676158034132,920,HTTP Request,200,,Thread-Gruppe  1-75,text,true,,633,129,100,100,http://localhost:7000/randomRequest,920,0,0
1676158034148,921,HTTP Request,200,,Thread-Gruppe  1-94,text,true,,416,129,100,100,http://localhost:7000/randomRequest,921,0,1
1676158034475,623,HTTP Request,200,,Thread-Gruppe  1-83,text,true,,488,129,100,100,http://localhost:7000/randomRequest,623,0,0
1676158033881,1223,HTTP Request,200,,Thread-Gruppe  1-58,text,true,,492,129,100,100,http://localhost:7000/randomRequest,1223,0,0
1676158034125,995,HTTP Request,200,,Thread-Gruppe  1-38,text,true,,647,129,100,100,http://localhost:7000/randomRequest,995,0,1
1676158034232,912,HTTP Request,200,,Thread-Gruppe  1-47,text,true,,491,129,100,100,http://localhost:7000/randomRequest,912,0,0
1676158034204,940,HTTP Request,200,,Thread-Gruppe  1-73,text,true,,403,129,100,100,http://localhost:7000/randomRequest,940,0,0
1676158034418,733,HTTP Request,200,,Thread-Gruppe  1-30,text,true,,419,129,100,100,http://localhost:7000/randomRequest,733,0,0
1676158034325,827,HTTP Request,200,,Thread-Gruppe  1-2,text,true,,481,129,100,100,http://localhost:7000/randomRequest,827,0,1
1676158034009,1143,HTTP Request,200,,Thread-Gruppe  1-13,text,true,,481,129,100,100,http://localhost:7000/randomRequest,1143,0,0
1676158034543,615,HTTP Request,200,,Thread-Gruppe  1-87,text,true,,419,129,100,100,http://localhost:7000/randomRequest,615,0,0
1676158034441,720,HTTP Request,200,,Thread-Gruppe  1-36,text,true,,2769,129,100,100,http://localhost:7000/randomRequest,720,0,0
1676158033647,1527,HTTP Request,200,,Thread-Gruppe  1-52,text,true,,541,129,100,100,http://localhost:7000/randomRequest,1527,0,0
1676158033831,1343,HTTP Request,200,,Thread-Gruppe  1-61,text,true,,492,129,100,100,http://localhost:7000/randomRequest,1343,0,0
1676158033977,1197,HTTP Request,200,,Thread-Gruppe  1-54,text,true,,541,129,100,100,http://localhost:7000/randomRequest,1197,0,1
1676158034563,613,HTTP Request,200,,Thread-Gruppe  1-27,text,true,,489,129,100,100,http://localhost:7000/randomRequest,613,0,2
1676158034258,918,HTTP Request,200,,Thread-Gruppe  1-11,text,true,,530,129,100,100,http://localhost:7000/randomRequest,918,0,0
1676158033575,1608,HTTP Request,200,,Thread-Gruppe  1-62,text,true,,535,129,100,100,http://localhost:7000/randomRequest,1608,0,0
1676158034368,820,HTTP Request,200,,Thread-Gruppe  1-33,text,true,,416,129,100,100,http://localhost:7000/randomRequest,820,0,0
1676158034263,925,HTTP Request,200,,Thread-Gruppe  1-8,text,true,,418,129,100,100,http://localhost:7000/randomRequest,925,0,0
1676158033751,1443,HTTP Request,200,,Thread-Gruppe  1-89,text,true,,488,129,100,100,http://localhost:7000/randomRequest,1443,0,0
1676158033291,1923,HTTP Request,200,,Thread-Gruppe  1-5,text,true,,537,129,100,100,http://localhost:7000/randomRequest,1923,0,0
1676158033692,1522,HTTP Request,200,,Thread-Gruppe  1-67,text,true,,527,129,100,100,http://localhost:7000/randomRequest,1522,0,1
1676158034596,619,HTTP Request,200,,Thread-Gruppe  1-93,text,true,,554,129,100,100,http://localhost:7000/randomRequest,619,0,2
1676158034295,929,HTTP Request,200,,Thread-Gruppe  1-74,text,true,,492,129,100,100,http://localhost:7000/randomRequest,929,0,1
1676158034282,947,HTTP Request,200,,Thread-Gruppe  1-79,text,true,,671,129,100,100,http://localhost:7000/randomRequest,947,0,0
1676158034248,1008,HTTP Request,200,,Thread-Gruppe  1-3,text,true,,527,129,100,100,http://localhost:7000/randomRequest,1008,0,0
1676158033825,1436,HTTP Request,200,,Thread-Gruppe  1-76,text,true,,490,129,100,100,http://localhost:7000/randomRequest,1436,0,0
1676158033926,1335,HTTP Request,200,,Thread-Gruppe  1-50,text,true,,492,129,100,100,http://localhost:7000/randomRequest,1335,0,0
1676158034543,718,HTTP Request,200,,Thread-Gruppe  1-24,text,true,,481,129,100,100,http://localhost:7000/randomRequest,718,0,0
1676158034524,737,HTTP Request,200,,Thread-Gruppe  1-51,text,true,,490,129,100,100,http://localhost:7000/randomRequest,737,0,1
1676158034148,1120,HTTP Request,200,,Thread-Gruppe  1-43,text,true,,485,129,100,100,http://localhost:7000/randomRequest,1120,0,1
1676158034059,1215,HTTP Request,200,,Thread-Gruppe  1-7,text,true,,527,129,100,100,http://localhost:7000/randomRequest,1215,0,0
1676158034583,694,HTTP Request,200,,Thread-Gruppe  1-32,text,true,,666,129,100,100,http://localhost:7000/randomRequest,694,0,1
1676158034561,720,HTTP Request,200,,Thread-Gruppe  1-35,text,true,,419,129,100,100,http://localhost:7000/randomRequest,720,0,0
1676158034673,614,HTTP Request,200,,Thread-Gruppe  1-77,text,true,,549,129,100,100,http://localhost:7000/randomRequest,614,0,0
1676158034162,1125,HTTP Request,200,,Thread-Gruppe  1-55,text,true,,487,129,100,100,http://localhost:7000/randomRequest,1125,0,0
1676158034486,824,HTTP Request,200,,Thread-Gruppe  1-22,text,true,,492,129,100,100,http://localhost:7000/randomRequest,824,0,0
1676158034597,720,HTTP Request,200,,Thread-Gruppe  1-18,text,true,,490,129,100,100,http://localhost:7000/randomRequest,720,0,1
1676158034524,836,HTTP Request,200,,Thread-Gruppe  1-72,text,true,,418,129,100,100,http://localhost:7000/randomRequest,836,0,1
1676158034045,1315,HTTP Request,200,,Thread-Gruppe  1-6,text,true,,647,129,100,100,http://localhost:7000/randomRequest,1315,0,1
1676158034263,1102,HTTP Request,200,,Thread-Gruppe  1-70,text,true,,633,129,100,100,http://localhost:7000/randomRequest,1102,0,0
1676158034658,715,HTTP Request,200,,Thread-Gruppe  1-15,text,true,,559,129,100,100,http://localhost:7000/randomRequest,715,0,0
1676158034358,1023,HTTP Request,200,,Thread-Gruppe  1-90,text,true,,492,129,100,100,http://localhost:7000/randomRequest,1023,0,1
1676158034563,821,HTTP Request,200,,Thread-Gruppe  1-12,text,true,,419,129,100,100,http://localhost:7000/randomRequest,821,0,2
1676158034578,824,HTTP Request,200,,Thread-Gruppe  1-46,text,true,,560,129,100,100,http://localhost:7000/randomRequest,824,0,1
1676158034578,829,HTTP Request,200,,Thread-Gruppe  1-64,text,true,,539,129,100,100,http://localhost:7000/randomRequest,829,0,1
1676158034813,620,HTTP Request,200,,Thread-Gruppe  1-45,text,true,,419,129,100,100,http://localhost:7000/randomRequest,620,0,1
1676158034943,518,HTTP Request,200,,Thread-Gruppe  1-82,text,true,,419,129,100,100,http://localhost:7000/randomRequest,518,0,1
1676158034533,931,HTTP Request,200,,Thread-Gruppe  1-53,text,true,,541,129,100,100,http://localhost:7000/randomRequest,931,0,1
1676158034646,824,HTTP Request,200,,Thread-Gruppe  1-4,text,true,,490,129,100,100,http://localhost:7000/randomRequest,824,0,1
1676158034515,955,HTTP Request,200,,Thread-Gruppe  1-100,text,true,,561,129,100,100,http://localhost:7000/randomRequest,955,0,0
1676158034751,719,HTTP Request,200,,Thread-Gruppe  1-48,text,true,,488,129,100,100,http://localhost:7000/randomRequest,719,0,1
1676158034368,1117,HTTP Request,200,,Thread-Gruppe  1-86,text,true,,633,129,100,100,http://localhost:7000/randomRequest,1117,0,0
1676158034767,718,HTTP Request,200,,Thread-Gruppe  1-80,text,true,,559,129,100,100,http://localhost:7000/randomRequest,718,0,1
1676158034861,624,HTTP Request,200,,Thread-Gruppe  1-23,text,true,,570,129,100,100,http://localhost:7000/randomRequest,624,0,0
1676158034541,957,HTTP Request,200,,Thread-Gruppe  1-31,text,true,,647,129,100,100,http://localhost:7000/randomRequest,957,0,1
1676158034986,518,HTTP Request,200,,Thread-Gruppe  1-20,text,true,,554,129,100,100,http://localhost:7000/randomRequest,518,0,0
1676158034897,615,HTTP Request,200,,Thread-Gruppe  1-34,text,true,,550,129,100,100,http://localhost:7000/randomRequest,615,0,0
1676158034592,928,HTTP Request,200,,Thread-Gruppe  1-97,text,true,,486,129,100,100,http://localhost:7000/randomRequest,928,0,1
1676158034598,922,HTTP Request,200,,Thread-Gruppe  1-25,text,true,,486,129,100,100,http://localhost:7000/randomRequest,922,0,1
1676158034552,981,HTTP Request,200,,Thread-Gruppe  1-99,text,true,,550,129,100,100,http://localhost:7000/randomRequest,981,0,0
1676158034324,1209,HTTP Request,200,,Thread-Gruppe  1-14,text,true,,539,129,100,100,http://localhost:7000/randomRequest,1209,0,1
1676158035144,411,HTTP Request,200,,Thread-Gruppe  1-47,text,true,,419,129,100,100,http://localhost:7000/randomRequest,411,0,0
1676158034441,1126,HTTP Request,200,,Thread-Gruppe  1-91,text,true,,539,129,100,100,http://localhost:7000/randomRequest,1126,0,0
1676158034533,1034,HTTP Request,200,,Thread-Gruppe  1-28,text,true,,488,129,100,100,http://localhost:7000/randomRequest,1034,0,1
1676158034543,1024,HTTP Request,200,,Thread-Gruppe  1-65,text,true,,492,129,100,100,http://localhost:7000/randomRequest,1024,0,0
1676158034641,926,HTTP Request,200,,Thread-Gruppe  1-21,text,true,,419,129,100,100,http://localhost:7000/randomRequest,926,0,1
1676158034536,1035,HTTP Request,200,,Thread-Gruppe  1-41,text,true,,537,129,100,100,http://localhost:7000/randomRequest,1035,0,0
1676158035069,519,HTTP Request,200,,Thread-Gruppe  1-94,text,true,,418,129,100,100,http://localhost:7000/randomRequest,519,0,1
1676158034970,618,HTTP Request,200,,Thread-Gruppe  1-10,text,true,,419,129,100,100,http://localhost:7000/randomRequest,618,0,0
1676158034882,726,HTTP Request,200,,Thread-Gruppe  1-68,text,true,,490,129,100,100,http://localhost:7000/randomRequest,726,0,0
1676158034798,826,HTTP Request,200,,Thread-Gruppe  1-26,text,true,,403,129,100,100,http://localhost:7000/randomRequest,826,0,0
1676158034308,1348,HTTP Request,200,,Thread-Gruppe  1-96,text,true,,481,129,100,100,http://localhost:7000/randomRequest,1348,0,0
1676158034765,900,HTTP Request,200,,Thread-Gruppe  1-42,text,true,,491,129,100,100,http://localhost:7000/randomRequest,900,0,0
1676158034728,943,HTTP Request,200,,Thread-Gruppe  1-81,text,true,,415,129,100,100,http://localhost:7000/randomRequest,943,0,0
1676158034964,725,HTTP Request,200,,Thread-Gruppe  1-19,text,true,,419,129,100,100,http://localhost:7000/randomRequest,725,0,0
1676158033545,2146,HTTP Request,200,,Thread-Gruppe  1-37,text,true,,541,129,100,100,http://localhost:7000/randomRequest,2146,0,1
1676158034877,830,HTTP Request,200,,Thread-Gruppe  1-78,text,true,,545,129,100,100,http://localhost:7000/randomRequest,830,0,1
1676158035098,618,HTTP Request,200,,Thread-Gruppe  1-83,text,true,,485,129,100,100,http://localhost:7000/randomRequest,618,0,0
1676158034794,925,HTTP Request,200,,Thread-Gruppe  1-44,text,true,,867,129,100,100,http://localhost:7000/randomRequest,925,0,1
1676158034899,822,HTTP Request,200,,Thread-Gruppe  1-69,text,true,,568,129,100,100,http://localhost:7000/randomRequest,822,0,1
1676158035225,518,HTTP Request,200,,Thread-Gruppe  1-74,text,true,,549,129,100,100,http://localhost:7000/randomRequest,518,0,1
1676158034645,1097,HTTP Request,200,,Thread-Gruppe  1-95,text,true,,633,129,100,100,http://localhost:7000/randomRequest,1097,0,1
1676158035120,622,HTTP Request,200,,Thread-Gruppe  1-38,text,true,,492,129,100,100,http://localhost:7000/randomRequest,622,0,0
1676158035144,613,HTTP Request,200,,Thread-Gruppe  1-73,text,true,,492,129,100,100,http://localhost:7000/randomRequest,613,0,0
1676158034943,823,HTTP Request,200,,Thread-Gruppe  1-66,text,true,,417,129,100,100,http://localhost:7000/randomRequest,823,0,1
1676158035152,621,HTTP Request,200,,Thread-Gruppe  1-13,text,true,,419,129,100,100,http://localhost:7000/randomRequest,621,0,0
1676158034850,923,HTTP Request,200,,Thread-Gruppe  1-56,text,true,,489,129,100,100,http://localhost:7000/randomRequest,923,0,0
1676158035278,514,HTTP Request,200,,Thread-Gruppe  1-32,text,true,,550,129,100,100,http://localhost:7000/randomRequest,514,0,0
1676158035188,626,HTTP Request,200,,Thread-Gruppe  1-33,text,true,,416,129,100,100,http://localhost:7000/randomRequest,626,0,0
1676158034983,831,HTTP Request,200,,Thread-Gruppe  1-16,text,true,,486,129,100,100,http://localhost:7000/randomRequest,831,0,0
1676158035214,615,HTTP Request,200,,Thread-Gruppe  1-67,text,true,,418,129,100,100,http://localhost:7000/randomRequest,615,0,0
1676158034798,1046,HTTP Request,200,,Thread-Gruppe  1-29,text,true,,588,129,100,100,http://localhost:7000/randomRequest,1046,0,0
1676158035152,719,HTTP Request,200,,Thread-Gruppe  1-2,text,true,,419,129,100,100,http://localhost:7000/randomRequest,719,0,0
1676158035257,615,HTTP Request,200,,Thread-Gruppe  1-3,text,true,,549,129,100,100,http://localhost:7000/randomRequest,615,0,0
1676158035361,514,HTTP Request,200,,Thread-Gruppe  1-72,text,true,,416,129,100,100,http://localhost:7000/randomRequest,514,0,1
1676158035262,613,HTTP Request,200,,Thread-Gruppe  1-76,text,true,,558,129,100,100,http://localhost:7000/randomRequest,613,0,1
1676158034743,1131,HTTP Request,200,,Thread-Gruppe  1-59,text,true,,478,129,100,100,http://localhost:7000/randomRequest,1131,0,1
1676158035262,613,HTTP Request,200,,Thread-Gruppe  1-24,text,true,,561,129,100,100,http://localhost:7000/randomRequest,613,0,1
1676158035176,719,HTTP Request,200,,Thread-Gruppe  1-11,text,true,,554,129,100,100,http://localhost:7000/randomRequest,719,0,0
1676158035275,621,HTTP Request,200,,Thread-Gruppe  1-7,text,true,,419,129,100,100,http://localhost:7000/randomRequest,621,0,1
1676158035174,725,HTTP Request,200,,Thread-Gruppe  1-54,text,true,,516,129,100,100,http://localhost:7000/randomRequest,725,0,0
1676158035174,725,HTTP Request,200,,Thread-Gruppe  1-52,text,true,,492,129,100,100,http://localhost:7000/randomRequest,725,0,0
1676158035288,625,HTTP Request,200,,Thread-Gruppe  1-55,text,true,,485,129,100,100,http://localhost:7000/randomRequest,625,0,0
1676158035010,907,HTTP Request,200,,Thread-Gruppe  1-85,text,true,,540,129,100,100,http://localhost:7000/randomRequest,907,0,1
1676158035408,517,HTTP Request,200,,Thread-Gruppe  1-64,text,true,,564,129,100,100,http://localhost:7000/randomRequest,517,0,1
1676158034896,1029,HTTP Request,200,,Thread-Gruppe  1-40,text,true,,479,129,100,100,http://localhost:7000/randomRequest,1029,0,0
1676158035104,824,HTTP Request,200,,Thread-Gruppe  1-58,text,true,,492,129,100,100,http://localhost:7000/randomRequest,824,0,0
1676158035151,820,HTTP Request,200,,Thread-Gruppe  1-30,text,true,,492,129,100,100,http://localhost:7000/randomRequest,820,0,0
1676158035262,717,HTTP Request,200,,Thread-Gruppe  1-51,text,true,,419,129,100,100,http://localhost:7000/randomRequest,717,0,1
1676158035569,410,HTTP Request,200,,Thread-Gruppe  1-28,text,true,,418,129,100,100,http://localhost:7000/randomRequest,410,0,0
1676158035262,717,HTTP Request,200,,Thread-Gruppe  1-50,text,true,,419,129,100,100,http://localhost:7000/randomRequest,717,0,1
1676158035269,720,HTTP Request,200,,Thread-Gruppe  1-43,text,true,,1550,129,100,100,http://localhost:7000/randomRequest,720,0,1
1676158035282,720,HTTP Request,200,,Thread-Gruppe  1-35,text,true,,419,129,100,100,http://localhost:7000/randomRequest,720,0,0
1676158035288,725,HTTP Request,200,,Thread-Gruppe  1-77,text,true,,492,129,100,100,http://localhost:7000/randomRequest,725,0,0
1676158035194,824,HTTP Request,200,,Thread-Gruppe  1-89,text,true,,490,129,100,100,http://localhost:7000/randomRequest,824,0,0
1676158035214,822,HTTP Request,200,,Thread-Gruppe  1-5,text,true,,492,129,100,100,http://localhost:7000/randomRequest,822,0,0
1676158035230,822,HTTP Request,200,,Thread-Gruppe  1-79,text,true,,488,129,100,100,http://localhost:7000/randomRequest,822,0,0
1676158035366,714,HTTP Request,200,,Thread-Gruppe  1-70,text,true,,490,129,100,100,http://localhost:7000/randomRequest,714,0,1
1676158035183,896,HTTP Request,200,,Thread-Gruppe  1-62,text,true,,647,129,100,100,http://localhost:7000/randomRequest,896,0,0
1676158035158,921,HTTP Request,200,,Thread-Gruppe  1-87,text,true,,414,129,100,100,http://localhost:7000/randomRequest,921,0,0
1676158035486,614,HTTP Request,200,,Thread-Gruppe  1-86,text,true,,419,129,100,100,http://localhost:7000/randomRequest,614,0,1
1676158034658,1441,HTTP Request,200,,Thread-Gruppe  1-84,text,true,,633,129,100,100,http://localhost:7000/randomRequest,1441,0,0
1676158035382,720,HTTP Request,200,,Thread-Gruppe  1-90,text,true,,400,129,100,100,http://localhost:7000/randomRequest,720,0,0
1676158035506,613,HTTP Request,200,,Thread-Gruppe  1-20,text,true,,492,129,100,100,http://localhost:7000/randomRequest,613,0,0
1676158035215,904,HTTP Request,200,,Thread-Gruppe  1-93,text,true,,645,129,100,100,http://localhost:7000/randomRequest,904,0,1
1676158035311,822,HTTP Request,200,,Thread-Gruppe  1-22,text,true,,419,129,100,100,http://localhost:7000/randomRequest,822,0,1
1676158035188,945,HTTP Request,200,,Thread-Gruppe  1-8,text,true,,676,129,100,100,http://localhost:7000/randomRequest,945,0,0
1676158035521,613,HTTP Request,200,,Thread-Gruppe  1-25,text,true,,488,129,100,100,http://localhost:7000/randomRequest,613,0,0
1676158035626,516,HTTP Request,200,,Thread-Gruppe  1-26,text,true,,549,129,100,100,http://localhost:7000/randomRequest,516,0,0
1676158034620,1522,HTTP Request,200,,Thread-Gruppe  1-71,text,true,,643,129,100,100,http://localhost:7000/randomRequest,1522,0,3
1676158035318,852,HTTP Request,200,,Thread-Gruppe  1-18,text,true,,417,129,100,100,http://localhost:7000/randomRequest,852,0,1
1676158035462,718,HTTP Request,200,,Thread-Gruppe  1-82,text,true,,492,129,100,100,http://localhost:7000/randomRequest,718,0,0
1676158035361,819,HTTP Request,200,,Thread-Gruppe  1-6,text,true,,490,129,100,100,http://localhost:7000/randomRequest,819,0,1
1676158035572,619,HTTP Request,200,,Thread-Gruppe  1-41,text,true,,488,129,100,100,http://localhost:7000/randomRequest,619,0,0
1676158035465,737,HTTP Request,200,,Thread-Gruppe  1-53,text,true,,665,129,100,100,http://localhost:7000/randomRequest,737,0,0
1676158035486,720,HTTP Request,200,,Thread-Gruppe  1-23,text,true,,419,129,100,100,http://localhost:7000/randomRequest,720,0,1
1676158035385,821,HTTP Request,200,,Thread-Gruppe  1-12,text,true,,418,129,100,100,http://localhost:7000/randomRequest,821,0,0
1676158035374,851,HTTP Request,200,,Thread-Gruppe  1-15,text,true,,415,129,100,100,http://localhost:7000/randomRequest,851,0,0
1676158035758,513,HTTP Request,200,,Thread-Gruppe  1-73,text,true,,492,129,100,100,http://localhost:7000/randomRequest,513,0,0
1676158034861,1409,HTTP Request,200,,Thread-Gruppe  1-88,text,true,,526,129,100,100,http://localhost:7000/randomRequest,1409,0,0
1676158034744,1539,HTTP Request,200,,Thread-Gruppe  1-1,text,true,,488,129,100,100,http://localhost:7000/randomRequest,1539,0,1
1676158035569,715,HTTP Request,200,,Thread-Gruppe  1-21,text,true,,563,129,100,100,http://localhost:7000/randomRequest,715,0,0
1676158035569,715,HTTP Request,200,,Thread-Gruppe  1-91,text,true,,403,129,100,100,http://localhost:7000/randomRequest,715,0,0
1676158035471,818,HTTP Request,200,,Thread-Gruppe  1-4,text,true,,492,129,100,100,http://localhost:7000/randomRequest,818,0,0
1676158035775,514,HTTP Request,200,,Thread-Gruppe  1-13,text,true,,556,129,100,100,http://localhost:7000/randomRequest,514,0,0
1676158035556,742,HTTP Request,200,,Thread-Gruppe  1-47,text,true,,417,129,100,100,http://localhost:7000/randomRequest,742,0,0
1676158035403,895,HTTP Request,200,,Thread-Gruppe  1-46,text,true,,643,129,100,100,http://localhost:7000/randomRequest,895,0,0
1676158035471,827,HTTP Request,200,,Thread-Gruppe  1-100,text,true,,556,129,100,100,http://localhost:7000/randomRequest,827,0,0
1676158035569,733,HTTP Request,200,,Thread-Gruppe  1-65,text,true,,417,129,100,100,http://localhost:7000/randomRequest,733,0,0
1676158035589,713,HTTP Request,200,,Thread-Gruppe  1-94,text,true,,419,129,100,100,http://localhost:7000/randomRequest,713,0,1
1676158035815,514,HTTP Request,200,,Thread-Gruppe  1-33,text,true,,419,129,100,100,http://localhost:7000/randomRequest,514,0,0
1676158035513,817,HTTP Request,200,,Thread-Gruppe  1-34,text,true,,561,129,100,100,http://localhost:7000/randomRequest,817,0,1
1676158035434,919,HTTP Request,200,,Thread-Gruppe  1-45,text,true,,483,129,100,100,http://localhost:7000/randomRequest,919,0,0
1676158035052,1301,HTTP Request,200,,Thread-Gruppe  1-75,text,true,,495,129,100,100,http://localhost:7000/randomRequest,1301,0,0
1676158035471,904,HTTP Request,200,,Thread-Gruppe  1-48,text,true,,540,129,100,100,http://localhost:7000/randomRequest,904,0,0
1676158035767,609,HTTP Request,200,,Thread-Gruppe  1-66,text,true,,555,129,100,100,http://localhost:7000/randomRequest,609,0,0
1676158035875,512,HTTP Request,200,,Thread-Gruppe  1-24,text,true,,417,129,100,100,http://localhost:7000/randomRequest,512,0,1
1676158035875,512,HTTP Request,200,,Thread-Gruppe  1-72,text,true,,416,129,100,100,http://localhost:7000/randomRequest,512,0,1
1676158035872,515,HTTP Request,200,,Thread-Gruppe  1-2,text,true,,545,129,100,100,http://localhost:7000/randomRequest,515,0,0
1676158035775,618,HTTP Request,200,,Thread-Gruppe  1-56,text,true,,419,129,100,100,http://localhost:7000/randomRequest,618,0,0
1676158035709,720,HTTP Request,200,,Thread-Gruppe  1-78,text,true,,488,129,100,100,http://localhost:7000/randomRequest,720,0,0
1676158035174,1256,HTTP Request,200,,Thread-Gruppe  1-61,text,true,,675,129,100,100,http://localhost:7000/randomRequest,1256,0,0
1676158034888,1542,HTTP Request,200,,Thread-Gruppe  1-9,text,true,,492,129,100,100,http://localhost:7000/randomRequest,1542,0,1
1676158036134,310,HTTP Request,200,,Thread-Gruppe  1-8,text,true,,419,129,100,100,http://localhost:7000/randomRequest,310,0,1
1676158036052,406,HTTP Request,200,,Thread-Gruppe  1-79,text,true,,419,129,100,100,http://localhost:7000/randomRequest,406,0,0
1676158035161,1330,HTTP Request,200,,Thread-Gruppe  1-36,text,true,,492,129,100,100,http://localhost:7000/randomRequest,1330,0,0
1676158035979,514,HTTP Request,200,,Thread-Gruppe  1-50,text,true,,548,129,100,100,http://localhost:7000/randomRequest,514,0,0
1676158035692,811,HTTP Request,200,,Thread-Gruppe  1-37,text,true,,633,129,100,100,http://localhost:7000/randomRequest,811,0,0
1676158035609,906,HTTP Request,200,,Thread-Gruppe  1-68,text,true,,643,129,100,100,http://localhost:7000/randomRequest,906,0,0
1676158035590,925,HTTP Request,200,,Thread-Gruppe  1-10,text,true,,490,129,100,100,http://localhost:7000/randomRequest,925,0,0
1676158035690,825,HTTP Request,200,,Thread-Gruppe  1-19,text,true,,545,129,100,100,http://localhost:7000/randomRequest,825,0,0
1676158035900,615,HTTP Request,200,,Thread-Gruppe  1-54,text,true,,414,129,100,100,http://localhost:7000/randomRequest,615,0,0
1676158036013,516,HTTP Request,200,,Thread-Gruppe  1-77,text,true,,418,129,100,100,http://localhost:7000/randomRequest,516,0,0
1676158036120,414,HTTP Request,200,,Thread-Gruppe  1-93,text,true,,553,129,100,100,http://localhost:7000/randomRequest,414,0,1
1676158036019,515,HTTP Request,200,,Thread-Gruppe  1-89,text,true,,418,129,100,100,http://localhost:7000/randomRequest,515,0,0
1676158035521,1031,HTTP Request,200,,Thread-Gruppe  1-97,text,true,,486,129,100,100,http://localhost:7000/randomRequest,1031,0,0
1676158035830,722,HTTP Request,200,,Thread-Gruppe  1-67,text,true,,402,129,100,100,http://localhost:7000/randomRequest,722,0,1
1676158035845,720,HTTP Request,200,,Thread-Gruppe  1-29,text,true,,486,129,100,100,http://localhost:7000/randomRequest,720,0,0
1676158035657,919,HTTP Request,200,,Thread-Gruppe  1-96,text,true,,552,129,100,100,http://localhost:7000/randomRequest,919,0,0
1676158035672,924,HTTP Request,200,,Thread-Gruppe  1-81,text,true,,492,129,100,100,http://localhost:7000/randomRequest,924,0,0
1676158006551,30058,HTTP Request,500,,Thread-Gruppe  1-92,text,false,,258,129,100,100,http://localhost:7000/randomRequest,30058,0,0
1676158036119,511,HTTP Request,200,,Thread-Gruppe  1-20,text,true,,564,129,100,100,http://localhost:7000/randomRequest,511,0,0
1676158035500,1134,HTTP Request,200,,Thread-Gruppe  1-31,text,true,,490,129,100,100,http://localhost:7000/randomRequest,1134,0,0
1676158035815,848,HTTP Request,200,,Thread-Gruppe  1-16,text,true,,677,129,100,100,http://localhost:7000/randomRequest,848,0,0
1676158035913,750,HTTP Request,200,,Thread-Gruppe  1-55,text,true,,414,129,100,100,http://localhost:7000/randomRequest,750,0,0
1676158035534,1129,HTTP Request,200,,Thread-Gruppe  1-14,text,true,,485,129,100,100,http://localhost:7000/randomRequest,1129,0,1
1676158035743,920,HTTP Request,200,,Thread-Gruppe  1-38,text,true,,551,129,100,100,http://localhost:7000/randomRequest,920,0,0
1676158036284,414,HTTP Request,200,,Thread-Gruppe  1-91,text,true,,540,129,100,100,http://localhost:7000/randomRequest,414,0,1
1676158035875,824,HTTP Request,200,,Thread-Gruppe  1-59,text,true,,418,129,100,100,http://localhost:7000/randomRequest,824,0,1
1676158035979,720,HTTP Request,200,,Thread-Gruppe  1-51,text,true,,419,129,100,100,http://localhost:7000/randomRequest,720,0,0
1676158036289,410,HTTP Request,200,,Thread-Gruppe  1-13,text,true,,419,129,100,100,http://localhost:7000/randomRequest,410,0,1
1676158035989,721,HTTP Request,200,,Thread-Gruppe  1-43,text,true,,481,129,100,100,http://localhost:7000/randomRequest,721,0,1
1676158036191,519,HTTP Request,200,,Thread-Gruppe  1-41,text,true,,569,129,100,100,http://localhost:7000/randomRequest,519,0,0
1676158035900,820,HTTP Request,200,,Thread-Gruppe  1-52,text,true,,561,129,100,100,http://localhost:7000/randomRequest,820,0,0
1676158035743,1020,HTTP Request,200,,Thread-Gruppe  1-74,text,true,,541,129,100,100,http://localhost:7000/randomRequest,1020,0,0
1676158036170,610,HTTP Request,200,,Thread-Gruppe  1-18,text,true,,488,129,100,100,http://localhost:7000/randomRequest,610,0,1
1676158035875,927,HTTP Request,200,,Thread-Gruppe  1-76,text,true,,492,129,100,100,http://localhost:7000/randomRequest,927,0,1
1676158036080,722,HTTP Request,200,,Thread-Gruppe  1-70,text,true,,415,129,100,100,http://localhost:7000/randomRequest,722,0,0
1676158035717,1093,HTTP Request,200,,Thread-Gruppe  1-83,text,true,,495,129,100,100,http://localhost:7000/randomRequest,1093,0,0
1676158035486,1324,HTTP Request,200,,Thread-Gruppe  1-80,text,true,,541,129,100,100,http://localhost:7000/randomRequest,1324,0,1
1676158035896,926,HTTP Request,200,,Thread-Gruppe  1-7,text,true,,548,129,100,100,http://localhost:7000/randomRequest,926,0,0
1676158035792,1032,HTTP Request,200,,Thread-Gruppe  1-32,text,true,,492,129,100,100,http://localhost:7000/randomRequest,1032,0,1
1676158035926,898,HTTP Request,200,,Thread-Gruppe  1-40,text,true,,495,129,100,100,http://localhost:7000/randomRequest,898,0,0
1676158036002,822,HTTP Request,200,,Thread-Gruppe  1-35,text,true,,402,129,100,100,http://localhost:7000/randomRequest,822,0,0
1676158036100,724,HTTP Request,200,,Thread-Gruppe  1-86,text,true,,492,129,100,100,http://localhost:7000/randomRequest,724,0,1
1676158036299,535,HTTP Request,200,,Thread-Gruppe  1-100,text,true,,675,129,100,100,http://localhost:7000/randomRequest,535,0,0
1676158035919,923,HTTP Request,200,,Thread-Gruppe  1-85,text,true,,552,129,100,100,http://localhost:7000/randomRequest,923,0,0
1676158035925,927,HTTP Request,200,,Thread-Gruppe  1-64,text,true,,492,129,100,100,http://localhost:7000/randomRequest,927,0,1
1676158035929,930,HTTP Request,200,,Thread-Gruppe  1-58,text,true,,492,129,100,100,http://localhost:7000/randomRequest,930,0,0
1676158036144,719,HTTP Request,200,,Thread-Gruppe  1-71,text,true,,419,129,100,100,http://localhost:7000/randomRequest,719,0,0
1676158036037,826,HTTP Request,200,,Thread-Gruppe  1-5,text,true,,548,129,100,100,http://localhost:7000/randomRequest,826,0,0
1676158036376,504,HTTP Request,200,,Thread-Gruppe  1-66,text,true,,416,129,100,100,http://localhost:7000/randomRequest,504,0,0
1676158036180,722,HTTP Request,200,,Thread-Gruppe  1-6,text,true,,419,129,100,100,http://localhost:7000/randomRequest,722,0,0
1676158036080,822,HTTP Request,200,,Thread-Gruppe  1-87,text,true,,553,129,100,100,http://localhost:7000/randomRequest,822,0,0
1676158036202,722,HTTP Request,200,,Thread-Gruppe  1-53,text,true,,554,129,100,100,http://localhost:7000/randomRequest,722,0,0
1676158035176,1825,HTTP Request,200,,Thread-Gruppe  1-27,text,true,,527,129,100,100,http://localhost:7000/randomRequest,1825,0,0
1676158036289,714,HTTP Request,200,,Thread-Gruppe  1-4,text,true,,403,129,100,100,http://localhost:7000/randomRequest,714,0,1
1676158036080,934,HTTP Request,200,,Thread-Gruppe  1-62,text,true,,417,129,100,100,http://localhost:7000/randomRequest,934,0,0
1676158036302,718,HTTP Request,200,,Thread-Gruppe  1-94,text,true,,545,129,100,100,http://localhost:7000/randomRequest,718,0,0
1676158034646,2379,HTTP Request,200,,Thread-Gruppe  1-60,text,true,,527,129,100,100,http://localhost:7000/randomRequest,2379,0,1
1676158035534,1493,HTTP Request,200,,Thread-Gruppe  1-99,text,true,,643,129,100,100,http://localhost:7000/randomRequest,1493,0,1
1676158035722,1305,HTTP Request,200,,Thread-Gruppe  1-69,text,true,,533,129,100,100,http://localhost:7000/randomRequest,1305,0,1
1676158036100,946,HTTP Request,200,,Thread-Gruppe  1-84,text,true,,670,129,100,100,http://localhost:7000/randomRequest,946,0,1
1676158036431,615,HTTP Request,200,,Thread-Gruppe  1-9,text,true,,552,129,100,100,http://localhost:7000/randomRequest,615,0,0
1676158036330,723,HTTP Request,200,,Thread-Gruppe  1-34,text,true,,561,129,100,100,http://localhost:7000/randomRequest,723,0,0
1676158036552,513,HTTP Request,200,,Thread-Gruppe  1-97,text,true,,559,129,100,100,http://localhost:7000/randomRequest,513,0,1
1676158036271,810,HTTP Request,200,,Thread-Gruppe  1-88,text,true,,562,129,100,100,http://localhost:7000/randomRequest,810,0,1
1676158036375,707,HTTP Request,200,,Thread-Gruppe  1-48,text,true,,419,129,100,100,http://localhost:7000/randomRequest,707,0,0
1676158036284,822,HTTP Request,200,,Thread-Gruppe  1-21,text,true,,550,129,100,100,http://localhost:7000/randomRequest,822,0,1
1676158035972,1134,HTTP Request,200,,Thread-Gruppe  1-30,text,true,,487,129,100,100,http://localhost:7000/randomRequest,1134,0,0
1676158036180,926,HTTP Request,200,,Thread-Gruppe  1-82,text,true,,490,129,100,100,http://localhost:7000/randomRequest,926,0,0
1676158036596,535,HTTP Request,200,,Thread-Gruppe  1-81,text,true,,417,129,100,100,http://localhost:7000/randomRequest,535,0,1
1676158036206,925,HTTP Request,200,,Thread-Gruppe  1-12,text,true,,492,129,100,100,http://localhost:7000/randomRequest,925,0,0
1676158036515,616,HTTP Request,200,,Thread-Gruppe  1-54,text,true,,492,129,100,100,http://localhost:7000/randomRequest,616,0,1
1676158035743,1397,HTTP Request,200,,Thread-Gruppe  1-95,text,true,,537,129,100,100,http://localhost:7000/randomRequest,1397,0,0
1676158036630,512,HTTP Request,200,,Thread-Gruppe  1-20,text,true,,482,129,100,100,http://localhost:7000/randomRequest,512,0,0
1676158036534,608,HTTP Request,200,,Thread-Gruppe  1-89,text,true,,492,129,100,100,http://localhost:7000/randomRequest,608,0,0
1676158036431,720,HTTP Request,200,,Thread-Gruppe  1-61,text,true,,481,129,100,100,http://localhost:7000/randomRequest,720,0,0
1676158035979,1208,HTTP Request,200,,Thread-Gruppe  1-28,text,true,,536,129,100,100,http://localhost:7000/randomRequest,1208,0,0
1676158036102,1085,HTTP Request,200,,Thread-Gruppe  1-90,text,true,,537,129,100,100,http://localhost:7000/randomRequest,1085,0,0
1676158035872,1315,HTTP Request,200,,Thread-Gruppe  1-3,text,true,,527,129,100,100,http://localhost:7000/randomRequest,1315,0,0
1676158036353,834,HTTP Request,200,,Thread-Gruppe  1-45,text,true,,419,129,100,100,http://localhost:7000/randomRequest,834,0,1
1676158036133,1107,HTTP Request,200,,Thread-Gruppe  1-22,text,true,,641,129,100,100,http://localhost:7000/randomRequest,1107,0,0
1676158036529,718,HTTP Request,200,,Thread-Gruppe  1-77,text,true,,416,129,100,100,http://localhost:7000/randomRequest,718,0,1
1676158036142,1117,HTTP Request,200,,Thread-Gruppe  1-26,text,true,,541,129,100,100,http://localhost:7000/randomRequest,1117,0,0
1676158036663,607,HTTP Request,200,,Thread-Gruppe  1-14,text,true,,403,129,100,100,http://localhost:7000/randomRequest,607,0,0
1676158036492,778,HTTP Request,200,,Thread-Gruppe  1-36,text,true,,633,129,100,100,http://localhost:7000/randomRequest,778,0,0
1676158036565,716,HTTP Request,200,,Thread-Gruppe  1-29,text,true,,419,129,100,100,http://localhost:7000/randomRequest,716,0,0
1676158035896,1393,HTTP Request,200,,Thread-Gruppe  1-11,text,true,,534,129,100,100,http://localhost:7000/randomRequest,1393,0,0
1676158036576,713,HTTP Request,200,,Thread-Gruppe  1-96,text,true,,481,129,100,100,http://localhost:7000/randomRequest,713,0,0
1676158036388,921,HTTP Request,200,,Thread-Gruppe  1-24,text,true,,492,129,100,100,http://localhost:7000/randomRequest,921,0,0
1676158036388,921,HTTP Request,200,,Thread-Gruppe  1-2,text,true,,419,129,100,100,http://localhost:7000/randomRequest,921,0,0
1676158036493,816,HTTP Request,200,,Thread-Gruppe  1-50,text,true,,530,129,100,100,http://localhost:7000/randomRequest,816,0,0
1676158036802,512,HTTP Request,200,,Thread-Gruppe  1-70,text,true,,418,129,100,100,http://localhost:7000/randomRequest,512,0,1
1676158036810,510,HTTP Request,200,,Thread-Gruppe  1-83,text,true,,419,129,100,100,http://localhost:7000/randomRequest,510,0,1
1676158036503,822,HTTP Request,200,,Thread-Gruppe  1-37,text,true,,486,129,100,100,http://localhost:7000/randomRequest,822,0,0
1676158036515,817,HTTP Request,200,,Thread-Gruppe  1-19,text,true,,492,129,100,100,http://localhost:7000/randomRequest,817,0,1
1676158036534,821,HTTP Request,200,,Thread-Gruppe  1-93,text,true,,492,129,100,100,http://localhost:7000/randomRequest,821,0,0
1676158036444,916,HTTP Request,200,,Thread-Gruppe  1-8,text,true,,403,129,100,100,http://localhost:7000/randomRequest,916,0,1
1676158036302,1111,HTTP Request,200,,Thread-Gruppe  1-65,text,true,,491,129,100,100,http://localhost:7000/randomRequest,1111,0,0
1676158036698,719,HTTP Request,200,,Thread-Gruppe  1-91,text,true,,414,129,100,100,http://localhost:7000/randomRequest,719,0,0
1676158036299,1125,HTTP Request,200,,Thread-Gruppe  1-46,text,true,,402,129,100,100,http://localhost:7000/randomRequest,1125,0,0
1676158036299,1125,HTTP Request,200,,Thread-Gruppe  1-47,text,true,,492,129,100,100,http://localhost:7000/randomRequest,1125,0,0
1676158036710,714,HTTP Request,200,,Thread-Gruppe  1-43,text,true,,553,129,100,100,http://localhost:7000/randomRequest,714,0,0
1676158036824,611,HTTP Request,200,,Thread-Gruppe  1-86,text,true,,419,129,100,100,http://localhost:7000/randomRequest,611,0,1
1676158035720,1715,HTTP Request,200,,Thread-Gruppe  1-44,text,true,,541,129,100,100,http://localhost:7000/randomRequest,1715,0,0
1676158036720,715,HTTP Request,200,,Thread-Gruppe  1-52,text,true,,419,129,100,100,http://localhost:7000/randomRequest,715,0,0
1676158036822,614,HTTP Request,200,,Thread-Gruppe  1-7,text,true,,561,129,100,100,http://localhost:7000/randomRequest,614,0,0
1676158036330,1134,HTTP Request,200,,Thread-Gruppe  1-33,text,true,,1348,129,100,100,http://localhost:7000/randomRequest,1134,0,0
1676158036134,1337,HTTP Request,200,,Thread-Gruppe  1-25,text,true,,403,129,100,100,http://localhost:7000/randomRequest,1337,0,1
1676158036859,616,HTTP Request,200,,Thread-Gruppe  1-58,text,true,,553,129,100,100,http://localhost:7000/randomRequest,616,0,0
1676158036393,1117,HTTP Request,200,,Thread-Gruppe  1-56,text,true,,554,129,100,100,http://localhost:7000/randomRequest,1117,0,0
1676158036699,814,HTTP Request,200,,Thread-Gruppe  1-13,text,true,,489,129,100,100,http://localhost:7000/randomRequest,814,0,0
1676158036699,814,HTTP Request,200,,Thread-Gruppe  1-59,text,true,,563,129,100,100,http://localhost:7000/randomRequest,814,0,0
1676158036699,814,HTTP Request,200,,Thread-Gruppe  1-51,text,true,,838,129,100,100,http://localhost:7000/randomRequest,814,0,0
1676158036824,711,HTTP Request,200,,Thread-Gruppe  1-40,text,true,,381,129,100,100,http://localhost:7000/randomRequest,711,0,1
1676158036824,715,HTTP Request,200,,Thread-Gruppe  1-35,text,true,,492,129,100,100,http://localhost:7000/randomRequest,715,0,1
1676158036924,616,HTTP Request,200,,Thread-Gruppe  1-53,text,true,,417,129,100,100,http://localhost:7000/randomRequest,616,0,1
1676158037027,518,HTTP Request,200,,Thread-Gruppe  1-69,text,true,,557,129,100,100,http://localhost:7000/randomRequest,518,0,0
1676158037047,513,HTTP Request,200,,Thread-Gruppe  1-9,text,true,,419,129,100,100,http://localhost:7000/randomRequest,513,0,0
1676158036663,916,HTTP Request,200,,Thread-Gruppe  1-16,text,true,,492,129,100,100,http://localhost:7000/randomRequest,916,0,0
1676158036206,1407,HTTP Request,200,,Thread-Gruppe  1-23,text,true,,541,129,100,100,http://localhost:7000/randomRequest,1407,0,0
1676158037106,514,HTTP Request,200,,Thread-Gruppe  1-21,text,true,,403,129,100,100,http://localhost:7000/randomRequest,514,0,1
1676158036902,719,HTTP Request,200,,Thread-Gruppe  1-87,text,true,,557,129,100,100,http://localhost:7000/randomRequest,719,0,1
1676158036810,820,HTTP Request,200,,Thread-Gruppe  1-80,text,true,,553,129,100,100,http://localhost:7000/randomRequest,820,0,1
1676158036515,1120,HTTP Request,200,,Thread-Gruppe  1-68,text,true,,419,129,100,100,http://localhost:7000/randomRequest,1120,0,1
1676158036515,1127,HTTP Request,200,,Thread-Gruppe  1-10,text,true,,485,129,100,100,http://localhost:7000/randomRequest,1127,0,1
1676158036429,1231,HTTP Request,200,,Thread-Gruppe  1-78,text,true,,492,129,100,100,http://localhost:7000/randomRequest,1231,0,1
1676158037053,617,HTTP Request,200,,Thread-Gruppe  1-34,text,true,,419,129,100,100,http://localhost:7000/randomRequest,617,0,0
1676158036552,1126,HTTP Request,200,,Thread-Gruppe  1-67,text,true,,492,129,100,100,http://localhost:7000/randomRequest,1126,0,1
1676158035667,2011,HTTP Request,200,,Thread-Gruppe  1-42,text,true,,535,129,100,100,http://localhost:7000/randomRequest,2011,0,0
1676158036863,816,HTTP Request,200,,Thread-Gruppe  1-71,text,true,,492,129,100,100,http://localhost:7000/randomRequest,816,0,0
1676158036863,820,HTTP Request,200,,Thread-Gruppe  1-5,text,true,,554,129,100,100,http://localhost:7000/randomRequest,820,0,0
1676158036271,1412,HTTP Request,200,,Thread-Gruppe  1-73,text,true,,495,129,100,100,http://localhost:7000/randomRequest,1412,0,1
1676158036663,1020,HTTP Request,200,,Thread-Gruppe  1-38,text,true,,492,129,100,100,http://localhost:7000/randomRequest,1020,0,0
1676158036663,1051,HTTP Request,200,,Thread-Gruppe  1-55,text,true,,587,129,100,100,http://localhost:7000/randomRequest,1051,0,0
1676158036802,920,HTTP Request,200,,Thread-Gruppe  1-76,text,true,,533,129,100,100,http://localhost:7000/randomRequest,920,0,1
1676158037014,716,HTTP Request,200,,Thread-Gruppe  1-62,text,true,,562,129,100,100,http://localhost:7000/randomRequest,716,0,0
1676158036611,1128,HTTP Request,200,,Thread-Gruppe  1-92,text,true,,490,129,100,100,http://localhost:7000/randomRequest,1128,0,0
1676158037027,721,HTTP Request,200,,Thread-Gruppe  1-99,text,true,,552,129,100,100,http://localhost:7000/randomRequest,721,0,0
1676158036354,1394,HTTP Request,200,,Thread-Gruppe  1-75,text,true,,541,129,100,100,http://localhost:7000/randomRequest,1394,0,0
1676158036459,1319,HTTP Request,200,,Thread-Gruppe  1-79,text,true,,492,129,100,100,http://localhost:7000/randomRequest,1319,0,0
1676158036780,1025,HTTP Request,200,,Thread-Gruppe  1-18,text,true,,489,129,100,100,http://localhost:7000/randomRequest,1025,0,0
1676158037309,514,HTTP Request,200,,Thread-Gruppe  1-50,text,true,,560,129,100,100,http://localhost:7000/randomRequest,514,0,1
1676158036388,1435,HTTP Request,200,,Thread-Gruppe  1-72,text,true,,488,129,100,100,http://localhost:7000/randomRequest,1435,0,0
1676158037003,822,HTTP Request,200,,Thread-Gruppe  1-4,text,true,,488,129,100,100,http://localhost:7000/randomRequest,822,0,0
1676158037106,719,HTTP Request,200,,Thread-Gruppe  1-30,text,true,,570,129,100,100,http://localhost:7000/randomRequest,719,0,1
1676158037424,411,HTTP Request,200,,Thread-Gruppe  1-43,text,true,,419,129,100,100,http://localhost:7000/randomRequest,411,0,0
1676158037325,519,HTTP Request,200,,Thread-Gruppe  1-37,text,true,,492,129,100,100,http://localhost:7000/randomRequest,519,0,0
1676158036834,1034,HTTP Request,200,,Thread-Gruppe  1-100,text,true,,537,129,100,100,http://localhost:7000/randomRequest,1034,0,1
1676158037247,621,HTTP Request,200,,Thread-Gruppe  1-77,text,true,,403,129,100,100,http://localhost:7000/randomRequest,621,0,0
1676158037142,726,HTTP Request,200,,Thread-Gruppe  1-20,text,true,,490,129,100,100,http://localhost:7000/randomRequest,726,0,0
1676158037140,733,HTTP Request,200,,Thread-Gruppe  1-95,text,true,,519,129,100,100,http://localhost:7000/randomRequest,733,0,0
1676158036763,1120,HTTP Request,200,,Thread-Gruppe  1-74,text,true,,488,129,100,100,http://localhost:7000/randomRequest,1120,0,0
1676158037289,616,HTTP Request,200,,Thread-Gruppe  1-11,text,true,,492,129,100,100,http://localhost:7000/randomRequest,616,0,1
1676158037081,824,HTTP Request,200,,Thread-Gruppe  1-88,text,true,,417,129,100,100,http://localhost:7000/randomRequest,824,0,0
1676158036710,1200,HTTP Request,200,,Thread-Gruppe  1-41,text,true,,537,129,100,100,http://localhost:7000/randomRequest,1200,0,0
1676158037106,819,HTTP Request,200,,Thread-Gruppe  1-82,text,true,,419,129,100,100,http://localhost:7000/randomRequest,819,0,1
1676158037309,618,HTTP Request,200,,Thread-Gruppe  1-2,text,true,,419,129,100,100,http://localhost:7000/randomRequest,618,0,1
1676158037003,927,HTTP Request,200,,Thread-Gruppe  1-27,text,true,,492,129,100,100,http://localhost:7000/randomRequest,927,0,0
1676158036634,1309,HTTP Request,200,,Thread-Gruppe  1-31,text,true,,537,129,100,100,http://localhost:7000/randomRequest,1309,0,1
1676158037047,925,HTTP Request,200,,Thread-Gruppe  1-84,text,true,,481,129,100,100,http://localhost:7000/randomRequest,925,0,0
1676158037360,616,HTTP Request,200,,Thread-Gruppe  1-8,text,true,,418,129,100,100,http://localhost:7000/randomRequest,616,0,0
1676158037259,717,HTTP Request,200,,Thread-Gruppe  1-26,text,true,,417,129,100,100,http://localhost:7000/randomRequest,717,0,1
1676158036842,1143,HTTP Request,200,,Thread-Gruppe  1-85,text,true,,569,129,100,100,http://localhost:7000/randomRequest,1143,0,0
1676158036284,1701,HTTP Request,200,,Thread-Gruppe  1-1,text,true,,527,129,100,100,http://localhost:7000/randomRequest,1701,0,1
1676158037475,518,HTTP Request,200,,Thread-Gruppe  1-58,text,true,,418,129,100,100,http://localhost:7000/randomRequest,518,0,0
1676158036902,1103,HTTP Request,200,,Thread-Gruppe  1-6,text,true,,541,129,100,100,http://localhost:7000/randomRequest,1103,0,1
1676158037151,859,HTTP Request,200,,Thread-Gruppe  1-61,text,true,,417,129,100,100,http://localhost:7000/randomRequest,859,0,0
1676158037510,511,HTTP Request,200,,Thread-Gruppe  1-56,text,true,,403,129,100,100,http://localhost:7000/randomRequest,511,0,0
1676158037513,513,HTTP Request,200,,Thread-Gruppe  1-59,text,true,,492,129,100,100,http://localhost:7000/randomRequest,513,0,0
1676158037131,905,HTTP Request,200,,Thread-Gruppe  1-12,text,true,,525,129,100,100,http://localhost:7000/randomRequest,905,0,0
1676158037642,418,HTTP Request,200,,Thread-Gruppe  1-10,text,true,,419,129,100,100,http://localhost:7000/randomRequest,418,0,1
1676158037027,1046,HTTP Request,200,,Thread-Gruppe  1-60,text,true,,568,129,100,100,http://localhost:7000/randomRequest,1046,0,0
1676158037065,1024,HTTP Request,200,,Thread-Gruppe  1-97,text,true,,403,129,100,100,http://localhost:7000/randomRequest,1024,0,1
1676158037309,819,HTTP Request,200,,Thread-Gruppe  1-24,text,true,,492,129,100,100,http://localhost:7000/randomRequest,819,0,1
1676158037315,824,HTTP Request,200,,Thread-Gruppe  1-70,text,true,,492,129,100,100,http://localhost:7000/randomRequest,824,0,0
1676158037630,512,HTTP Request,200,,Thread-Gruppe  1-80,text,true,,416,129,100,100,http://localhost:7000/randomRequest,512,0,1
1676158037436,728,HTTP Request,200,,Thread-Gruppe  1-7,text,true,,492,129,100,100,http://localhost:7000/randomRequest,728,0,0
1676158037142,1032,HTTP Request,200,,Thread-Gruppe  1-89,text,true,,492,129,100,100,http://localhost:7000/randomRequest,1032,0,0
1676158036852,1331,HTTP Request,200,,Thread-Gruppe  1-64,text,true,,527,129,100,100,http://localhost:7000/randomRequest,1331,0,1
1676158037670,515,HTTP Request,200,,Thread-Gruppe  1-34,text,true,,419,129,100,100,http://localhost:7000/randomRequest,515,0,1
1676158037471,715,HTTP Request,200,,Thread-Gruppe  1-25,text,true,,561,129,100,100,http://localhost:7000/randomRequest,715,0,1
1676158037579,626,HTTP Request,200,,Thread-Gruppe  1-16,text,true,,492,129,100,100,http://localhost:7000/randomRequest,626,0,0
1676158037187,1018,HTTP Request,200,,Thread-Gruppe  1-90,text,true,,495,129,100,100,http://localhost:7000/randomRequest,1018,0,0
1676158037684,521,HTTP Request,200,,Thread-Gruppe  1-38,text,true,,555,129,100,100,http://localhost:7000/randomRequest,521,0,0
1676158037187,1019,HTTP Request,200,,Thread-Gruppe  1-28,text,true,,418,129,100,100,http://localhost:7000/randomRequest,1019,0,0
1676158037714,511,HTTP Request,200,,Thread-Gruppe  1-55,text,true,,419,129,100,100,http://localhost:7000/randomRequest,511,0,0
1676158037613,618,HTTP Request,200,,Thread-Gruppe  1-23,text,true,,492,129,100,100,http://localhost:7000/randomRequest,618,0,0
1676158037413,818,HTTP Request,200,,Thread-Gruppe  1-65,text,true,,415,129,100,100,http://localhost:7000/randomRequest,818,0,0
1676158037513,718,HTTP Request,200,,Thread-Gruppe  1-51,text,true,,478,129,100,100,http://localhost:7000/randomRequest,718,0,0
1676158037620,617,HTTP Request,200,,Thread-Gruppe  1-21,text,true,,565,129,100,100,http://localhost:7000/randomRequest,617,0,0
1676158037417,825,HTTP Request,200,,Thread-Gruppe  1-91,text,true,,492,129,100,100,http://localhost:7000/randomRequest,825,0,0
1676158037622,620,HTTP Request,200,,Thread-Gruppe  1-87,text,true,,535,129,100,100,http://localhost:7000/randomRequest,620,0,0
1676158037723,520,HTTP Request,200,,Thread-Gruppe  1-76,text,true,,417,129,100,100,http://localhost:7000/randomRequest,520,0,0
1676158037740,516,HTTP Request,200,,Thread-Gruppe  1-92,text,true,,558,129,100,100,http://localhost:7000/randomRequest,516,0,0
1676158037748,514,HTTP Request,200,,Thread-Gruppe  1-99,text,true,,416,129,100,100,http://localhost:7000/randomRequest,514,0,0
1676158037131,1131,HTTP Request,200,,Thread-Gruppe  1-54,text,true,,633,129,100,100,http://localhost:7000/randomRequest,1131,0,0
1676158037540,739,HTTP Request,200,,Thread-Gruppe  1-35,text,true,,417,129,100,100,http://localhost:7000/randomRequest,739,0,0
1676158037660,619,HTTP Request,200,,Thread-Gruppe  1-78,text,true,,488,129,100,100,http://localhost:7000/randomRequest,619,0,0
1676158037355,924,HTTP Request,200,,Thread-Gruppe  1-93,text,true,,481,129,100,100,http://localhost:7000/randomRequest,924,0,0
1676158037545,744,HTTP Request,200,,Thread-Gruppe  1-69,text,true,,417,129,100,100,http://localhost:7000/randomRequest,744,0,0
1676158037281,1008,HTTP Request,200,,Thread-Gruppe  1-29,text,true,,633,129,100,100,http://localhost:7000/randomRequest,1008,0,0
1676158037678,614,HTTP Request,200,,Thread-Gruppe  1-67,text,true,,419,129,100,100,http://localhost:7000/randomRequest,614,0,0
1676158037684,614,HTTP Request,200,,Thread-Gruppe  1-73,text,true,,564,129,100,100,http://localhost:7000/randomRequest,614,0,0
1676158037187,1131,HTTP Request,200,,Thread-Gruppe  1-45,text,true,,488,129,100,100,http://localhost:7000/randomRequest,1131,0,0
1676158037868,515,HTTP Request,200,,Thread-Gruppe  1-20,text,true,,556,129,100,100,http://localhost:7000/randomRequest,515,0,1
1676158037985,408,HTTP Request,200,,Thread-Gruppe  1-85,text,true,,559,129,100,100,http://localhost:7000/randomRequest,408,0,1
1676158036881,1512,HTTP Request,200,,Thread-Gruppe  1-66,text,true,,541,129,100,100,http://localhost:7000/randomRequest,1512,0,0
1676158037270,1132,HTTP Request,200,,Thread-Gruppe  1-36,text,true,,492,129,100,100,http://localhost:7000/randomRequest,1132,0,1
1676158037905,513,HTTP Request,200,,Thread-Gruppe  1-11,text,true,,573,129,100,100,http://localhost:7000/randomRequest,513,0,0
1676158037806,614,HTTP Request,200,,Thread-Gruppe  1-18,text,true,,419,129,100,100,http://localhost:7000/randomRequest,614,0,0
1676158008418,30004,HTTP Request,500,,Thread-Gruppe  1-17,text,false,,258,129,100,100,http://localhost:7000/randomRequest,30004,0,0
1676158037513,920,HTTP Request,200,,Thread-Gruppe  1-13,text,true,,419,129,100,100,http://localhost:7000/randomRequest,920,0,0
1676158037927,520,HTTP Request,200,,Thread-Gruppe  1-2,text,true,,548,129,100,100,http://localhost:7000/randomRequest,520,0,1
1676158036824,1625,HTTP Request,200,,Thread-Gruppe  1-32,text,true,,541,129,100,100,http://localhost:7000/randomRequest,1625,0,1
1676158037424,1028,HTTP Request,200,,Thread-Gruppe  1-47,text,true,,553,129,100,100,http://localhost:7000/randomRequest,1028,0,0
1676158037332,1132,HTTP Request,200,,Thread-Gruppe  1-19,text,true,,481,129,100,100,http://localhost:7000/randomRequest,1132,0,0
1676158037436,1050,HTTP Request,200,,Thread-Gruppe  1-44,text,true,,417,129,100,100,http://localhost:7000/randomRequest,1050,0,0
1676158038005,515,HTTP Request,200,,Thread-Gruppe  1-6,text,true,,569,129,100,100,http://localhost:7000/randomRequest,515,0,1
1676158037020,1500,HTTP Request,200,,Thread-Gruppe  1-94,text,true,,537,129,100,100,http://localhost:7000/randomRequest,1500,0,0
1676158037131,1397,HTTP Request,200,,Thread-Gruppe  1-81,text,true,,481,129,100,100,http://localhost:7000/randomRequest,1397,0,0
1676158037823,711,HTTP Request,200,,Thread-Gruppe  1-50,text,true,,417,129,100,100,http://localhost:7000/randomRequest,711,0,0
1676158037823,711,HTTP Request,200,,Thread-Gruppe  1-72,text,true,,486,129,100,100,http://localhost:7000/randomRequest,711,0,0
1676158037825,727,HTTP Request,200,,Thread-Gruppe  1-30,text,true,,492,129,100,100,http://localhost:7000/randomRequest,727,0,0
1676158037436,1133,HTTP Request,200,,Thread-Gruppe  1-86,text,true,,550,129,100,100,http://localhost:7000/randomRequest,1133,0,0
1676158037635,935,HTTP Request,200,,Thread-Gruppe  1-68,text,true,,647,129,100,100,http://localhost:7000/randomRequest,935,0,1
1676158037270,1300,HTTP Request,200,,Thread-Gruppe  1-14,text,true,,537,129,100,100,http://localhost:7000/randomRequest,1300,0,1
1676158037560,1030,HTTP Request,200,,Thread-Gruppe  1-9,text,true,,401,129,100,100,http://localhost:7000/randomRequest,1030,0,0
1676158038183,412,HTTP Request,200,,Thread-Gruppe  1-64,text,true,,548,129,100,100,http://localhost:7000/randomRequest,412,0,0
1676158037187,1415,HTTP Request,200,,Thread-Gruppe  1-3,text,true,,633,129,100,100,http://localhost:7000/randomRequest,1415,0,0
1676158037684,921,HTTP Request,200,,Thread-Gruppe  1-5,text,true,,481,129,100,100,http://localhost:7000/randomRequest,921,0,0
1676158037985,625,HTTP Request,200,,Thread-Gruppe  1-1,text,true,,551,129,100,100,http://localhost:7000/randomRequest,625,0,1
1676158038021,612,HTTP Request,200,,Thread-Gruppe  1-56,text,true,,492,129,100,100,http://localhost:7000/randomRequest,612,0,0
1676158038026,616,HTTP Request,200,,Thread-Gruppe  1-59,text,true,,481,129,100,100,http://localhost:7000/randomRequest,616,0,0
1676158037436,1235,HTTP Request,200,,Thread-Gruppe  1-52,text,true,,538,129,100,100,http://localhost:7000/randomRequest,1235,0,0
1676158037844,827,HTTP Request,200,,Thread-Gruppe  1-37,text,true,,565,129,100,100,http://localhost:7000/randomRequest,827,0,0
1676158037082,1613,HTTP Request,200,,Thread-Gruppe  1-48,text,true,,537,129,100,100,http://localhost:7000/randomRequest,1613,0,0
1676158038290,415,HTTP Request,200,,Thread-Gruppe  1-29,text,true,,418,129,100,100,http://localhost:7000/randomRequest,415,0,0
1676158037910,818,HTTP Request,200,,Thread-Gruppe  1-41,text,true,,492,129,100,100,http://localhost:7000/randomRequest,818,0,0
1676158038231,513,HTTP Request,200,,Thread-Gruppe  1-65,text,true,,548,129,100,100,http://localhost:7000/randomRequest,513,0,0
1676158038447,308,HTTP Request,200,,Thread-Gruppe  1-2,text,true,,419,129,100,100,http://localhost:7000/randomRequest,308,0,0
1676158037835,924,HTTP Request,200,,Thread-Gruppe  1-43,text,true,,488,129,100,100,http://localhost:7000/randomRequest,924,0,0
1676158037925,844,HTTP Request,200,,Thread-Gruppe  1-82,text,true,,574,129,100,100,http://localhost:7000/randomRequest,844,0,0
1676158037748,1023,HTTP Request,200,,Thread-Gruppe  1-75,text,true,,540,129,100,100,http://localhost:7000/randomRequest,1023,0,0
1676158037678,1115,HTTP Request,200,,Thread-Gruppe  1-42,text,true,,630,129,100,100,http://localhost:7000/randomRequest,1115,0,0
1676158038383,419,HTTP Request,200,,Thread-Gruppe  1-20,text,true,,419,129,100,100,http://localhost:7000/randomRequest,419,0,1
1676158038206,617,HTTP Request,200,,Thread-Gruppe  1-28,text,true,,492,129,100,100,http://localhost:7000/randomRequest,617,0,1
1676158038128,716,HTTP Request,200,,Thread-Gruppe  1-24,text,true,,549,129,100,100,http://localhost:7000/randomRequest,716,0,0
1676158038231,613,HTTP Request,200,,Thread-Gruppe  1-51,text,true,,492,129,100,100,http://localhost:7000/randomRequest,613,0,0
1676158037825,1033,HTTP Request,200,,Thread-Gruppe  1-4,text,true,,487,129,100,100,http://localhost:7000/randomRequest,1033,0,0
1676158037540,1323,HTTP Request,200,,Thread-Gruppe  1-53,text,true,,537,129,100,100,http://localhost:7000/randomRequest,1323,0,0
1676158037943,928,HTTP Request,200,,Thread-Gruppe  1-31,text,true,,490,129,100,100,http://localhost:7000/randomRequest,928,0,0
1676158037464,1411,HTTP Request,200,,Thread-Gruppe  1-33,text,true,,541,129,100,100,http://localhost:7000/randomRequest,1411,0,0
1676158038073,830,HTTP Request,200,,Thread-Gruppe  1-60,text,true,,561,129,100,100,http://localhost:7000/randomRequest,830,0,0
1676158037868,1035,HTTP Request,200,,Thread-Gruppe  1-77,text,true,,550,129,100,100,http://localhost:7000/randomRequest,1035,0,1
1676158037679,1224,HTTP Request,200,,Thread-Gruppe  1-71,text,true,,527,129,100,100,http://localhost:7000/randomRequest,1224,0,1
1676158037905,1014,HTTP Request,200,,Thread-Gruppe  1-88,text,true,,481,129,100,100,http://localhost:7000/randomRequest,1014,0,0
1676158038205,720,HTTP Request,200,,Thread-Gruppe  1-90,text,true,,419,129,100,100,http://localhost:7000/randomRequest,720,0,0
1676158037976,949,HTTP Request,200,,Thread-Gruppe  1-26,text,true,,417,129,100,100,http://localhost:7000/randomRequest,949,0,0
1676158037424,1508,HTTP Request,200,,Thread-Gruppe  1-46,text,true,,647,129,100,100,http://localhost:7000/randomRequest,1508,0,0
1676158038292,640,HTTP Request,200,,Thread-Gruppe  1-67,text,true,,567,129,100,100,http://localhost:7000/randomRequest,640,0,1
1676158037320,1612,HTTP Request,200,,Thread-Gruppe  1-83,text,true,,527,129,100,100,http://localhost:7000/randomRequest,1612,0,1
1676158038433,515,HTTP Request,200,,Thread-Gruppe  1-13,text,true,,418,129,100,100,http://localhost:7000/randomRequest,515,0,1
1676158038142,850,HTTP Request,200,,Thread-Gruppe  1-80,text,true,,417,129,100,100,http://localhost:7000/randomRequest,850,0,0
1676158037972,1031,HTTP Request,200,,Thread-Gruppe  1-84,text,true,,403,129,100,100,http://localhost:7000/randomRequest,1031,0,0
1676158038279,725,HTTP Request,200,,Thread-Gruppe  1-78,text,true,,565,129,100,100,http://localhost:7000/randomRequest,724,0,0
1676158038011,1000,HTTP Request,200,,Thread-Gruppe  1-61,text,true,,631,129,100,100,http://localhost:7000/randomRequest,1000,0,0
1676158038290,721,HTTP Request,200,,Thread-Gruppe  1-69,text,true,,550,129,100,100,http://localhost:7000/randomRequest,721,0,0
1676158038089,929,HTTP Request,200,,Thread-Gruppe  1-97,text,true,,490,129,100,100,http://localhost:7000/randomRequest,929,0,1
1676158038402,617,HTTP Request,200,,Thread-Gruppe  1-36,text,true,,547,129,100,100,http://localhost:7000/randomRequest,617,0,0
1676158038205,822,HTTP Request,200,,Thread-Gruppe  1-38,text,true,,419,129,100,100,http://localhost:7000/randomRequest,822,0,0
1676158038319,715,HTTP Request,200,,Thread-Gruppe  1-45,text,true,,492,129,100,100,http://localhost:7000/randomRequest,715,0,0
1676158038423,619,HTTP Request,200,,Thread-Gruppe  1-17,text,true,,556,129,100,100,http://localhost:7000/randomRequest,619,0,0
1676158038534,536,HTTP Request,200,,Thread-Gruppe  1-50,text,true,,682,129,100,100,http://localhost:7000/randomRequest,536,0,0
1676158038060,1022,HTTP Request,200,,Thread-Gruppe  1-10,text,true,,485,129,100,100,http://localhost:7000/randomRequest,1022,0,1
1676158037976,1106,HTTP Request,200,,Thread-Gruppe  1-8,text,true,,643,129,100,100,http://localhost:7000/randomRequest,1106,0,0
1676158037931,1151,HTTP Request,200,,Thread-Gruppe  1-27,text,true,,555,129,100,100,http://localhost:7000/randomRequest,1151,0,0
1676158037536,1546,HTTP Request,200,,Thread-Gruppe  1-40,text,true,,485,129,100,100,http://localhost:7000/randomRequest,1546,0,0
1676158038262,820,HTTP Request,200,,Thread-Gruppe  1-99,text,true,,562,129,100,100,http://localhost:7000/randomRequest,820,0,0
1676158038257,825,HTTP Request,200,,Thread-Gruppe  1-92,text,true,,401,129,100,100,http://localhost:7000/randomRequest,825,0,0
1676158038671,412,HTTP Request,200,,Thread-Gruppe  1-52,text,true,,485,129,100,100,http://localhost:7000/randomRequest,412,0,1
1676158037778,1327,HTTP Request,200,,Thread-Gruppe  1-79,text,true,,489,129,100,100,http://localhost:7000/randomRequest,1327,0,1
1676158038174,934,HTTP Request,200,,Thread-Gruppe  1-89,text,true,,553,129,100,100,http://localhost:7000/randomRequest,934,0,1
1676158038487,621,HTTP Request,200,,Thread-Gruppe  1-44,text,true,,419,129,100,100,http://localhost:7000/randomRequest,621,0,0
1676158038590,518,HTTP Request,200,,Thread-Gruppe  1-9,text,true,,403,129,100,100,http://localhost:7000/randomRequest,518,0,0
1676158038393,722,HTTP Request,200,,Thread-Gruppe  1-85,text,true,,490,129,100,100,http://localhost:7000/randomRequest,722,0,1
1676158038036,1098,HTTP Request,200,,Thread-Gruppe  1-12,text,true,,647,129,100,100,http://localhost:7000/randomRequest,1098,0,0
1676158038528,611,HTTP Request,200,,Thread-Gruppe  1-81,text,true,,1354,129,100,100,http://localhost:7000/randomRequest,611,0,1
1676158038534,618,HTTP Request,200,,Thread-Gruppe  1-72,text,true,,566,129,100,100,http://localhost:7000/randomRequest,618,0,0
1676158038744,410,HTTP Request,200,,Thread-Gruppe  1-65,text,true,,418,129,100,100,http://localhost:7000/randomRequest,410,0,1
1676158038642,520,HTTP Request,200,,Thread-Gruppe  1-59,text,true,,418,129,100,100,http://localhost:7000/randomRequest,520,0,1
1676158038139,1030,HTTP Request,200,,Thread-Gruppe  1-70,text,true,,492,129,100,100,http://localhost:7000/randomRequest,1030,0,1
1676158038570,618,HTTP Request,200,,Thread-Gruppe  1-14,text,true,,485,129,100,100,http://localhost:7000/randomRequest,618,0,0
1676158038465,758,HTTP Request,200,,Thread-Gruppe  1-19,text,true,,676,129,100,100,http://localhost:7000/randomRequest,758,0,0
1676158038520,715,HTTP Request,200,,Thread-Gruppe  1-94,text,true,,574,129,100,100,http://localhost:7000/randomRequest,715,0,1
1676158038226,1027,HTTP Request,200,,Thread-Gruppe  1-55,text,true,,492,129,100,100,http://localhost:7000/randomRequest,1027,0,0
1676158038449,824,HTTP Request,200,,Thread-Gruppe  1-32,text,true,,547,129,100,100,http://localhost:7000/randomRequest,824,0,0
1676158038237,1036,HTTP Request,200,,Thread-Gruppe  1-21,text,true,,554,129,100,100,http://localhost:7000/randomRequest,1036,0,1
1676158038858,415,HTTP Request,200,,Thread-Gruppe  1-4,text,true,,419,129,100,100,http://localhost:7000/randomRequest,415,0,0
1676158038452,823,HTTP Request,200,,Thread-Gruppe  1-47,text,true,,528,129,100,100,http://localhost:7000/randomRequest,823,0,0
1676158038242,1033,HTTP Request,200,,Thread-Gruppe  1-91,text,true,,555,129,100,100,http://localhost:7000/randomRequest,1033,0,0
1676158037240,2035,HTTP Request,200,,Thread-Gruppe  1-22,text,true,,541,129,100,100,http://localhost:7000/randomRequest,2035,0,1
1676158038164,1120,HTTP Request,200,,Thread-Gruppe  1-7,text,true,,485,129,100,100,http://localhost:7000/randomRequest,1120,0,0
1676158038794,518,HTTP Request,200,,Thread-Gruppe  1-42,text,true,,419,129,100,100,http://localhost:7000/randomRequest,518,0,0
1676158038185,1134,HTTP Request,200,,Thread-Gruppe  1-34,text,true,,564,129,100,100,http://localhost:7000/randomRequest,1134,0,0
1676158038605,714,HTTP Request,200,,Thread-Gruppe  1-5,text,true,,557,129,100,100,http://localhost:7000/randomRequest,714,0,0
1676158037883,1442,HTTP Request,200,,Thread-Gruppe  1-74,text,true,,492,129,100,100,http://localhost:7000/randomRequest,1442,0,0
1676158038596,734,HTTP Request,200,,Thread-Gruppe  1-64,text,true,,543,129,100,100,http://localhost:7000/randomRequest,734,0,0
1676158038418,921,HTTP Request,200,,Thread-Gruppe  1-11,text,true,,563,129,100,100,http://localhost:7000/randomRequest,921,0,1
1676158038552,824,HTTP Request,200,,Thread-Gruppe  1-30,text,true,,481,129,100,100,http://localhost:7000/randomRequest,824,0,0
1676158038243,1137,HTTP Request,200,,Thread-Gruppe  1-76,text,true,,419,129,100,100,http://localhost:7000/randomRequest,1137,0,0
1676158037873,1516,HTTP Request,200,,Thread-Gruppe  1-95,text,true,,526,129,100,100,http://localhost:7000/randomRequest,1516,0,1
1676158038262,1127,HTTP Request,200,,Thread-Gruppe  1-54,text,true,,418,129,100,100,http://localhost:7000/randomRequest,1127,0,0
1676158039019,407,HTTP Request,200,,Thread-Gruppe  1-36,text,true,,419,129,100,100,http://localhost:7000/randomRequest,407,0,0
1676158038205,1230,HTTP Request,200,,Thread-Gruppe  1-16,text,true,,403,129,100,100,http://localhost:7000/randomRequest,1230,0,0
1676158037730,1714,HTTP Request,200,,Thread-Gruppe  1-62,text,true,,540,129,100,100,http://localhost:7000/randomRequest,1714,0,1
1676158038729,715,HTTP Request,200,,Thread-Gruppe  1-41,text,true,,569,129,100,100,http://localhost:7000/randomRequest,715,0,0
1676158038844,614,HTTP Request,200,,Thread-Gruppe  1-51,text,true,,403,129,100,100,http://localhost:7000/randomRequest,614,0,1
1676158038755,723,HTTP Request,200,,Thread-Gruppe  1-2,text,true,,550,129,100,100,http://localhost:7000/randomRequest,723,0,1
1676158038871,619,HTTP Request,200,,Thread-Gruppe  1-31,text,true,,417,129,100,100,http://localhost:7000/randomRequest,619,0,0
1676158038279,1211,HTTP Request,200,,Thread-Gruppe  1-93,text,true,,537,129,100,100,http://localhost:7000/randomRequest,1211,0,0
1676158038570,926,HTTP Request,200,,Thread-Gruppe  1-68,text,true,,546,129,100,100,http://localhost:7000/randomRequest,926,0,0
1676158038279,1236,HTTP Request,200,,Thread-Gruppe  1-35,text,true,,553,129,100,100,http://localhost:7000/randomRequest,1236,0,0
1676158038695,820,HTTP Request,200,,Thread-Gruppe  1-48,text,true,,555,129,100,100,http://localhost:7000/randomRequest,820,0,0
1676158038420,1105,HTTP Request,200,,Thread-Gruppe  1-18,text,true,,541,129,100,100,http://localhost:7000/randomRequest,1105,0,0
1676158038610,919,HTTP Request,200,,Thread-Gruppe  1-1,text,true,,492,129,100,100,http://localhost:7000/randomRequest,919,0,0
1676158038298,1231,HTTP Request,200,,Thread-Gruppe  1-73,text,true,,415,129,100,100,http://localhost:7000/randomRequest,1231,0,0
1676158038932,616,HTTP Request,200,,Thread-Gruppe  1-83,text,true,,558,129,100,100,http://localhost:7000/randomRequest,616,0,0
1676158009511,30042,HTTP Request,500,,Thread-Gruppe  1-57,text,false,,258,129,100,100,http://localhost:7000/randomRequest,30042,0,0
1676158038231,1328,HTTP Request,200,,Thread-Gruppe  1-23,text,true,,530,129,100,100,http://localhost:7000/randomRequest,1328,0,0
1676158038569,1024,HTTP Request,200,,Thread-Gruppe  1-86,text,true,,485,129,100,100,http://localhost:7000/randomRequest,1024,0,0
1676158039004,611,HTTP Request,200,,Thread-Gruppe  1-78,text,true,,492,129,100,100,http://localhost:7000/randomRequest,611,0,0
1676158039082,533,HTTP Request,200,,Thread-Gruppe  1-27,text,true,,417,129,100,100,http://localhost:7000/randomRequest,533,0,0
1676158038903,712,HTTP Request,200,,Thread-Gruppe  1-77,text,true,,488,129,100,100,http://localhost:7000/randomRequest,712,0,0
1676158038802,816,HTTP Request,200,,Thread-Gruppe  1-20,text,true,,488,129,100,100,http://localhost:7000/randomRequest,816,0,0
1676158038393,1235,HTTP Request,200,,Thread-Gruppe  1-66,text,true,,562,129,100,100,http://localhost:7000/randomRequest,1235,0,1
1676158039223,406,HTTP Request,200,,Thread-Gruppe  1-19,text,true,,542,129,100,100,http://localhost:7000/randomRequest,406,0,0
1676158038919,720,HTTP Request,200,,Thread-Gruppe  1-88,text,true,,486,129,100,100,http://localhost:7000/randomRequest,720,0,0
1676158038844,818,HTTP Request,200,,Thread-Gruppe  1-24,text,true,,492,129,100,100,http://localhost:7000/randomRequest,818,0,1
1676158038948,714,HTTP Request,200,,Thread-Gruppe  1-13,text,true,,357,129,100,100,http://localhost:7000/randomRequest,714,0,1
1676158038671,1029,HTTP Request,200,,Thread-Gruppe  1-37,text,true,,559,129,100,100,http://localhost:7000/randomRequest,1029,0,1
1676158009547,30152,HTTP Request,500,,Thread-Gruppe  1-98,text,false,,258,129,100,100,http://localhost:7000/randomRequest,30152,0,0
1676158039011,721,HTTP Request,200,,Thread-Gruppe  1-61,text,true,,419,129,100,100,http://localhost:7000/randomRequest,721,0,0
1676158039028,718,HTTP Request,200,,Thread-Gruppe  1-38,text,true,,417,129,100,100,http://localhost:7000/randomRequest,718,0,0
1676158038932,820,HTTP Request,200,,Thread-Gruppe  1-46,text,true,,419,129,100,100,http://localhost:7000/randomRequest,820,0,0
1676158038925,827,HTTP Request,200,,Thread-Gruppe  1-26,text,true,,418,129,100,100,http://localhost:7000/randomRequest,827,0,1
1676158038925,827,HTTP Request,200,,Thread-Gruppe  1-90,text,true,,419,129,100,100,http://localhost:7000/randomRequest,827,0,1
1676158038633,1131,HTTP Request,200,,Thread-Gruppe  1-56,text,true,,417,129,100,100,http://localhost:7000/randomRequest,1131,0,0
1676158039162,622,HTTP Request,200,,Thread-Gruppe  1-59,text,true,,419,129,100,100,http://localhost:7000/randomRequest,622,0,1
1676158038769,1033,HTTP Request,200,,Thread-Gruppe  1-82,text,true,,643,129,100,100,http://localhost:7000/randomRequest,1033,0,0
1676158039082,720,HTTP Request,200,,Thread-Gruppe  1-99,text,true,,419,129,100,100,http://localhost:7000/randomRequest,720,0,0
1676158039108,712,HTTP Request,200,,Thread-Gruppe  1-89,text,true,,403,129,100,100,http://localhost:7000/randomRequest,712,0,1
1676158039105,715,HTTP Request,200,,Thread-Gruppe  1-79,text,true,,481,129,100,100,http://localhost:7000/randomRequest,715,0,0
1676158038875,945,HTTP Request,200,,Thread-Gruppe  1-33,text,true,,417,129,100,100,http://localhost:7000/randomRequest,945,0,0
1676158038705,1127,HTTP Request,200,,Thread-Gruppe  1-29,text,true,,492,129,100,100,http://localhost:7000/randomRequest,1127,0,0
1676158039019,815,HTTP Request,200,,Thread-Gruppe  1-97,text,true,,492,129,100,100,http://localhost:7000/randomRequest,815,0,0
1676158038823,1030,HTTP Request,200,,Thread-Gruppe  1-28,text,true,,418,129,100,100,http://localhost:7000/randomRequest,1030,0,0
1676158039139,721,HTTP Request,200,,Thread-Gruppe  1-81,text,true,,551,129,100,100,http://localhost:7000/randomRequest,721,0,1
1676158037868,2017,HTTP Request,200,,Thread-Gruppe  1-100,text,true,,527,129,100,100,http://localhost:7000/randomRequest,2017,0,1
1676158039169,723,HTTP Request,200,,Thread-Gruppe  1-70,text,true,,419,129,100,100,http://localhost:7000/randomRequest,723,0,1
1676158039275,623,HTTP Request,200,,Thread-Gruppe  1-91,text,true,,418,129,100,100,http://localhost:7000/randomRequest,623,0,0
1676158039284,614,HTTP Request,200,,Thread-Gruppe  1-7,text,true,,557,129,100,100,http://localhost:7000/randomRequest,614,0,1
1676158039082,821,HTTP Request,200,,Thread-Gruppe  1-8,text,true,,554,129,100,100,http://localhost:7000/randomRequest,821,0,0
1676158039011,894,HTTP Request,200,,Thread-Gruppe  1-69,text,true,,481,129,100,100,http://localhost:7000/randomRequest,894,0,0
1676158039515,414,HTTP Request,200,,Thread-Gruppe  1-48,text,true,,489,129,100,100,http://localhost:7000/randomRequest,414,0,1
1676158038186,1743,HTTP Request,200,,Thread-Gruppe  1-25,text,true,,530,129,100,100,http://localhost:7000/randomRequest,1743,0,0
1676158038759,1197,HTTP Request,200,,Thread-Gruppe  1-43,text,true,,537,129,100,100,http://localhost:7000/randomRequest,1197,0,0
1676158039152,817,HTTP Request,200,,Thread-Gruppe  1-72,text,true,,488,129,100,100,http://localhost:7000/randomRequest,817,0,0
1676158039070,926,HTTP Request,200,,Thread-Gruppe  1-50,text,true,,488,129,100,100,http://localhost:7000/randomRequest,926,0,0
1676158039594,411,HTTP Request,200,,Thread-Gruppe  1-86,text,true,,403,129,100,100,http://localhost:7000/randomRequest,411,0,0
1676158039082,924,HTTP Request,200,,Thread-Gruppe  1-10,text,true,,546,129,100,100,http://localhost:7000/randomRequest,924,0,0
1676158039390,616,HTTP Request,200,,Thread-Gruppe  1-95,text,true,,419,129,100,100,http://localhost:7000/randomRequest,616,0,0
1676158039082,924,HTTP Request,200,,Thread-Gruppe  1-92,text,true,,538,129,100,100,http://localhost:7000/randomRequest,924,0,0
1676158039108,913,HTTP Request,200,,Thread-Gruppe  1-44,text,true,,416,129,100,100,http://localhost:7000/randomRequest,913,0,1
1676158037993,2028,HTTP Request,200,,Thread-Gruppe  1-58,text,true,,541,129,100,100,http://localhost:7000/randomRequest,2028,0,0
1676158039312,717,HTTP Request,200,,Thread-Gruppe  1-42,text,true,,553,129,100,100,http://localhost:7000/randomRequest,717,0,0
1676158039325,720,HTTP Request,200,,Thread-Gruppe  1-74,text,true,,417,129,100,100,http://localhost:7000/randomRequest,720,0,0
1676158039435,617,HTTP Request,200,,Thread-Gruppe  1-16,text,true,,487,129,100,100,http://localhost:7000/randomRequest,617,0,1
1676158039253,820,HTTP Request,200,,Thread-Gruppe  1-55,text,true,,485,129,100,100,http://localhost:7000/randomRequest,820,0,0
1676158039155,918,HTTP Request,200,,Thread-Gruppe  1-65,text,true,,563,129,100,100,http://localhost:7000/randomRequest,918,0,0
1676158039273,822,HTTP Request,200,,Thread-Gruppe  1-4,text,true,,485,129,100,100,http://localhost:7000/randomRequest,822,0,0
1676158039273,822,HTTP Request,200,,Thread-Gruppe  1-21,text,true,,551,129,100,100,http://localhost:7000/randomRequest,822,0,0
1676158039376,722,HTTP Request,200,,Thread-Gruppe  1-30,text,true,,558,129,100,100,http://localhost:7000/randomRequest,722,0,1
1676158039490,618,HTTP Request,200,,Thread-Gruppe  1-93,text,true,,419,129,100,100,http://localhost:7000/randomRequest,618,0,0
1676158039083,1025,HTTP Request,200,,Thread-Gruppe  1-52,text,true,,550,129,100,100,http://localhost:7000/randomRequest,1025,0,1
1676158038520,1601,HTTP Request,200,,Thread-Gruppe  1-6,text,true,,527,129,100,100,http://localhost:7000/randomRequest,1601,0,1
1676158039529,617,HTTP Request,200,,Thread-Gruppe  1-1,text,true,,419,129,100,100,http://localhost:7000/randomRequest,617,0,0
1676158039525,621,HTTP Request,200,,Thread-Gruppe  1-18,text,true,,419,129,100,100,http://localhost:7000/randomRequest,621,0,1
1676158038242,1914,HTTP Request,200,,Thread-Gruppe  1-87,text,true,,647,129,100,100,http://localhost:7000/randomRequest,1914,0,0
1676158039444,719,HTTP Request,200,,Thread-Gruppe  1-41,text,true,,545,129,100,100,http://localhost:7000/randomRequest,719,0,1
1676158039549,614,HTTP Request,200,,Thread-Gruppe  1-83,text,true,,551,129,100,100,http://localhost:7000/randomRequest,614,0,0
1676158039273,925,HTTP Request,200,,Thread-Gruppe  1-32,text,true,,557,129,100,100,http://localhost:7000/randomRequest,925,0,0
1676158038903,1295,HTTP Request,200,,Thread-Gruppe  1-60,text,true,,643,129,100,100,http://localhost:7000/randomRequest,1295,0,0
1676158039082,1120,HTTP Request,200,,Thread-Gruppe  1-40,text,true,,633,129,100,100,http://localhost:7000/randomRequest,1120,0,0
1676158039380,825,HTTP Request,200,,Thread-Gruppe  1-76,text,true,,492,129,100,100,http://localhost:7000/randomRequest,825,0,0
1676158039275,934,HTTP Request,200,,Thread-Gruppe  1-47,text,true,,560,129,100,100,http://localhost:7000/randomRequest,934,0,0
1676158039004,1208,HTTP Request,200,,Thread-Gruppe  1-84,text,true,,540,129,100,100,http://localhost:7000/randomRequest,1208,0,0
1676158038932,1311,HTTP Request,200,,Thread-Gruppe  1-67,text,true,,537,129,100,100,http://localhost:7000/randomRequest,1311,0,0
1676158039615,628,HTTP Request,200,,Thread-Gruppe  1-78,text,true,,492,129,100,100,http://localhost:7000/randomRequest,628,0,0
1676158039320,923,HTTP Request,200,,Thread-Gruppe  1-34,text,true,,570,129,100,100,http://localhost:7000/randomRequest,923,0,0
1676158039330,923,HTTP Request,200,,Thread-Gruppe  1-64,text,true,,561,129,100,100,http://localhost:7000/randomRequest,923,0,0
1676158039639,617,HTTP Request,200,,Thread-Gruppe  1-88,text,true,,419,129,100,100,http://localhost:7000/randomRequest,617,0,1
1676158039426,842,HTTP Request,200,,Thread-Gruppe  1-36,text,true,,417,129,100,100,http://localhost:7000/randomRequest,842,0,0
1676158039478,821,HTTP Request,200,,Thread-Gruppe  1-2,text,true,,545,129,100,100,http://localhost:7000/randomRequest,821,0,0
1676158039490,823,HTTP Request,200,,Thread-Gruppe  1-31,text,true,,556,129,100,100,http://localhost:7000/randomRequest,823,0,0
1676158039496,822,HTTP Request,200,,Thread-Gruppe  1-68,text,true,,485,129,100,100,http://localhost:7000/randomRequest,822,0,1
1676158039134,1192,HTTP Request,200,,Thread-Gruppe  1-12,text,true,,633,129,100,100,http://localhost:7000/randomRequest,1192,0,0
1676158039629,723,HTTP Request,200,,Thread-Gruppe  1-66,text,true,,419,129,100,100,http://localhost:7000/randomRequest,723,0,0
1676158039115,1237,HTTP Request,200,,Thread-Gruppe  1-85,text,true,,492,129,100,100,http://localhost:7000/randomRequest,1237,0,0
1676158039732,620,HTTP Request,200,,Thread-Gruppe  1-61,text,true,,416,129,100,100,http://localhost:7000/randomRequest,620,0,0
1676158039615,743,HTTP Request,200,,Thread-Gruppe  1-27,text,true,,689,129,100,100,http://localhost:7000/randomRequest,743,0,0
1676158039853,519,HTTP Request,200,,Thread-Gruppe  1-28,text,true,,418,129,100,100,http://localhost:7000/randomRequest,519,0,0
1676158039444,928,HTTP Request,200,,Thread-Gruppe  1-62,text,true,,492,129,100,100,http://localhost:7000/randomRequest,928,0,0
1676158039554,825,HTTP Request,200,,Thread-Gruppe  1-57,text,true,,419,129,100,100,http://localhost:7000/randomRequest,825,0,0
1676158039885,520,HTTP Request,200,,Thread-Gruppe  1-100,text,true,,546,129,100,100,http://localhost:7000/randomRequest,520,0,1
1676158039898,514,HTTP Request,200,,Thread-Gruppe  1-91,text,true,,418,129,100,100,http://localhost:7000/randomRequest,514,0,1
1676158039515,897,HTTP Request,200,,Thread-Gruppe  1-35,text,true,,495,129,100,100,http://localhost:7000/randomRequest,897,0,1
1676158039700,718,HTTP Request,200,,Thread-Gruppe  1-37,text,true,,419,129,100,100,http://localhost:7000/randomRequest,718,0,0
1676158038903,1522,HTTP Request,200,,Thread-Gruppe  1-71,text,true,,492,129,100,100,http://localhost:7000/randomRequest,1522,0,0
1676158039339,1090,HTTP Request,200,,Thread-Gruppe  1-11,text,true,,537,129,100,100,http://localhost:7000/randomRequest,1090,0,1
1676158039618,816,HTTP Request,200,,Thread-Gruppe  1-20,text,true,,563,129,100,100,http://localhost:7000/randomRequest,816,0,1
1676158039929,517,HTTP Request,200,,Thread-Gruppe  1-48,text,true,,556,129,100,100,http://localhost:7000/randomRequest,517,0,0
1676158039835,621,HTTP Request,200,,Thread-Gruppe  1-97,text,true,,419,129,100,100,http://localhost:7000/randomRequest,621,0,0
1676158038992,1464,HTTP Request,200,,Thread-Gruppe  1-80,text,true,,565,129,100,100,http://localhost:7000/randomRequest,1464,0,0
1676158039235,1240,HTTP Request,200,,Thread-Gruppe  1-94,text,true,,492,129,100,100,http://localhost:7000/randomRequest,1240,0,0
1676158039459,1017,HTTP Request,200,,Thread-Gruppe  1-51,text,true,,492,129,100,100,http://localhost:7000/randomRequest,1017,0,0
1676158039662,825,HTTP Request,200,,Thread-Gruppe  1-13,text,true,,485,129,100,100,http://localhost:7000/randomRequest,825,0,1
1676158039784,721,HTTP Request,200,,Thread-Gruppe  1-59,text,true,,488,129,100,100,http://localhost:7000/randomRequest,721,0,0
1676158039996,518,HTTP Request,200,,Thread-Gruppe  1-50,text,true,,557,129,100,100,http://localhost:7000/randomRequest,518,0,0
1676158039892,622,HTTP Request,200,,Thread-Gruppe  1-70,text,true,,549,129,100,100,http://localhost:7000/randomRequest,622,0,0
1676158039905,614,HTTP Request,200,,Thread-Gruppe  1-69,text,true,,560,129,100,100,http://localhost:7000/randomRequest,614,0,0
1676158039802,717,HTTP Request,200,,Thread-Gruppe  1-99,text,true,,419,129,100,100,http://localhost:7000/randomRequest,717,0,0
1676158039320,1205,HTTP Request,200,,Thread-Gruppe  1-5,text,true,,537,129,100,100,http://localhost:7000/randomRequest,1205,0,0
1676158039752,817,HTTP Request,200,,Thread-Gruppe  1-26,text,true,,554,129,100,100,http://localhost:7000/randomRequest,817,0,0
1676158039752,817,HTTP Request,200,,Thread-Gruppe  1-46,text,true,,485,129,100,100,http://localhost:7000/randomRequest,817,0,0
1676158039764,818,HTTP Request,200,,Thread-Gruppe  1-56,text,true,,485,129,100,100,http://localhost:7000/randomRequest,818,0,0
1676158039559,1038,HTTP Request,200,,Thread-Gruppe  1-23,text,true,,417,129,100,100,http://localhost:7000/randomRequest,1038,0,0
1676158038771,1848,HTTP Request,200,,Thread-Gruppe  1-75,text,true,,527,129,100,100,http://localhost:7000/randomRequest,1848,0,1
1676158040006,613,HTTP Request,200,,Thread-Gruppe  1-95,text,true,,418,129,100,100,http://localhost:7000/randomRequest,613,0,1
1676158039802,817,HTTP Request,200,,Thread-Gruppe  1-82,text,true,,485,129,100,100,http://localhost:7000/randomRequest,817,0,0
1676158039529,1090,HTTP Request,200,,Thread-Gruppe  1-73,text,true,,540,129,100,100,http://localhost:7000/randomRequest,1090,0,0
1676158039108,1511,HTTP Request,200,,Thread-Gruppe  1-9,text,true,,541,129,100,100,http://localhost:7000/randomRequest,1511,0,1
1676158038602,2028,HTTP Request,200,,Thread-Gruppe  1-3,text,true,,526,129,100,100,http://localhost:7000/randomRequest,2028,0,0
1676158040021,619,HTTP Request,200,,Thread-Gruppe  1-58,text,true,,549,129,100,100,http://localhost:7000/randomRequest,619,0,0
1676158039034,1623,HTTP Request,200,,Thread-Gruppe  1-45,text,true,,527,129,100,100,http://localhost:7000/randomRequest,1623,0,0
1676158039390,1303,HTTP Request,200,,Thread-Gruppe  1-54,text,true,,527,129,100,100,http://localhost:7000/randomRequest,1303,0,0
1676158039662,1031,HTTP Request,200,,Thread-Gruppe  1-24,text,true,,492,129,100,100,http://localhost:7000/randomRequest,1031,0,1
1676158039970,723,HTTP Request,200,,Thread-Gruppe  1-72,text,true,,419,129,100,100,http://localhost:7000/randomRequest,723,0,0
1676158040098,617,HTTP Request,200,,Thread-Gruppe  1-30,text,true,,546,129,100,100,http://localhost:7000/randomRequest,617,0,1
1676158040006,714,HTTP Request,200,,Thread-Gruppe  1-92,text,true,,417,129,100,100,http://localhost:7000/randomRequest,714,0,1
1676158039898,822,HTTP Request,200,,Thread-Gruppe  1-7,text,true,,486,129,100,100,http://localhost:7000/randomRequest,822,0,1
1676158040021,719,HTTP Request,200,,Thread-Gruppe  1-44,text,true,,481,129,100,100,http://localhost:7000/randomRequest,719,0,0
1676158039820,938,HTTP Request,200,,Thread-Gruppe  1-79,text,true,,677,129,100,100,http://localhost:7000/randomRequest,938,0,0
1676158040052,714,HTTP Request,200,,Thread-Gruppe  1-16,text,true,,417,129,100,100,http://localhost:7000/randomRequest,714,0,0
1676158039042,1727,HTTP Request,200,,Thread-Gruppe  1-17,text,true,,537,129,100,100,http://localhost:7000/randomRequest,1727,0,0
1676158039752,1032,HTTP Request,200,,Thread-Gruppe  1-90,text,true,,488,129,100,100,http://localhost:7000/randomRequest,1032,0,0
1676158040146,642,HTTP Request,200,,Thread-Gruppe  1-1,text,true,,667,129,100,100,http://localhost:7000/randomRequest,642,0,1
1676158040073,715,HTTP Request,200,,Thread-Gruppe  1-65,text,true,,488,129,100,100,http://localhost:7000/randomRequest,715,0,0
1676158040095,714,HTTP Request,200,,Thread-Gruppe  1-21,text,true,,418,129,100,100,http://localhost:7000/randomRequest,714,0,1
1676158039629,1192,HTTP Request,200,,Thread-Gruppe  1-19,text,true,,640,129,100,100,http://localhost:7000/randomRequest,1192,0,0
1676158040518,302,HTTP Request,200,,Thread-Gruppe  1-69,text,true,,415,129,100,100,http://localhost:7000/randomRequest,302,0,0
1676158040156,717,HTTP Request,200,,Thread-Gruppe  1-87,text,true,,558,129,100,100,http://localhost:7000/randomRequest,717,0,1
1676158040581,307,HTTP Request,200,,Thread-Gruppe  1-56,text,true,,547,129,100,100,http://localhost:7000/randomRequest,307,0,0
1676158040073,816,HTTP Request,200,,Thread-Gruppe  1-55,text,true,,551,129,100,100,http://localhost:7000/randomRequest,816,0,0
1676158040692,209,HTTP Request,200,,Thread-Gruppe  1-72,text,true,,574,129,100,100,http://localhost:7000/randomRequest,209,0,1
1676158040095,815,HTTP Request,200,,Thread-Gruppe  1-4,text,true,,555,129,100,100,http://localhost:7000/randomRequest,815,0,1
1676158040006,904,HTTP Request,200,,Thread-Gruppe  1-10,text,true,,491,129,100,100,http://localhost:7000/randomRequest,904,0,1
1676158039188,1722,HTTP Request,200,,Thread-Gruppe  1-14,text,true,,537,129,100,100,http://localhost:7000/randomRequest,1722,0,0
1676158040199,717,HTTP Request,200,,Thread-Gruppe  1-32,text,true,,418,129,100,100,http://localhost:7000/randomRequest,717,0,0
1676158040109,811,HTTP Request,200,,Thread-Gruppe  1-52,text,true,,543,129,100,100,http://localhost:7000/randomRequest,811,0,0
1676158039700,1220,HTTP Request,200,,Thread-Gruppe  1-98,text,true,,526,129,100,100,http://localhost:7000/randomRequest,1220,0,0
1676158040418,503,HTTP Request,200,,Thread-Gruppe  1-37,text,true,,543,129,100,100,http://localhost:7000/randomRequest,503,0,0
1676158040657,311,HTTP Request,200,,Thread-Gruppe  1-45,text,true,,492,129,100,100,http://localhost:7000/randomRequest,311,0,0
1676158039956,1013,HTTP Request,200,,Thread-Gruppe  1-43,text,true,,645,129,100,100,http://localhost:7000/randomRequest,1013,0,0
1676158039820,1150,HTTP Request,200,,Thread-Gruppe  1-89,text,true,,673,129,100,100,http://localhost:7000/randomRequest,1150,0,0
1676158040163,817,HTTP Request,200,,Thread-Gruppe  1-83,text,true,,488,129,100,100,http://localhost:7000/randomRequest,817,0,1
1676158040163,829,HTTP Request,200,,Thread-Gruppe  1-41,text,true,,492,129,100,100,http://localhost:7000/randomRequest,829,0,1
1676158039275,1717,HTTP Request,200,,Thread-Gruppe  1-22,text,true,,537,129,100,100,http://localhost:7000/randomRequest,1717,0,0
1676158040199,820,HTTP Request,200,,Thread-Gruppe  1-60,text,true,,566,129,100,100,http://localhost:7000/randomRequest,820,0,0
1676158039615,1407,HTTP Request,200,,Thread-Gruppe  1-77,text,true,,633,129,100,100,http://localhost:7000/randomRequest,1407,0,0
1676158039832,1190,HTTP Request,200,,Thread-Gruppe  1-29,text,true,,541,129,100,100,http://localhost:7000/randomRequest,1190,0,0
1676158039820,1232,HTTP Request,200,,Thread-Gruppe  1-33,text,true,,492,129,100,100,http://localhost:7000/randomRequest,1232,0,0
1676158040445,612,HTTP Request,200,,Thread-Gruppe  1-48,text,true,,419,129,100,100,http://localhost:7000/randomRequest,612,0,1
1676158039860,1198,HTTP Request,200,,Thread-Gruppe  1-81,text,true,,537,129,100,100,http://localhost:7000/randomRequest,1198,0,0
1676158040242,829,HTTP Request,200,,Thread-Gruppe  1-67,text,true,,488,129,100,100,http://localhost:7000/randomRequest,829,0,0
1676158040474,615,HTTP Request,200,,Thread-Gruppe  1-94,text,true,,552,129,100,100,http://localhost:7000/randomRequest,615,0,1
1676158040268,823,HTTP Request,200,,Thread-Gruppe  1-36,text,true,,485,129,100,100,http://localhost:7000/randomRequest,823,0,0
1676158040714,408,HTTP Request,200,,Thread-Gruppe  1-30,text,true,,867,129,100,100,http://localhost:7000/randomRequest,408,0,0
1676158040205,918,HTTP Request,200,,Thread-Gruppe  1-76,text,true,,489,129,100,100,http://localhost:7000/randomRequest,918,0,0
1676158040121,1021,HTTP Request,200,,Thread-Gruppe  1-6,text,true,,403,129,100,100,http://localhost:7000/randomRequest,1021,0,0
1676158039746,1408,HTTP Request,200,,Thread-Gruppe  1-38,text,true,,541,129,100,100,http://localhost:7000/randomRequest,1408,0,0
1676158039903,1293,HTTP Request,200,,Thread-Gruppe  1-8,text,true,,633,129,100,100,http://localhost:7000/randomRequest,1293,0,0
1676158040808,405,HTTP Request,200,,Thread-Gruppe  1-21,text,true,,492,129,100,100,http://localhost:7000/randomRequest,405,0,1
1676158040915,304,HTTP Request,200,,Thread-Gruppe  1-32,text,true,,564,129,100,100,http://localhost:7000/randomRequest,304,0,0
1676158040514,708,HTTP Request,200,,Thread-Gruppe  1-70,text,true,,403,129,100,100,http://localhost:7000/randomRequest,708,0,0
1676158040524,737,HTTP Request,200,,Thread-Gruppe  1-5,text,true,,418,129,100,100,http://localhost:7000/randomRequest,737,0,1
1676158040434,827,HTTP Request,200,,Thread-Gruppe  1-20,text,true,,418,129,100,100,http://localhost:7000/randomRequest,827,0,0
1676158040325,936,HTTP Request,200,,Thread-Gruppe  1-12,text,true,,487,129,100,100,http://localhost:7000/randomRequest,936,0,0
1676158040424,840,HTTP Request,200,,Thread-Gruppe  1-71,text,true,,553,129,100,100,http://localhost:7000/randomRequest,840,0,0
1676158040455,819,HTTP Request,200,,Thread-Gruppe  1-80,text,true,,419,129,100,100,http://localhost:7000/randomRequest,819,0,0
1676158040692,612,HTTP Request,200,,Thread-Gruppe  1-54,text,true,,419,129,100,100,http://localhost:7000/randomRequest,612,0,1
1676158040006,1302,HTTP Request,200,,Thread-Gruppe  1-86,text,true,,536,129,100,100,http://localhost:7000/randomRequest,1302,0,0
1676158040209,1110,HTTP Request,200,,Thread-Gruppe  1-47,text,true,,481,129,100,100,http://localhost:7000/randomRequest,1110,0,1
1676158040504,816,HTTP Request,200,,Thread-Gruppe  1-59,text,true,,403,129,100,100,http://localhost:7000/randomRequest,816,0,0
1676158040518,806,HTTP Request,200,,Thread-Gruppe  1-99,text,true,,549,129,100,100,http://localhost:7000/randomRequest,806,0,0
1676158040312,1012,HTTP Request,200,,Thread-Gruppe  1-31,text,true,,485,129,100,100,http://localhost:7000/randomRequest,1012,0,0
1676158040514,810,HTTP Request,200,,Thread-Gruppe  1-50,text,true,,554,129,100,100,http://localhost:7000/randomRequest,810,0,0
1676158040618,706,HTTP Request,200,,Thread-Gruppe  1-95,text,true,,419,129,100,100,http://localhost:7000/randomRequest,706,0,0
1676158040202,1123,HTTP Request,200,,Thread-Gruppe  1-40,text,true,,419,129,100,100,http://localhost:7000/randomRequest,1123,0,1
1676158040618,706,HTTP Request,200,,Thread-Gruppe  1-75,text,true,,554,129,100,100,http://localhost:7000/randomRequest,706,0,0
1676158040919,405,HTTP Request,200,,Thread-Gruppe  1-52,text,true,,1544,129,100,100,http://localhost:7000/randomRequest,405,0,1
1676158039929,1396,HTTP Request,200,,Thread-Gruppe  1-25,text,true,,527,129,100,100,http://localhost:7000/randomRequest,1396,0,0
1676158040820,504,HTTP Request,200,,Thread-Gruppe  1-69,text,true,,418,129,100,100,http://localhost:7000/randomRequest,504,0,1
1676158040317,1026,HTTP Request,200,,Thread-Gruppe  1-68,text,true,,485,129,100,100,http://localhost:7000/randomRequest,1026,0,1
1676158040357,1019,HTTP Request,200,,Thread-Gruppe  1-27,text,true,,488,129,100,100,http://localhost:7000/randomRequest,1019,0,0
1676158040568,816,HTTP Request,200,,Thread-Gruppe  1-46,text,true,,485,129,100,100,http://localhost:7000/randomRequest,816,0,0
1676158040783,615,HTTP Request,200,,Thread-Gruppe  1-90,text,true,,419,129,100,100,http://localhost:7000/randomRequest,615,0,0
1676158040242,1185,HTTP Request,200,,Thread-Gruppe  1-34,text,true,,537,129,100,100,http://localhost:7000/randomRequest,1185,0,1
1676158040618,809,HTTP Request,200,,Thread-Gruppe  1-73,text,true,,492,129,100,100,http://localhost:7000/randomRequest,809,0,0
1676158040371,1128,HTTP Request,200,,Thread-Gruppe  1-62,text,true,,492,129,100,100,http://localhost:7000/randomRequest,1128,0,1
1676158040371,1130,HTTP Request,200,,Thread-Gruppe  1-28,text,true,,489,129,100,100,http://localhost:7000/randomRequest,1130,0,1
1676158041091,414,HTTP Request,200,,Thread-Gruppe  1-36,text,true,,403,129,100,100,http://localhost:7000/randomRequest,414,0,0
1676158040692,817,HTTP Request,200,,Thread-Gruppe  1-24,text,true,,548,129,100,100,http://localhost:7000/randomRequest,817,0,1
1676158040596,918,HTTP Request,200,,Thread-Gruppe  1-23,text,true,,492,129,100,100,http://localhost:7000/randomRequest,918,0,1
1676158040919,608,HTTP Request,200,,Thread-Gruppe  1-98,text,true,,403,129,100,100,http://localhost:7000/randomRequest,608,0,1
1676158040618,909,HTTP Request,200,,Thread-Gruppe  1-9,text,true,,492,129,100,100,http://localhost:7000/randomRequest,909,0,0
1676158040618,909,HTTP Request,200,,Thread-Gruppe  1-82,text,true,,490,129,100,100,http://localhost:7000/randomRequest,909,0,0
1676158040212,1317,HTTP Request,200,,Thread-Gruppe  1-84,text,true,,485,129,100,100,http://localhost:7000/randomRequest,1317,0,0
1676158040029,1515,HTTP Request,200,,Thread-Gruppe  1-42,text,true,,527,129,100,100,http://localhost:7000/randomRequest,1515,0,1
1676158040351,1204,HTTP Request,200,,Thread-Gruppe  1-61,text,true,,527,129,100,100,http://localhost:7000/randomRequest,1204,0,0
1676158040639,922,HTTP Request,200,,Thread-Gruppe  1-58,text,true,,492,129,100,100,http://localhost:7000/randomRequest,922,0,0
1676158040757,813,HTTP Request,200,,Thread-Gruppe  1-79,text,true,,488,129,100,100,http://localhost:7000/randomRequest,813,0,0
1676158040351,1219,HTTP Request,200,,Thread-Gruppe  1-85,text,true,,554,129,100,100,http://localhost:7000/randomRequest,1219,0,0
1676158040768,813,HTTP Request,200,,Thread-Gruppe  1-17,text,true,,491,129,100,100,http://localhost:7000/randomRequest,813,0,1
1676158040045,1537,HTTP Request,200,,Thread-Gruppe  1-74,text,true,,540,129,100,100,http://localhost:7000/randomRequest,1537,0,1
1676158040787,818,HTTP Request,200,,Thread-Gruppe  1-1,text,true,,402,129,100,100,http://localhost:7000/randomRequest,818,0,0
1676158040787,820,HTTP Request,200,,Thread-Gruppe  1-65,text,true,,554,129,100,100,http://localhost:7000/randomRequest,820,0,0
1676158040969,640,HTTP Request,200,,Thread-Gruppe  1-89,text,true,,414,129,100,100,http://localhost:7000/randomRequest,640,0,0
1676158040411,1202,HTTP Request,200,,Thread-Gruppe  1-35,text,true,,643,129,100,100,http://localhost:7000/randomRequest,1202,0,1
1676158041318,306,HTTP Request,200,,Thread-Gruppe  1-47,text,true,,415,129,100,100,http://localhost:7000/randomRequest,306,0,0
1676158040146,1502,HTTP Request,200,,Thread-Gruppe  1-18,text,true,,537,129,100,100,http://localhost:7000/randomRequest,1502,0,1
1676158041264,406,HTTP Request,200,,Thread-Gruppe  1-71,text,true,,419,129,100,100,http://localhost:7000/randomRequest,406,0,0
1676158040378,1305,HTTP Request,200,,Thread-Gruppe  1-57,text,true,,527,129,100,100,http://localhost:7000/randomRequest,1305,0,1
1676158040969,716,HTTP Request,200,,Thread-Gruppe  1-45,text,true,,556,129,100,100,http://localhost:7000/randomRequest,716,0,0
1676158040979,726,HTTP Request,200,,Thread-Gruppe  1-83,text,true,,546,129,100,100,http://localhost:7000/randomRequest,726,0,0
1676158040411,1304,HTTP Request,200,,Thread-Gruppe  1-91,text,true,,537,129,100,100,http://localhost:7000/randomRequest,1304,0,1
1676158040109,1611,HTTP Request,200,,Thread-Gruppe  1-93,text,true,,537,129,100,100,http://localhost:7000/randomRequest,1611,0,0
1676158040298,1427,HTTP Request,200,,Thread-Gruppe  1-2,text,true,,419,129,100,100,http://localhost:7000/randomRequest,1427,0,1
1676158040909,817,HTTP Request,200,,Thread-Gruppe  1-14,text,true,,492,129,100,100,http://localhost:7000/randomRequest,817,0,0
1676158040404,1322,HTTP Request,200,,Thread-Gruppe  1-100,text,true,,490,129,100,100,http://localhost:7000/randomRequest,1322,0,0
1676158041324,412,HTTP Request,200,,Thread-Gruppe  1-95,text,true,,566,129,100,100,http://localhost:7000/randomRequest,412,0,1
1676158040252,1500,HTTP Request,200,,Thread-Gruppe  1-64,text,true,,541,129,100,100,http://localhost:7000/randomRequest,1500,0,1
1676158040568,1196,HTTP Request,200,,Thread-Gruppe  1-26,text,true,,647,129,100,100,http://localhost:7000/randomRequest,1196,0,0
1676158041261,509,HTTP Request,200,,Thread-Gruppe  1-20,text,true,,419,129,100,100,http://localhost:7000/randomRequest,509,0,0
1676158040486,1288,HTTP Request,200,,Thread-Gruppe  1-13,text,true,,527,129,100,100,http://localhost:7000/randomRequest,1288,0,0
1676158040256,1525,HTTP Request,200,,Thread-Gruppe  1-88,text,true,,526,129,100,100,http://localhost:7000/randomRequest,1525,0,0
1676158041089,716,HTTP Request,200,,Thread-Gruppe  1-94,text,true,,492,129,100,100,http://localhost:7000/randomRequest,716,0,0
1676158040889,922,HTTP Request,200,,Thread-Gruppe  1-55,text,true,,416,129,100,100,http://localhost:7000/randomRequest,922,0,0
1676158041222,614,HTTP Request,200,,Thread-Gruppe  1-70,text,true,,492,129,100,100,http://localhost:7000/randomRequest,614,0,1
1676158040455,1397,HTTP Request,200,,Thread-Gruppe  1-97,text,true,,527,129,100,100,http://localhost:7000/randomRequest,1397,0,0
1676158040242,1612,HTTP Request,200,,Thread-Gruppe  1-78,text,true,,536,129,100,100,http://localhost:7000/randomRequest,1612,0,0
1676158041261,614,HTTP Request,200,,Thread-Gruppe  1-12,text,true,,488,129,100,100,http://localhost:7000/randomRequest,614,0,0
1676158041274,619,HTTP Request,200,,Thread-Gruppe  1-80,text,true,,419,129,100,100,http://localhost:7000/randomRequest,619,0,0
1676158041385,508,HTTP Request,200,,Thread-Gruppe  1-46,text,true,,481,129,100,100,http://localhost:7000/randomRequest,508,0,0
1676158040991,918,HTTP Request,200,,Thread-Gruppe  1-41,text,true,,419,129,100,100,http://localhost:7000/randomRequest,918,0,0
1676158041304,615,HTTP Request,200,,Thread-Gruppe  1-54,text,true,,419,129,100,100,http://localhost:7000/randomRequest,615,0,1
1676158040901,1023,HTTP Request,200,,Thread-Gruppe  1-72,text,true,,540,129,100,100,http://localhost:7000/randomRequest,1023,0,0
1676158040719,1211,HTTP Request,200,,Thread-Gruppe  1-92,text,true,,643,129,100,100,http://localhost:7000/randomRequest,1211,0,0
1676158040629,1301,HTTP Request,200,,Thread-Gruppe  1-3,text,true,,641,129,100,100,http://localhost:7000/randomRequest,1301,0,1
1676158040909,1022,HTTP Request,200,,Thread-Gruppe  1-4,text,true,,418,129,100,100,http://localhost:7000/randomRequest,1022,0,0
1676158040909,1022,HTTP Request,200,,Thread-Gruppe  1-10,text,true,,403,129,100,100,http://localhost:7000/randomRequest,1022,0,0
1676158041219,722,HTTP Request,200,,Thread-Gruppe  1-32,text,true,,419,129,100,100,http://localhost:7000/randomRequest,722,0,0
1676158041427,516,HTTP Request,200,,Thread-Gruppe  1-34,text,true,,547,129,100,100,http://localhost:7000/randomRequest,516,0,1
1676158041428,515,HTTP Request,200,,Thread-Gruppe  1-73,text,true,,578,129,100,100,http://localhost:7000/randomRequest,515,0,0
1676158040428,1539,HTTP Request,200,,Thread-Gruppe  1-11,text,true,,492,129,100,100,http://localhost:7000/randomRequest,1539,0,1
1676158040351,1616,HTTP Request,200,,Thread-Gruppe  1-66,text,true,,527,129,100,100,http://localhost:7000/randomRequest,1616,0,0
1676158041153,817,HTTP Request,200,,Thread-Gruppe  1-38,text,true,,492,129,100,100,http://localhost:7000/randomRequest,817,0,0
1676158041071,925,HTTP Request,200,,Thread-Gruppe  1-67,text,true,,492,129,100,100,http://localhost:7000/randomRequest,925,0,1
1676158041505,514,HTTP Request,200,,Thread-Gruppe  1-36,text,true,,484,129,100,100,http://localhost:7000/randomRequest,514,0,0
1676158041022,1018,HTTP Request,200,,Thread-Gruppe  1-29,text,true,,490,129,100,100,http://localhost:7000/randomRequest,1018,0,0
1676158041324,722,HTTP Request,200,,Thread-Gruppe  1-31,text,true,,492,129,100,100,http://localhost:7000/randomRequest,722,0,1
1676158041018,1030,HTTP Request,200,,Thread-Gruppe  1-60,text,true,,419,129,100,100,http://localhost:7000/randomRequest,1030,0,1
1676158041141,907,HTTP Request,200,,Thread-Gruppe  1-6,text,true,,647,129,100,100,http://localhost:7000/randomRequest,907,0,0
1676158041324,724,HTTP Request,200,,Thread-Gruppe  1-69,text,true,,554,129,100,100,http://localhost:7000/randomRequest,724,0,1
1676158041324,735,HTTP Request,200,,Thread-Gruppe  1-50,text,true,,417,129,100,100,http://localhost:7000/randomRequest,735,0,1
1676158041543,516,HTTP Request,200,,Thread-Gruppe  1-42,text,true,,418,129,100,100,http://localhost:7000/randomRequest,516,0,0
1676158041058,1028,HTTP Request,200,,Thread-Gruppe  1-48,text,true,,417,129,100,100,http://localhost:7000/randomRequest,1028,0,0
1676158041343,743,HTTP Request,200,,Thread-Gruppe  1-68,text,true,,553,129,100,100,http://localhost:7000/randomRequest,743,0,0
1676158040475,1612,HTTP Request,200,,Thread-Gruppe  1-51,text,true,,535,129,100,100,http://localhost:7000/randomRequest,1612,0,1
1676158041261,826,HTTP Request,200,,Thread-Gruppe  1-5,text,true,,403,129,100,100,http://localhost:7000/randomRequest,826,0,0
1676158041500,614,HTTP Request,200,,Thread-Gruppe  1-62,text,true,,419,129,100,100,http://localhost:7000/randomRequest,614,0,0
1676158040889,1230,HTTP Request,200,,Thread-Gruppe  1-56,text,true,,487,129,100,100,http://localhost:7000/randomRequest,1230,0,0
1676158041716,410,HTTP Request,200,,Thread-Gruppe  1-91,text,true,,560,129,100,100,http://localhost:7000/randomRequest,410,0,0
1676158041605,539,HTTP Request,200,,Thread-Gruppe  1-1,text,true,,417,129,100,100,http://localhost:7000/randomRequest,539,0,0
1676158041213,946,HTTP Request,200,,Thread-Gruppe  1-21,text,true,,554,129,100,100,http://localhost:7000/randomRequest,946,0,1
1676158041582,620,HTTP Request,200,,Thread-Gruppe  1-74,text,true,,561,129,100,100,http://localhost:7000/randomRequest,620,0,0
1676158041398,822,HTTP Request,200,,Thread-Gruppe  1-90,text,true,,492,129,100,100,http://localhost:7000/randomRequest,822,0,0
1676158041509,722,HTTP Request,200,,Thread-Gruppe  1-24,text,true,,492,129,100,100,http://localhost:7000/randomRequest,722,0,1
1676158041324,928,HTTP Request,200,,Thread-Gruppe  1-25,text,true,,419,129,100,100,http://localhost:7000/randomRequest,928,0,1
1676158040739,1541,HTTP Request,200,,Thread-Gruppe  1-44,text,true,,631,129,100,100,http://localhost:7000/randomRequest,1541,0,1
1676158041051,1229,HTTP Request,200,,Thread-Gruppe  1-33,text,true,,643,129,100,100,http://localhost:7000/randomRequest,1229,0,0
1676158041501,823,HTTP Request,200,,Thread-Gruppe  1-28,text,true,,482,129,100,100,http://localhost:7000/randomRequest,823,0,1
1676158040719,1612,HTTP Request,200,,Thread-Gruppe  1-7,text,true,,541,129,100,100,http://localhost:7000/randomRequest,1612,0,1
1676158041609,722,HTTP Request,200,,Thread-Gruppe  1-89,text,true,,630,129,100,100,http://localhost:7000/randomRequest,722,0,0
1676158041924,410,HTTP Request,200,,Thread-Gruppe  1-72,text,true,,1502,129,100,100,http://localhost:7000/randomRequest,410,0,0
1676158041930,413,HTTP Request,200,,Thread-Gruppe  1-92,text,true,,492,129,100,100,http://localhost:7000/randomRequest,413,0,0
1676158041320,1023,HTTP Request,200,,Thread-Gruppe  1-59,text,true,,492,129,100,100,http://localhost:7000/randomRequest,1023,0,1
1676158041836,521,HTTP Request,200,,Thread-Gruppe  1-70,text,true,,415,129,100,100,http://localhost:7000/randomRequest,521,0,0
1676158040820,1537,HTTP Request,200,,Thread-Gruppe  1-19,text,true,,485,129,100,100,http://localhost:7000/randomRequest,1537,0,1
1676158041647,722,HTTP Request,200,,Thread-Gruppe  1-18,text,true,,419,129,100,100,http://localhost:7000/randomRequest,722,0,1
1676158041764,615,HTTP Request,200,,Thread-Gruppe  1-26,text,true,,419,129,100,100,http://localhost:7000/randomRequest,614,0,0
1676158041670,727,HTTP Request,200,,Thread-Gruppe  1-71,text,true,,419,129,100,100,http://localhost:7000/randomRequest,727,0,1
1676158041774,623,HTTP Request,200,,Thread-Gruppe  1-13,text,true,,419,129,100,100,http://localhost:7000/randomRequest,623,0,1
1676158041705,720,HTTP Request,200,,Thread-Gruppe  1-83,text,true,,492,129,100,100,http://localhost:7000/randomRequest,720,0,0
1676158041376,1049,HTTP Request,200,,Thread-Gruppe  1-27,text,true,,411,129,100,100,http://localhost:7000/randomRequest,1049,0,0
1676158041122,1337,HTTP Request,200,,Thread-Gruppe  1-30,text,true,,554,129,100,100,http://localhost:7000/randomRequest,1337,0,1
1676158041514,958,HTTP Request,200,,Thread-Gruppe  1-23,text,true,,678,129,100,100,http://localhost:7000/randomRequest,958,0,0
1676158041685,823,HTTP Request,200,,Thread-Gruppe  1-45,text,true,,481,129,100,100,http://localhost:7000/randomRequest,823,0,0
1676158040872,1636,HTTP Request,200,,Thread-Gruppe  1-87,text,true,,492,129,100,100,http://localhost:7000/randomRequest,1636,0,0
1676158041893,615,HTTP Request,200,,Thread-Gruppe  1-80,text,true,,419,129,100,100,http://localhost:7000/randomRequest,615,0,0
1676158040766,1742,HTTP Request,200,,Thread-Gruppe  1-16,text,true,,537,129,100,100,http://localhost:7000/randomRequest,1742,0,0
1676158041805,720,HTTP Request,200,,Thread-Gruppe  1-94,text,true,,481,129,100,100,http://localhost:7000/randomRequest,720,0,0
1676158041811,714,HTTP Request,200,,Thread-Gruppe  1-55,text,true,,418,129,100,100,http://localhost:7000/randomRequest,714,0,0
1676158041021,1515,HTTP Request,200,,Thread-Gruppe  1-77,text,true,,527,129,100,100,http://localhost:7000/randomRequest,1515,0,1
1676158041726,827,HTTP Request,200,,Thread-Gruppe  1-100,text,true,,485,129,100,100,http://localhost:7000/randomRequest,827,0,0
1676158042087,538,HTTP Request,200,,Thread-Gruppe  1-51,text,true,,417,129,100,100,http://localhost:7000/randomRequest,538,0,2
1676158042048,612,HTTP Request,200,,Thread-Gruppe  1-69,text,true,,564,129,100,100,http://localhost:7000/randomRequest,612,0,0
1676158042059,618,HTTP Request,200,,Thread-Gruppe  1-50,text,true,,418,129,100,100,http://localhost:7000/randomRequest,618,0,0
1676158041852,825,HTTP Request,200,,Thread-Gruppe  1-97,text,true,,419,129,100,100,http://localhost:7000/randomRequest,825,0,0
1676158041770,937,HTTP Request,200,,Thread-Gruppe  1-20,text,true,,419,129,100,100,http://localhost:7000/randomRequest,937,0,1
1676158041058,1649,HTTP Request,200,,Thread-Gruppe  1-81,text,true,,490,129,100,100,http://localhost:7000/randomRequest,1649,0,0
1676158040969,1742,HTTP Request,200,,Thread-Gruppe  1-43,text,true,,492,129,100,100,http://localhost:7000/randomRequest,1742,0,0
1676158042059,652,HTTP Request,200,,Thread-Gruppe  1-42,text,true,,415,129,100,100,http://localhost:7000/randomRequest,652,0,0
1676158041893,818,HTTP Request,200,,Thread-Gruppe  1-46,text,true,,415,129,100,100,http://localhost:7000/randomRequest,818,0,0
1676158041528,1236,HTTP Request,200,,Thread-Gruppe  1-98,text,true,,565,129,100,100,http://localhost:7000/randomRequest,1236,0,0
1676158042048,733,HTTP Request,200,,Thread-Gruppe  1-6,text,true,,647,129,100,100,http://localhost:7000/randomRequest,733,0,0
1676158041854,927,HTTP Request,200,,Thread-Gruppe  1-78,text,true,,489,129,100,100,http://localhost:7000/randomRequest,927,0,0
1676158041570,1237,HTTP Request,200,,Thread-Gruppe  1-85,text,true,,482,129,100,100,http://localhost:7000/randomRequest,1237,0,1
1676158041683,1131,HTTP Request,200,,Thread-Gruppe  1-57,text,true,,492,129,100,100,http://localhost:7000/randomRequest,1131,0,0
1676158041581,1233,HTTP Request,200,,Thread-Gruppe  1-17,text,true,,419,129,100,100,http://localhost:7000/randomRequest,1233,0,0
1676158042115,717,HTTP Request,200,,Thread-Gruppe  1-62,text,true,,485,129,100,100,http://localhost:7000/randomRequest,717,0,0
1676158042019,820,HTTP Request,200,,Thread-Gruppe  1-36,text,true,,492,129,100,100,http://localhost:7000/randomRequest,820,0,1
1676158041781,1063,HTTP Request,200,,Thread-Gruppe  1-88,text,true,,593,129,100,100,http://localhost:7000/randomRequest,1063,0,0
1676158041726,1129,HTTP Request,200,,Thread-Gruppe  1-14,text,true,,490,129,100,100,http://localhost:7000/randomRequest,1129,0,0
1676158041931,925,HTTP Request,200,,Thread-Gruppe  1-4,text,true,,418,129,100,100,http://localhost:7000/randomRequest,925,0,0
1676158041625,1231,HTTP Request,200,,Thread-Gruppe  1-47,text,true,,552,129,100,100,http://localhost:7000/randomRequest,1230,0,0
1676158042040,816,HTTP Request,200,,Thread-Gruppe  1-29,text,true,,489,129,100,100,http://localhost:7000/randomRequest,815,0,1
1676158042046,822,HTTP Request,200,,Thread-Gruppe  1-31,text,true,,485,129,100,100,http://localhost:7000/randomRequest,822,0,0
1676158041528,1340,HTTP Request,200,,Thread-Gruppe  1-9,text,true,,489,129,100,100,http://localhost:7000/randomRequest,1340,0,0
1676158041528,1340,HTTP Request,200,,Thread-Gruppe  1-84,text,true,,557,129,100,100,http://localhost:7000/randomRequest,1340,0,0
1676158041943,925,HTTP Request,200,,Thread-Gruppe  1-73,text,true,,415,129,100,100,http://localhost:7000/randomRequest,925,0,0
1676158041752,1133,HTTP Request,200,,Thread-Gruppe  1-64,text,true,,568,129,100,100,http://localhost:7000/randomRequest,1133,0,0
1676158041875,1010,HTTP Request,200,,Thread-Gruppe  1-12,text,true,,541,129,100,100,http://localhost:7000/randomRequest,1010,0,0
1676158042280,619,HTTP Request,200,,Thread-Gruppe  1-44,text,true,,561,129,100,100,http://localhost:7000/randomRequest,619,0,0
1676158041996,908,HTTP Request,200,,Thread-Gruppe  1-67,text,true,,633,129,100,100,http://localhost:7000/randomRequest,908,0,1
1676158042202,717,HTTP Request,200,,Thread-Gruppe  1-74,text,true,,492,129,100,100,http://localhost:7000/randomRequest,717,0,0
1676158041719,1205,HTTP Request,200,,Thread-Gruppe  1-93,text,true,,643,129,100,100,http://localhost:7000/randomRequest,1205,0,0
1676158041909,1026,HTTP Request,200,,Thread-Gruppe  1-41,text,true,,490,129,100,100,http://localhost:7000/randomRequest,1026,0,0
1676158041607,1328,HTTP Request,200,,Thread-Gruppe  1-65,text,true,,403,129,100,100,http://localhost:7000/randomRequest,1328,0,0
1676158042324,617,HTTP Request,200,,Thread-Gruppe  1-28,text,true,,486,129,100,100,http://localhost:7000/randomRequest,617,0,0
1676158041195,1762,HTTP Request,200,,Thread-Gruppe  1-8,text,true,,403,129,100,100,http://localhost:7000/randomRequest,1762,0,0
1676158042144,813,HTTP Request,200,,Thread-Gruppe  1-1,text,true,,541,129,100,100,http://localhost:7000/randomRequest,813,0,0
1676158041930,1027,HTTP Request,200,,Thread-Gruppe  1-3,text,true,,540,129,100,100,http://localhost:7000/randomRequest,1027,0,0
1676158041122,1849,HTTP Request,200,,Thread-Gruppe  1-76,text,true,,540,129,100,100,http://localhost:7000/randomRequest,1849,0,1
1676158042459,512,HTTP Request,200,,Thread-Gruppe  1-30,text,true,,417,129,100,100,http://localhost:7000/randomRequest,512,0,1
1676158042087,932,HTTP Request,200,,Thread-Gruppe  1-5,text,true,,403,129,100,100,http://localhost:7000/randomRequest,932,0,2
1676158042087,936,HTTP Request,200,,Thread-Gruppe  1-48,text,true,,492,129,100,100,http://localhost:7000/randomRequest,936,0,2
1676158041613,1411,HTTP Request,200,,Thread-Gruppe  1-35,text,true,,537,129,100,100,http://localhost:7000/randomRequest,1411,0,1
1676158013009,30015,HTTP Request,500,,Thread-Gruppe  1-39,text,false,,258,129,100,100,http://localhost:7000/randomRequest,30015,0,0
1676158040991,2047,HTTP Request,200,,Thread-Gruppe  1-22,text,true,,485,129,100,100,http://localhost:7000/randomRequest,2047,0,0
1676158042126,921,HTTP Request,200,,Thread-Gruppe  1-91,text,true,,416,129,100,100,http://localhost:7000/randomRequest,921,0,1
1676158041324,1734,HTTP Request,200,,Thread-Gruppe  1-52,text,true,,535,129,100,100,http://localhost:7000/randomRequest,1734,0,1
1676158041528,1542,HTTP Request,200,,Thread-Gruppe  1-82,text,true,,481,129,100,100,http://localhost:7000/randomRequest,1542,0,0
1676158041943,1127,HTTP Request,200,,Thread-Gruppe  1-34,text,true,,564,129,100,100,http://localhost:7000/randomRequest,1127,0,0
1676158042357,714,HTTP Request,200,,Thread-Gruppe  1-70,text,true,,551,129,100,100,http://localhost:7000/randomRequest,714,0,1
1676158042086,1039,HTTP Request,200,,Thread-Gruppe  1-68,text,true,,419,129,100,100,http://localhost:7000/randomRequest,1039,0,3
1676158042508,623,HTTP Request,200,,Thread-Gruppe  1-16,text,true,,489,129,100,100,http://localhost:7000/randomRequest,623,0,1
1676158042508,623,HTTP Request,200,,Thread-Gruppe  1-87,text,true,,492,129,100,100,http://localhost:7000/randomRequest,623,0,1
1676158042625,514,HTTP Request,200,,Thread-Gruppe  1-51,text,true,,549,129,100,100,http://localhost:7000/randomRequest,514,0,0
1676158042425,726,HTTP Request,200,,Thread-Gruppe  1-83,text,true,,486,129,100,100,http://localhost:7000/randomRequest,726,0,0
1676158042331,824,HTTP Request,200,,Thread-Gruppe  1-89,text,true,,566,129,100,100,http://localhost:7000/randomRequest,824,0,0
1676158042343,816,HTTP Request,200,,Thread-Gruppe  1-59,text,true,,419,129,100,100,http://localhost:7000/randomRequest,816,0,1
1676158041725,1434,HTTP Request,200,,Thread-Gruppe  1-2,text,true,,485,129,100,100,http://localhost:7000/randomRequest,1434,0,0
1676158041919,1240,HTTP Request,200,,Thread-Gruppe  1-54,text,true,,417,129,100,100,http://localhost:7000/randomRequest,1240,0,1
1676158041736,1434,HTTP Request,200,,Thread-Gruppe  1-95,text,true,,492,129,100,100,http://localhost:7000/randomRequest,1434,0,0
1676158041968,1226,HTTP Request,200,,Thread-Gruppe  1-66,text,true,,555,129,100,100,http://localhost:7000/randomRequest,1226,0,0
1676158041968,1226,HTTP Request,200,,Thread-Gruppe  1-11,text,true,,492,129,100,100,http://localhost:7000/randomRequest,1226,0,0
1676158041570,1624,HTTP Request,200,,Thread-Gruppe  1-79,text,true,,633,129,100,100,http://localhost:7000/randomRequest,1624,0,1
1676158042331,922,HTTP Request,200,,Thread-Gruppe  1-7,text,true,,492,129,100,100,http://localhost:7000/randomRequest,922,0,0
1676158040921,2338,HTTP Request,200,,Thread-Gruppe  1-37,text,true,,527,129,100,100,http://localhost:7000/randomRequest,2338,0,0
1676158042536,723,HTTP Request,200,,Thread-Gruppe  1-77,text,true,,492,129,100,100,http://localhost:7000/randomRequest,723,0,0
1676158041931,1333,HTTP Request,200,,Thread-Gruppe  1-10,text,true,,481,129,100,100,http://localhost:7000/randomRequest,1333,0,0
1676158042357,913,HTTP Request,200,,Thread-Gruppe  1-19,text,true,,647,129,100,100,http://localhost:7000/randomRequest,913,0,1
1676158041941,1333,HTTP Request,200,,Thread-Gruppe  1-32,text,true,,554,129,100,100,http://localhost:7000/randomRequest,1333,0,0
1676158042472,830,HTTP Request,200,,Thread-Gruppe  1-23,text,true,,485,129,100,100,http://localhost:7000/randomRequest,830,0,0
1676158042159,1147,HTTP Request,200,,Thread-Gruppe  1-21,text,true,,417,129,100,100,http://localhost:7000/randomRequest,1147,0,1
1676158042425,893,HTTP Request,200,,Thread-Gruppe  1-27,text,true,,647,129,100,100,http://localhost:7000/randomRequest,893,0,0
1676158041970,1348,HTTP Request,200,,Thread-Gruppe  1-38,text,true,,554,129,100,100,http://localhost:7000/randomRequest,1348,0,0
1676158042814,518,HTTP Request,200,,Thread-Gruppe  1-17,text,true,,418,129,100,100,http://localhost:7000/randomRequest,518,0,1
1676158042220,1121,HTTP Request,200,,Thread-Gruppe  1-90,text,true,,419,129,100,100,http://localhost:7000/randomRequest,1121,0,0
1676158042525,826,HTTP Request,200,,Thread-Gruppe  1-94,text,true,,559,129,100,100,http://localhost:7000/randomRequest,826,0,0
1676158042252,1129,HTTP Request,200,,Thread-Gruppe  1-25,text,true,,492,129,100,100,http://localhost:7000/randomRequest,1129,0,1
1676158042677,720,HTTP Request,200,,Thread-Gruppe  1-50,text,true,,547,129,100,100,http://localhost:7000/randomRequest,720,0,1
1676158042397,1027,HTTP Request,200,,Thread-Gruppe  1-71,text,true,,492,129,100,100,http://localhost:7000/randomRequest,1027,0,1
1676158041307,2130,HTTP Request,200,,Thread-Gruppe  1-86,text,true,,647,129,100,100,http://localhost:7000/randomRequest,2130,0,0
1676158042711,726,HTTP Request,200,,Thread-Gruppe  1-42,text,true,,481,129,100,100,http://localhost:7000/randomRequest,726,0,1
1676158042508,931,HTTP Request,200,,Thread-Gruppe  1-80,text,true,,418,129,100,100,http://localhost:7000/randomRequest,931,0,1
1676158042048,1433,HTTP Request,200,,Thread-Gruppe  1-60,text,true,,485,129,100,100,http://localhost:7000/randomRequest,1433,0,0
1676158041324,2157,HTTP Request,200,,Thread-Gruppe  1-99,text,true,,488,129,100,100,http://localhost:7000/randomRequest,2157,0,1
1676158041324,2157,HTTP Request,200,,Thread-Gruppe  1-75,text,true,,485,129,100,100,http://localhost:7000/randomRequest,2157,0,1
1676158041561,1920,HTTP Request,200,,Thread-Gruppe  1-58,text,true,,539,129,100,100,http://localhost:7000/randomRequest,1920,0,0
1676158013428,30055,HTTP Request,500,,Thread-Gruppe  1-63,text,false,,258,129,100,100,http://localhost:7000/randomRequest,30054,0,0
1676158042885,620,HTTP Request,200,,Thread-Gruppe  1-12,text,true,,561,129,100,100,http://localhost:7000/randomRequest,620,0,0
1676158043023,516,HTTP Request,200,,Thread-Gruppe  1-48,text,true,,418,129,100,100,http://localhost:7000/randomRequest,516,0,0
1676158042924,615,HTTP Request,200,,Thread-Gruppe  1-93,text,true,,561,129,100,100,http://localhost:7000/randomRequest,615,0,0
1676158042711,850,HTTP Request,200,,Thread-Gruppe  1-43,text,true,,544,129,100,100,http://localhost:7000/randomRequest,850,0,1
1676158042839,722,HTTP Request,200,,Thread-Gruppe  1-36,text,true,,419,129,100,100,http://localhost:7000/randomRequest,722,0,1
1676158042856,714,HTTP Request,200,,Thread-Gruppe  1-29,text,true,,401,129,100,100,http://localhost:7000/randomRequest,714,0,0
1676158042343,1227,HTTP Request,200,,Thread-Gruppe  1-92,text,true,,492,129,100,100,http://localhost:7000/randomRequest,1227,0,1
1676158041555,2015,HTTP Request,200,,Thread-Gruppe  1-61,text,true,,527,129,100,100,http://localhost:7000/randomRequest,2015,0,0
1676158042868,713,HTTP Request,200,,Thread-Gruppe  1-9,text,true,,418,129,100,100,http://localhost:7000/randomRequest,713,0,0
1676158041324,2257,HTTP Request,200,,Thread-Gruppe  1-40,text,true,,485,129,100,100,http://localhost:7000/randomRequest,2257,0,1
1676158042660,921,HTTP Request,200,,Thread-Gruppe  1-69,text,true,,490,129,100,100,http://localhost:7000/randomRequest,921,0,0
1676158042856,729,HTTP Request,200,,Thread-Gruppe  1-4,text,true,,417,129,100,100,http://localhost:7000/randomRequest,729,0,0
1676158042553,1051,HTTP Request,200,,Thread-Gruppe  1-100,text,true,,561,129,100,100,http://localhost:7000/randomRequest,1051,0,0
1676158042885,724,HTTP Request,200,,Thread-Gruppe  1-64,text,true,,557,129,100,100,http://localhost:7000/randomRequest,724,0,0
1676158042508,1101,HTTP Request,200,,Thread-Gruppe  1-45,text,true,,527,129,100,100,http://localhost:7000/randomRequest,1101,0,1
1676158042807,817,HTTP Request,200,,Thread-Gruppe  1-85,text,true,,492,129,100,100,http://localhost:7000/randomRequest,817,0,1
1676158042814,828,HTTP Request,200,,Thread-Gruppe  1-57,text,true,,557,129,100,100,http://localhost:7000/randomRequest,828,0,1
1676158042232,1439,HTTP Request,200,,Thread-Gruppe  1-24,text,true,,490,129,100,100,http://localhost:7000/randomRequest,1439,0,0
1676158042856,815,HTTP Request,200,,Thread-Gruppe  1-14,text,true,,561,129,100,100,http://localhost:7000/randomRequest,815,0,0
1676158042832,839,HTTP Request,200,,Thread-Gruppe  1-62,text,true,,682,129,100,100,http://localhost:7000/randomRequest,839,0,1
1676158043270,409,HTTP Request,200,,Thread-Gruppe  1-19,text,true,,552,129,100,100,http://localhost:7000/randomRequest,409,0,0
1676158042868,816,HTTP Request,200,,Thread-Gruppe  1-31,text,true,,546,129,100,100,http://localhost:7000/randomRequest,815,0,0
1676158043071,617,HTTP Request,200,,Thread-Gruppe  1-70,text,true,,543,129,100,100,http://localhost:7000/randomRequest,617,0,0
1676158042899,819,HTTP Request,200,,Thread-Gruppe  1-44,text,true,,562,129,100,100,http://localhost:7000/randomRequest,819,0,0
1676158042677,1050,HTTP Request,200,,Thread-Gruppe  1-97,text,true,,560,129,100,100,http://localhost:7000/randomRequest,1050,0,1
1676158042397,1330,HTTP Request,200,,Thread-Gruppe  1-13,text,true,,492,129,100,100,http://localhost:7000/randomRequest,1330,0,1
1676158043019,720,HTTP Request,200,,Thread-Gruppe  1-5,text,true,,549,129,100,100,http://localhost:7000/randomRequest,720,0,1
1676158042868,871,HTTP Request,200,,Thread-Gruppe  1-84,text,true,,417,129,100,100,http://localhost:7000/randomRequest,871,0,0
1676158042711,1032,HTTP Request,200,,Thread-Gruppe  1-46,text,true,,416,129,100,100,http://localhost:7000/randomRequest,1032,0,1
1676158042525,1240,HTTP Request,200,,Thread-Gruppe  1-55,text,true,,485,129,100,100,http://localhost:7000/randomRequest,1240,0,0
1676158042764,1025,HTTP Request,200,,Thread-Gruppe  1-98,text,true,,492,129,100,100,http://localhost:7000/randomRequest,1025,0,0
1676158042971,818,HTTP Request,200,,Thread-Gruppe  1-30,text,true,,419,129,100,100,http://localhost:7000/randomRequest,818,0,0
1676158043070,719,HTTP Request,200,,Thread-Gruppe  1-82,text,true,,418,129,100,100,http://localhost:7000/randomRequest,719,0,0
1676158042369,1436,HTTP Request,200,,Thread-Gruppe  1-18,text,true,,492,129,100,100,http://localhost:7000/randomRequest,1436,0,0
1676158042379,1427,HTTP Request,200,,Thread-Gruppe  1-26,text,true,,492,129,100,100,http://localhost:7000/randomRequest,1427,0,0
1676158043194,623,HTTP Request,200,,Thread-Gruppe  1-11,text,true,,419,129,100,100,http://localhost:7000/randomRequest,623,0,1
1676158042904,927,HTTP Request,200,,Thread-Gruppe  1-67,text,true,,1848,129,100,100,http://localhost:7000/randomRequest,927,0,0
1676158043024,815,HTTP Request,200,,Thread-Gruppe  1-39,text,true,,419,129,100,100,http://localhost:7000/randomRequest,815,0,0
1676158042334,1505,HTTP Request,200,,Thread-Gruppe  1-72,text,true,,647,129,100,100,http://localhost:7000/randomRequest,1505,0,0
1676158042919,924,HTTP Request,200,,Thread-Gruppe  1-74,text,true,,416,129,100,100,http://localhost:7000/randomRequest,924,0,0
1676158043024,819,HTTP Request,200,,Thread-Gruppe  1-35,text,true,,419,129,100,100,http://localhost:7000/randomRequest,819,0,0
1676158042707,1136,HTTP Request,200,,Thread-Gruppe  1-81,text,true,,492,129,100,100,http://localhost:7000/randomRequest,1136,0,1
1676158043131,722,HTTP Request,200,,Thread-Gruppe  1-16,text,true,,492,129,100,100,http://localhost:7000/randomRequest,722,0,0
1676158043259,616,HTTP Request,200,,Thread-Gruppe  1-77,text,true,,419,129,100,100,http://localhost:7000/randomRequest,616,0,0
1676158043264,612,HTTP Request,200,,Thread-Gruppe  1-10,text,true,,419,129,100,100,http://localhost:7000/randomRequest,612,0,0
1676158042958,921,HTTP Request,200,,Thread-Gruppe  1-1,text,true,,481,129,100,100,http://localhost:7000/randomRequest,921,0,0
1676158043381,537,HTTP Request,200,,Thread-Gruppe  1-25,text,true,,417,129,100,100,http://localhost:7000/randomRequest,537,0,0
1676158043561,409,HTTP Request,200,,Thread-Gruppe  1-36,text,true,,419,129,100,100,http://localhost:7000/randomRequest,409,0,0
1676158043159,819,HTTP Request,200,,Thread-Gruppe  1-2,text,true,,488,129,100,100,http://localhost:7000/randomRequest,819,0,1
1676158043481,512,HTTP Request,200,,Thread-Gruppe  1-99,text,true,,542,129,100,100,http://localhost:7000/randomRequest,512,0,0
1676158043561,513,HTTP Request,200,,Thread-Gruppe  1-43,text,true,,418,129,100,100,http://localhost:7000/randomRequest,513,0,0
1676158043170,923,HTTP Request,200,,Thread-Gruppe  1-95,text,true,,492,129,100,100,http://localhost:7000/randomRequest,923,0,1
1676158042280,1829,HTTP Request,200,,Thread-Gruppe  1-33,text,true,,537,129,100,100,http://localhost:7000/randomRequest,1829,0,0
1676158043194,930,HTTP Request,200,,Thread-Gruppe  1-66,text,true,,481,129,100,100,http://localhost:7000/randomRequest,930,0,1
1676158042120,2018,HTTP Request,200,,Thread-Gruppe  1-56,text,true,,527,129,100,100,http://localhost:7000/randomRequest,2018,0,0
1676158043302,836,HTTP Request,200,,Thread-Gruppe  1-23,text,true,,417,129,100,100,http://localhost:7000/randomRequest,836,0,0
1676158042707,1446,HTTP Request,200,,Thread-Gruppe  1-20,text,true,,492,129,100,100,http://localhost:7000/randomRequest,1446,0,1
1676158043159,1027,HTTP Request,200,,Thread-Gruppe  1-54,text,true,,545,129,100,100,http://localhost:7000/randomRequest,1027,0,1
1676158043070,1123,HTTP Request,200,,Thread-Gruppe  1-34,text,true,,418,129,100,100,http://localhost:7000/randomRequest,1123,0,0
1676158042971,1223,HTTP Request,200,,Thread-Gruppe  1-76,text,true,,485,129,100,100,http://localhost:7000/randomRequest,1223,0,0
1676158043481,721,HTTP Request,200,,Thread-Gruppe  1-58,text,true,,481,129,100,100,http://localhost:7000/randomRequest,721,0,0
1676158043481,721,HTTP Request,200,,Thread-Gruppe  1-75,text,true,,490,129,100,100,http://localhost:7000/randomRequest,721,0,0
1676158043424,823,HTTP Request,200,,Thread-Gruppe  1-71,text,true,,553,129,100,100,http://localhost:7000/randomRequest,823,0,0
1676158043437,819,HTTP Request,200,,Thread-Gruppe  1-86,text,true,,492,129,100,100,http://localhost:7000/randomRequest,819,0,0
1676158042936,1329,HTTP Request,200,,Thread-Gruppe  1-65,text,true,,492,129,100,100,http://localhost:7000/randomRequest,1329,0,0
1676158043352,924,HTTP Request,200,,Thread-Gruppe  1-94,text,true,,490,129,100,100,http://localhost:7000/randomRequest,924,0,0
1676158043481,795,HTTP Request,200,,Thread-Gruppe  1-60,text,true,,494,129,100,100,http://localhost:7000/randomRequest,795,0,0
1676158043058,1230,HTTP Request,200,,Thread-Gruppe  1-52,text,true,,492,129,100,100,http://localhost:7000/randomRequest,1230,0,0
1676158042957,1331,HTTP Request,200,,Thread-Gruppe  1-3,text,true,,401,129,100,100,http://localhost:7000/randomRequest,1331,0,1
1676158042781,1513,HTTP Request,200,,Thread-Gruppe  1-6,text,true,,647,129,100,100,http://localhost:7000/randomRequest,1513,0,0
1676158043680,614,HTTP Request,200,,Thread-Gruppe  1-19,text,true,,418,129,100,100,http://localhost:7000/randomRequest,614,0,0
1676158042868,1426,HTTP Request,200,,Thread-Gruppe  1-73,text,true,,643,129,100,100,http://localhost:7000/randomRequest,1426,0,0
1676158043789,505,HTTP Request,200,,Thread-Gruppe  1-82,text,true,,419,129,100,100,http://localhost:7000/randomRequest,505,0,1
1676158043586,736,HTTP Request,200,,Thread-Gruppe  1-4,text,true,,416,129,100,100,http://localhost:7000/randomRequest,736,0,0
1676158043805,517,HTTP Request,200,,Thread-Gruppe  1-18,text,true,,419,129,100,100,http://localhost:7000/randomRequest,517,0,0
1676158043483,839,HTTP Request,200,,Thread-Gruppe  1-63,text,true,,419,129,100,100,http://localhost:7000/randomRequest,839,0,0
1676158042844,1513,HTTP Request,200,,Thread-Gruppe  1-88,text,true,,535,129,100,100,http://localhost:7000/randomRequest,1513,0,0
1676158043132,1237,HTTP Request,200,,Thread-Gruppe  1-87,text,true,,492,129,100,100,http://localhost:7000/randomRequest,1237,0,0
1676158043876,516,HTTP Request,200,,Thread-Gruppe  1-10,text,true,,418,129,100,100,http://localhost:7000/randomRequest,516,0,0
1676158043159,1245,HTTP Request,200,,Thread-Gruppe  1-59,text,true,,417,129,100,100,http://localhost:7000/randomRequest,1245,0,1
1676158043689,718,HTTP Request,200,,Thread-Gruppe  1-70,text,true,,419,129,100,100,http://localhost:7000/randomRequest,718,0,0
1676158043125,1292,HTTP Request,200,,Thread-Gruppe  1-68,text,true,,537,129,100,100,http://localhost:7000/randomRequest,1292,0,0
1676158043918,517,HTTP Request,200,,Thread-Gruppe  1-25,text,true,,418,129,100,100,http://localhost:7000/randomRequest,517,0,0
1676158043333,1102,HTTP Request,200,,Thread-Gruppe  1-17,text,true,,633,129,100,100,http://localhost:7000/randomRequest,1102,0,0
1676158043306,1133,HTTP Request,200,,Thread-Gruppe  1-21,text,true,,485,129,100,100,http://localhost:7000/randomRequest,1133,0,1
1676158043437,1020,HTTP Request,200,,Thread-Gruppe  1-42,text,true,,492,129,100,100,http://localhost:7000/randomRequest,1020,0,0
1676158043439,1018,HTTP Request,200,,Thread-Gruppe  1-80,text,true,,490,129,100,100,http://localhost:7000/randomRequest,1018,0,0
1676158043539,918,HTTP Request,200,,Thread-Gruppe  1-93,text,true,,541,129,100,100,http://localhost:7000/randomRequest,918,0,0
1676158043642,832,HTTP Request,200,,Thread-Gruppe  1-57,text,true,,540,129,100,100,http://localhost:7000/randomRequest,832,0,1
1676158043151,1334,HTTP Request,200,,Thread-Gruppe  1-83,text,true,,492,129,100,100,http://localhost:7000/randomRequest,1334,0,0
1676158043048,1437,HTTP Request,200,,Thread-Gruppe  1-91,text,true,,492,129,100,100,http://localhost:7000/randomRequest,1437,0,0
1676158043155,1337,HTTP Request,200,,Thread-Gruppe  1-89,text,true,,481,129,100,100,http://localhost:7000/randomRequest,1337,0,0
1676158043978,514,HTTP Request,200,,Thread-Gruppe  1-2,text,true,,419,129,100,100,http://localhost:7000/randomRequest,514,0,1
1676158043671,821,HTTP Request,200,,Thread-Gruppe  1-14,text,true,,556,129,100,100,http://localhost:7000/randomRequest,821,0,0
1676158042856,1636,HTTP Request,200,,Thread-Gruppe  1-47,text,true,,492,129,100,100,http://localhost:7000/randomRequest,1636,0,0
1676158043581,921,HTTP Request,200,,Thread-Gruppe  1-9,text,true,,492,129,100,100,http://localhost:7000/randomRequest,921,0,0
1676158043684,818,HTTP Request,200,,Thread-Gruppe  1-31,text,true,,551,129,100,100,http://localhost:7000/randomRequest,818,0,0
1676158043789,713,HTTP Request,200,,Thread-Gruppe  1-30,text,true,,556,129,100,100,http://localhost:7000/randomRequest,713,0,1
1676158042781,1721,HTTP Request,200,,Thread-Gruppe  1-78,text,true,,527,129,100,100,http://localhost:7000/randomRequest,1721,0,0
1676158043609,930,HTTP Request,200,,Thread-Gruppe  1-45,text,true,,556,129,100,100,http://localhost:7000/randomRequest,930,0,0
1676158043604,935,HTTP Request,200,,Thread-Gruppe  1-100,text,true,,492,129,100,100,http://localhost:7000/randomRequest,935,0,0
1676158043318,1233,HTTP Request,200,,Thread-Gruppe  1-38,text,true,,563,129,100,100,http://localhost:7000/randomRequest,1233,0,1
1676158043831,720,HTTP Request,200,,Thread-Gruppe  1-67,text,true,,490,129,100,100,http://localhost:7000/randomRequest,720,0,1
1676158042936,1639,HTTP Request,200,,Thread-Gruppe  1-41,text,true,,402,129,100,100,http://localhost:7000/randomRequest,1639,0,0
1676158042957,1635,HTTP Request,200,,Thread-Gruppe  1-8,text,true,,537,129,100,100,http://localhost:7000/randomRequest,1635,0,1
1676158043671,921,HTTP Request,200,,Thread-Gruppe  1-24,text,true,,550,129,100,100,http://localhost:7000/randomRequest,921,0,0
1676158043581,1023,HTTP Request,200,,Thread-Gruppe  1-40,text,true,,492,129,100,100,http://localhost:7000/randomRequest,1023,0,0
1676158043570,1051,HTTP Request,200,,Thread-Gruppe  1-92,text,true,,684,129,100,100,http://localhost:7000/randomRequest,1051,0,1
1676158043739,919,HTTP Request,200,,Thread-Gruppe  1-5,text,true,,403,129,100,100,http://localhost:7000/randomRequest,919,0,1
1676158042941,1717,HTTP Request,200,,Thread-Gruppe  1-28,text,true,,526,129,100,100,http://localhost:7000/randomRequest,1717,0,1
1676158043259,1436,HTTP Request,200,,Thread-Gruppe  1-37,text,true,,485,129,100,100,http://localhost:7000/randomRequest,1436,0,0
1676158043806,916,HTTP Request,200,,Thread-Gruppe  1-26,text,true,,419,129,100,100,http://localhost:7000/randomRequest,916,0,0
1676158043625,1134,HTTP Request,200,,Thread-Gruppe  1-85,text,true,,552,129,100,100,http://localhost:7000/randomRequest,1134,0,0
1676158044139,620,HTTP Request,200,,Thread-Gruppe  1-23,text,true,,419,129,100,100,http://localhost:7000/randomRequest,620,0,0
1676158043843,916,HTTP Request,200,,Thread-Gruppe  1-74,text,true,,419,129,100,100,http://localhost:7000/randomRequest,916,0,0
1676158043253,1506,HTTP Request,200,,Thread-Gruppe  1-7,text,true,,527,129,100,100,http://localhost:7000/randomRequest,1506,0,0
1676158043727,1049,HTTP Request,200,,Thread-Gruppe  1-97,text,true,,415,129,100,100,http://localhost:7000/randomRequest,1049,0,1
1676158043971,818,HTTP Request,200,,Thread-Gruppe  1-36,text,true,,492,129,100,100,http://localhost:7000/randomRequest,818,0,0
1676158044288,507,HTTP Request,200,,Thread-Gruppe  1-52,text,true,,418,129,100,100,http://localhost:7000/randomRequest,507,0,1
1676158043839,999,HTTP Request,200,,Thread-Gruppe  1-72,text,true,,491,129,100,100,http://localhost:7000/randomRequest,999,0,1
1676158043817,1030,HTTP Request,200,,Thread-Gruppe  1-11,text,true,,548,129,100,100,http://localhost:7000/randomRequest,1030,0,1
1676158043318,1546,HTTP Request,200,,Thread-Gruppe  1-27,text,true,,560,129,100,100,http://localhost:7000/randomRequest,1546,0,1
1676158043843,1021,HTTP Request,200,,Thread-Gruppe  1-35,text,true,,492,129,100,100,http://localhost:7000/randomRequest,1021,0,0
1676158044139,725,HTTP Request,200,,Thread-Gruppe  1-56,text,true,,419,129,100,100,http://localhost:7000/randomRequest,725,0,0
1676158043570,1327,HTTP Request,200,,Thread-Gruppe  1-29,text,true,,481,129,100,100,http://localhost:7000/randomRequest,1327,0,1
1676158043139,1758,HTTP Request,200,,Thread-Gruppe  1-51,text,true,,492,129,100,100,http://localhost:7000/randomRequest,1758,0,0
1676158043039,1858,HTTP Request,200,,Thread-Gruppe  1-22,text,true,,490,129,100,100,http://localhost:7000/randomRequest,1858,0,0
1676158044294,612,HTTP Request,200,,Thread-Gruppe  1-73,text,true,,557,129,100,100,http://localhost:7000/randomRequest,612,0,0
1676158044202,717,HTTP Request,200,,Thread-Gruppe  1-58,text,true,,492,129,100,100,http://localhost:7000/randomRequest,717,0,0
1676158044094,841,HTTP Request,200,,Thread-Gruppe  1-95,text,true,,474,129,100,100,http://localhost:7000/randomRequest,841,0,0
1676158043194,1757,HTTP Request,200,,Thread-Gruppe  1-79,text,true,,490,129,100,100,http://localhost:7000/randomRequest,1757,0,1
1676158044124,827,HTTP Request,200,,Thread-Gruppe  1-66,text,true,,574,129,100,100,http://localhost:7000/randomRequest,827,0,0
1676158044439,516,HTTP Request,200,,Thread-Gruppe  1-21,text,true,,419,129,100,100,http://localhost:7000/randomRequest,516,0,0
1676158043727,1235,HTTP Request,200,,Thread-Gruppe  1-13,text,true,,419,129,100,100,http://localhost:7000/randomRequest,1235,0,1
1676158043743,1224,HTTP Request,200,,Thread-Gruppe  1-46,text,true,,643,129,100,100,http://localhost:7000/randomRequest,1224,0,0
1676158044265,718,HTTP Request,200,,Thread-Gruppe  1-65,text,true,,492,129,100,100,http://localhost:7000/randomRequest,718,0,1
1676158044276,715,HTTP Request,200,,Thread-Gruppe  1-94,text,true,,556,129,100,100,http://localhost:7000/randomRequest,715,0,0
1676158043274,1727,HTTP Request,200,,Thread-Gruppe  1-32,text,true,,633,129,100,100,http://localhost:7000/randomRequest,1727,0,0
1676158044202,819,HTTP Request,200,,Thread-Gruppe  1-75,text,true,,417,129,100,100,http://localhost:7000/randomRequest,819,0,0
1676158043581,1444,HTTP Request,200,,Thread-Gruppe  1-69,text,true,,536,129,100,100,http://localhost:7000/randomRequest,1444,0,1
1676158044110,923,HTTP Request,200,,Thread-Gruppe  1-33,text,true,,492,129,100,100,http://localhost:7000/randomRequest,923,0,0
1676158044294,747,HTTP Request,200,,Thread-Gruppe  1-6,text,true,,417,129,100,100,http://localhost:7000/randomRequest,747,0,0
1676158043539,1516,HTTP Request,200,,Thread-Gruppe  1-48,text,true,,643,129,100,100,http://localhost:7000/randomRequest,1516,0,0
1676158044247,823,HTTP Request,200,,Thread-Gruppe  1-71,text,true,,485,129,100,100,http://localhost:7000/randomRequest,822,0,1
1676158043853,1235,HTTP Request,200,,Thread-Gruppe  1-16,text,true,,403,129,100,100,http://localhost:7000/randomRequest,1235,0,0
1676158043789,1312,HTTP Request,200,,Thread-Gruppe  1-98,text,true,,638,129,100,100,http://localhost:7000/randomRequest,1312,0,1
1676158044276,825,HTTP Request,200,,Thread-Gruppe  1-60,text,true,,548,129,100,100,http://localhost:7000/randomRequest,825,0,0
1676158044194,920,HTTP Request,200,,Thread-Gruppe  1-76,text,true,,492,129,100,100,http://localhost:7000/randomRequest,920,0,0
1676158044404,718,HTTP Request,200,,Thread-Gruppe  1-59,text,true,,419,129,100,100,http://localhost:7000/randomRequest,718,0,0
1676158043397,1728,HTTP Request,200,,Thread-Gruppe  1-50,text,true,,492,129,100,100,http://localhost:7000/randomRequest,1728,0,1
1676158043671,1454,HTTP Request,200,,Thread-Gruppe  1-62,text,true,,679,129,100,100,http://localhost:7000/randomRequest,1454,0,0
1676158043739,1416,HTTP Request,200,,Thread-Gruppe  1-84,text,true,,536,129,100,100,http://localhost:7000/randomRequest,1416,0,1
1676158044153,1019,HTTP Request,200,,Thread-Gruppe  1-20,text,true,,492,129,100,100,http://localhost:7000/randomRequest,1019,0,0
1676158044357,832,HTTP Request,200,,Thread-Gruppe  1-88,text,true,,419,129,100,100,http://localhost:7000/randomRequest,832,0,0
1676158044369,824,HTTP Request,200,,Thread-Gruppe  1-87,text,true,,561,129,100,100,http://localhost:7000/randomRequest,824,0,1
1676158044186,1019,HTTP Request,200,,Thread-Gruppe  1-54,text,true,,551,129,100,100,http://localhost:7000/randomRequest,1019,0,0
1676158043879,1326,HTTP Request,200,,Thread-Gruppe  1-1,text,true,,538,129,100,100,http://localhost:7000/randomRequest,1326,0,0
1676158044485,720,HTTP Request,200,,Thread-Gruppe  1-83,text,true,,419,129,100,100,http://localhost:7000/randomRequest,720,0,0
1676158044492,717,HTTP Request,200,,Thread-Gruppe  1-14,text,true,,488,129,100,100,http://localhost:7000/randomRequest,717,0,0
1676158043505,1712,HTTP Request,200,,Thread-Gruppe  1-12,text,true,,643,129,100,100,http://localhost:7000/randomRequest,1712,0,0
1676158044502,715,HTTP Request,200,,Thread-Gruppe  1-9,text,true,,492,129,100,100,http://localhost:7000/randomRequest,715,0,0
1676158044407,818,HTTP Request,200,,Thread-Gruppe  1-70,text,true,,401,129,100,100,http://localhost:7000/randomRequest,818,0,0
1676158044417,809,HTTP Request,200,,Thread-Gruppe  1-68,text,true,,488,129,100,100,http://localhost:7000/randomRequest,809,0,1
1676158043718,1508,HTTP Request,200,,Thread-Gruppe  1-44,text,true,,540,129,100,100,http://localhost:7000/randomRequest,1508,0,0
1676158044722,504,HTTP Request,200,,Thread-Gruppe  1-26,text,true,,563,129,100,100,http://localhost:7000/randomRequest,504,0,0
1676158044539,716,HTTP Request,200,,Thread-Gruppe  1-100,text,true,,543,129,100,100,http://localhost:7000/randomRequest,716,0,0
1676158044552,722,HTTP Request,200,,Thread-Gruppe  1-38,text,true,,552,129,100,100,http://localhost:7000/randomRequest,722,0,0
1676158043839,1435,HTTP Request,200,,Thread-Gruppe  1-39,text,true,,530,129,100,100,http://localhost:7000/randomRequest,1435,0,1
1676158044457,836,HTTP Request,200,,Thread-Gruppe  1-42,text,true,,567,129,100,100,http://localhost:7000/randomRequest,836,0,0
1676158044294,1003,HTTP Request,200,,Thread-Gruppe  1-82,text,true,,495,129,100,100,http://localhost:7000/randomRequest,1003,0,0
1676158044074,1223,HTTP Request,200,,Thread-Gruppe  1-43,text,true,,492,129,100,100,http://localhost:7000/randomRequest,1223,0,1
1676158044592,722,HTTP Request,200,,Thread-Gruppe  1-8,text,true,,492,129,100,100,http://localhost:7000/randomRequest,722,0,1
1676158044502,815,HTTP Request,200,,Thread-Gruppe  1-31,text,true,,492,129,100,100,http://localhost:7000/randomRequest,815,0,0
1676158044604,715,HTTP Request,200,,Thread-Gruppe  1-40,text,true,,564,129,100,100,http://localhost:7000/randomRequest,715,0,0
1676158044194,1125,HTTP Request,200,,Thread-Gruppe  1-34,text,true,,492,129,100,100,http://localhost:7000/randomRequest,1125,0,0
1676158044322,1024,HTTP Request,200,,Thread-Gruppe  1-63,text,true,,546,129,100,100,http://localhost:7000/randomRequest,1024,0,1
1676158043341,2056,HTTP Request,200,,Thread-Gruppe  1-90,text,true,,492,129,100,100,http://localhost:7000/randomRequest,2056,0,0
1676158044492,918,HTTP Request,200,,Thread-Gruppe  1-89,text,true,,483,129,100,100,http://localhost:7000/randomRequest,918,0,0
1676158044492,925,HTTP Request,200,,Thread-Gruppe  1-47,text,true,,418,129,100,100,http://localhost:7000/randomRequest,925,0,0
1676158043609,1809,HTTP Request,200,,Thread-Gruppe  1-64,text,true,,537,129,100,100,http://localhost:7000/randomRequest,1809,0,0
1676158045025,413,HTTP Request,200,,Thread-Gruppe  1-69,text,true,,419,129,100,100,http://localhost:7000/randomRequest,413,0,0
1676158043843,1612,HTTP Request,200,,Thread-Gruppe  1-81,text,true,,643,129,100,100,http://localhost:7000/randomRequest,1612,0,0
1676158044435,1021,HTTP Request,200,,Thread-Gruppe  1-25,text,true,,552,129,100,100,http://localhost:7000/randomRequest,1021,0,0
1676158044658,816,HTTP Request,200,,Thread-Gruppe  1-5,text,true,,489,129,100,100,http://localhost:7000/randomRequest,816,0,1
1676158043875,1600,HTTP Request,200,,Thread-Gruppe  1-77,text,true,,541,129,100,100,http://localhost:7000/randomRequest,1600,0,0
1676158044759,718,HTTP Request,200,,Thread-Gruppe  1-23,text,true,,488,129,100,100,http://localhost:7000/randomRequest,718,0,0
1676158043570,1911,HTTP Request,200,,Thread-Gruppe  1-61,text,true,,541,129,100,100,http://localhost:7000/randomRequest,1911,0,1
1676158044458,1039,HTTP Request,200,,Thread-Gruppe  1-80,text,true,,401,129,100,100,http://localhost:7000/randomRequest,1039,0,0
1676158044256,1243,HTTP Request,200,,Thread-Gruppe  1-86,text,true,,488,129,100,100,http://localhost:7000/randomRequest,1243,0,1
1676158044795,714,HTTP Request,200,,Thread-Gruppe  1-52,text,true,,419,129,100,100,http://localhost:7000/randomRequest,714,0,0
1676158044288,1222,HTTP Request,200,,Thread-Gruppe  1-3,text,true,,492,129,100,100,http://localhost:7000/randomRequest,1222,0,1
1676158044897,613,HTTP Request,200,,Thread-Gruppe  1-29,text,true,,419,129,100,100,http://localhost:7000/randomRequest,613,0,1
1676158044485,1025,HTTP Request,200,,Thread-Gruppe  1-91,text,true,,403,129,100,100,http://localhost:7000/randomRequest,1025,0,0
1676158044695,822,HTTP Request,200,,Thread-Gruppe  1-37,text,true,,554,129,100,100,http://localhost:7000/randomRequest,822,0,0
1676158044322,1196,HTTP Request,200,,Thread-Gruppe  1-4,text,true,,643,129,100,100,http://localhost:7000/randomRequest,1196,0,1
1676158044322,1222,HTTP Request,200,,Thread-Gruppe  1-18,text,true,,537,129,100,100,http://localhost:7000/randomRequest,1222,0,1
1676158045033,526,HTTP Request,200,,Thread-Gruppe  1-33,text,true,,417,129,100,100,http://localhost:7000/randomRequest,526,0,1
1676158044474,1098,HTTP Request,200,,Thread-Gruppe  1-57,text,true,,527,129,100,100,http://localhost:7000/randomRequest,1098,0,1
1676158044864,710,HTTP Request,200,,Thread-Gruppe  1-56,text,true,,553,129,100,100,http://localhost:7000/randomRequest,710,0,0
1676158044759,817,HTTP Request,200,,Thread-Gruppe  1-85,text,true,,419,129,100,100,http://localhost:7000/randomRequest,817,0,0
1676158044759,817,HTTP Request,200,,Thread-Gruppe  1-74,text,true,,419,129,100,100,http://localhost:7000/randomRequest,817,0,0
1676158044552,1024,HTTP Request,200,,Thread-Gruppe  1-67,text,true,,554,129,100,100,http://localhost:7000/randomRequest,1024,0,0
1676158044658,922,HTTP Request,200,,Thread-Gruppe  1-28,text,true,,418,129,100,100,http://localhost:7000/randomRequest,922,0,1
1676158043766,1814,HTTP Request,200,,Thread-Gruppe  1-55,text,true,,527,129,100,100,http://localhost:7000/randomRequest,1814,0,0
1676158045089,513,HTTP Request,200,,Thread-Gruppe  1-16,text,true,,557,129,100,100,http://localhost:7000/randomRequest,513,0,0
1676158043993,1611,HTTP Request,200,,Thread-Gruppe  1-99,text,true,,537,129,100,100,http://localhost:7000/randomRequest,1611,0,1
1676158044575,1030,HTTP Request,200,,Thread-Gruppe  1-41,text,true,,419,129,100,100,http://localhost:7000/randomRequest,1030,0,0
1676158045001,610,HTTP Request,200,,Thread-Gruppe  1-32,text,true,,552,129,100,100,http://localhost:7000/randomRequest,610,0,0
1676158044294,1328,HTTP Request,200,,Thread-Gruppe  1-19,text,true,,492,129,100,100,http://localhost:7000/randomRequest,1328,0,0
1676158044539,1126,HTTP Request,200,,Thread-Gruppe  1-45,text,true,,488,129,100,100,http://localhost:7000/randomRequest,1126,0,0
1676158045275,408,HTTP Request,200,,Thread-Gruppe  1-39,text,true,,415,129,100,100,http://localhost:7000/randomRequest,408,0,0
1676158044864,818,HTTP Request,200,,Thread-Gruppe  1-27,text,true,,564,129,100,100,http://localhost:7000/randomRequest,818,0,0
1676158044991,718,HTTP Request,200,,Thread-Gruppe  1-94,text,true,,553,129,100,100,http://localhost:7000/randomRequest,718,0,0
1676158044906,825,HTTP Request,200,,Thread-Gruppe  1-73,text,true,,554,129,100,100,http://localhost:7000/randomRequest,825,0,0
1676158044502,1229,HTTP Request,200,,Thread-Gruppe  1-78,text,true,,490,129,100,100,http://localhost:7000/randomRequest,1229,0,0
1676158044919,822,HTTP Request,200,,Thread-Gruppe  1-58,text,true,,566,129,100,100,http://localhost:7000/randomRequest,822,0,0
1676158044435,1333,HTTP Request,200,,Thread-Gruppe  1-17,text,true,,492,129,100,100,http://localhost:7000/randomRequest,1333,0,0
1676158044864,919,HTTP Request,200,,Thread-Gruppe  1-35,text,true,,553,129,100,100,http://localhost:7000/randomRequest,919,0,0
1676158045294,513,HTTP Request,200,,Thread-Gruppe  1-42,text,true,,492,129,100,100,http://localhost:7000/randomRequest,513,0,1
1676158044776,1033,HTTP Request,200,,Thread-Gruppe  1-97,text,true,,489,129,100,100,http://localhost:7000/randomRequest,1033,0,0
1676158045101,715,HTTP Request,200,,Thread-Gruppe  1-98,text,true,,419,129,100,100,http://localhost:7000/randomRequest,715,0,1
1676158044502,1327,HTTP Request,200,,Thread-Gruppe  1-30,text,true,,633,129,100,100,http://localhost:7000/randomRequest,1327,0,0
1676158045122,719,HTTP Request,200,,Thread-Gruppe  1-59,text,true,,490,129,100,100,http://localhost:7000/randomRequest,719,0,0
1676158045227,613,HTTP Request,200,,Thread-Gruppe  1-26,text,true,,418,129,100,100,http://localhost:7000/randomRequest,613,0,0
1676158045041,829,HTTP Request,200,,Thread-Gruppe  1-6,text,true,,419,129,100,100,http://localhost:7000/randomRequest,829,0,0
1676158045155,721,HTTP Request,200,,Thread-Gruppe  1-84,text,true,,418,129,100,100,http://localhost:7000/randomRequest,721,0,1
1676158045070,823,HTTP Request,200,,Thread-Gruppe  1-71,text,true,,419,129,100,100,http://localhost:7000/randomRequest,823,0,0
1676158044984,925,HTTP Request,200,,Thread-Gruppe  1-65,text,true,,419,129,100,100,http://localhost:7000/randomRequest,925,0,0
1676158045298,613,HTTP Request,200,,Thread-Gruppe  1-82,text,true,,419,129,100,100,http://localhost:7000/randomRequest,613,0,1
1676158044392,1522,HTTP Request,200,,Thread-Gruppe  1-10,text,true,,633,129,100,100,http://localhost:7000/randomRequest,1522,0,0
1676158045206,712,HTTP Request,200,,Thread-Gruppe  1-54,text,true,,544,129,100,100,http://localhost:7000/randomRequest,712,0,0
1676158045411,509,HTTP Request,200,,Thread-Gruppe  1-89,text,true,,419,129,100,100,http://localhost:7000/randomRequest,509,0,0
1676158045173,746,HTTP Request,200,,Thread-Gruppe  1-20,text,true,,565,129,100,100,http://localhost:7000/randomRequest,746,0,0
1676158045101,818,HTTP Request,200,,Thread-Gruppe  1-60,text,true,,418,129,100,100,http://localhost:7000/randomRequest,818,0,1
1676158044897,1022,HTTP Request,200,,Thread-Gruppe  1-51,text,true,,562,129,100,100,http://localhost:7000/randomRequest,1022,0,1
1676158044592,1347,HTTP Request,200,,Thread-Gruppe  1-24,text,true,,669,129,100,100,http://localhost:7000/randomRequest,1347,0,1
1676158045022,919,HTTP Request,200,,Thread-Gruppe  1-75,text,true,,402,129,100,100,http://localhost:7000/randomRequest,919,0,0
1676158045227,715,HTTP Request,200,,Thread-Gruppe  1-68,text,true,,548,129,100,100,http://localhost:7000/randomRequest,715,0,0
1676158045055,923,HTTP Request,200,,Thread-Gruppe  1-48,text,true,,557,129,100,100,http://localhost:7000/randomRequest,923,0,0
1676158045577,405,HTTP Request,200,,Thread-Gruppe  1-74,text,true,,419,129,100,100,http://localhost:7000/randomRequest,405,0,0
1676158044759,1233,HTTP Request,200,,Thread-Gruppe  1-7,text,true,,492,129,100,100,http://localhost:7000/randomRequest,1233,0,0
1676158045189,822,HTTP Request,200,,Thread-Gruppe  1-88,text,true,,492,129,100,100,http://localhost:7000/randomRequest,822,0,0
1676158045315,718,HTTP Request,200,,Thread-Gruppe  1-8,text,true,,550,129,100,100,http://localhost:7000/randomRequest,718,0,0
1676158045457,623,HTTP Request,200,,Thread-Gruppe  1-25,text,true,,558,129,100,100,http://localhost:7000/randomRequest,623,0,0
1676158044955,1126,HTTP Request,200,,Thread-Gruppe  1-21,text,true,,492,129,100,100,http://localhost:7000/randomRequest,1126,0,0
1676158044621,1500,HTTP Request,200,,Thread-Gruppe  1-92,text,true,,647,129,100,100,http://localhost:7000/randomRequest,1500,0,0
1676158045612,510,HTTP Request,200,,Thread-Gruppe  1-32,text,true,,567,129,100,100,http://localhost:7000/randomRequest,510,0,0
1676158045511,611,HTTP Request,200,,Thread-Gruppe  1-3,text,true,,492,129,100,100,http://localhost:7000/randomRequest,611,0,0
1676158045206,915,HTTP Request,200,,Thread-Gruppe  1-1,text,true,,419,129,100,100,http://localhost:7000/randomRequest,915,0,0
1676158045217,924,HTTP Request,200,,Thread-Gruppe  1-12,text,true,,419,129,100,100,http://localhost:7000/randomRequest,924,0,1
1676158045114,1027,HTTP Request,200,,Thread-Gruppe  1-76,text,true,,419,129,100,100,http://localhost:7000/randomRequest,1027,0,0
1676158045320,822,HTTP Request,200,,Thread-Gruppe  1-40,text,true,,482,129,100,100,http://localhost:7000/randomRequest,822,0,1
1676158045227,915,HTTP Request,200,,Thread-Gruppe  1-44,text,true,,492,129,100,100,http://localhost:7000/randomRequest,915,0,0
1676158045217,941,HTTP Request,200,,Thread-Gruppe  1-9,text,true,,417,129,100,100,http://localhost:7000/randomRequest,941,0,1
1676158045125,1043,HTTP Request,200,,Thread-Gruppe  1-62,text,true,,488,129,100,100,http://localhost:7000/randomRequest,1043,0,0
1676158044458,1710,HTTP Request,200,,Thread-Gruppe  1-93,text,true,,525,129,100,100,http://localhost:7000/randomRequest,1710,0,0
1676158045573,618,HTTP Request,200,,Thread-Gruppe  1-57,text,true,,564,129,100,100,http://localhost:7000/randomRequest,618,0,0
1676158044897,1293,HTTP Request,200,,Thread-Gruppe  1-22,text,true,,526,129,100,100,http://localhost:7000/randomRequest,1293,0,1
1676158045482,724,HTTP Request,200,,Thread-Gruppe  1-61,text,true,,548,129,100,100,http://localhost:7000/randomRequest,724,0,0
1676158044789,1433,HTTP Request,200,,Thread-Gruppe  1-36,text,true,,483,129,100,100,http://localhost:7000/randomRequest,1433,0,0
1676158045398,825,HTTP Request,200,,Thread-Gruppe  1-90,text,true,,419,129,100,100,http://localhost:7000/randomRequest,825,0,1
1676158045318,928,HTTP Request,200,,Thread-Gruppe  1-31,text,true,,549,129,100,100,http://localhost:7000/randomRequest,928,0,1
1676158045418,828,HTTP Request,200,,Thread-Gruppe  1-47,text,true,,556,129,100,100,http://localhost:7000/randomRequest,828,0,1
1676158045298,997,HTTP Request,200,,Thread-Gruppe  1-43,text,true,,633,129,100,100,http://localhost:7000/randomRequest,997,0,1
1676158045582,722,HTTP Request,200,,Thread-Gruppe  1-55,text,true,,419,129,100,100,http://localhost:7000/randomRequest,722,0,0
1676158045582,722,HTTP Request,200,,Thread-Gruppe  1-28,text,true,,547,129,100,100,http://localhost:7000/randomRequest,722,0,0
1676158045683,621,HTTP Request,200,,Thread-Gruppe  1-39,text,true,,419,129,100,100,http://localhost:7000/randomRequest,621,0,0
1676158045499,816,HTTP Request,200,,Thread-Gruppe  1-80,text,true,,546,129,100,100,http://localhost:7000/randomRequest,816,0,0
1676158045500,820,HTTP Request,200,,Thread-Gruppe  1-86,text,true,,554,129,100,100,http://localhost:7000/randomRequest,820,0,1
1676158045206,1117,HTTP Request,200,,Thread-Gruppe  1-83,text,true,,419,129,100,100,http://localhost:7000/randomRequest,1117,0,0
1676158045710,614,HTTP Request,200,,Thread-Gruppe  1-94,text,true,,481,129,100,100,http://localhost:7000/randomRequest,614,0,0
1676158045511,813,HTTP Request,200,,Thread-Gruppe  1-91,text,true,,563,129,100,100,http://localhost:7000/randomRequest,813,0,0
1676158045623,735,HTTP Request,200,,Thread-Gruppe  1-19,text,true,,481,129,100,100,http://localhost:7000/randomRequest,735,0,0
1676158044951,1460,HTTP Request,200,,Thread-Gruppe  1-79,text,true,,568,129,100,100,http://localhost:7000/randomRequest,1460,0,0
1676158044492,1932,HTTP Request,200,,Thread-Gruppe  1-2,text,true,,643,129,100,100,http://localhost:7000/randomRequest,1932,0,0
1676158045419,1033,HTTP Request,200,,Thread-Gruppe  1-64,text,true,,485,129,100,100,http://localhost:7000/randomRequest,1033,0,0
1676158044962,1500,HTTP Request,200,,Thread-Gruppe  1-13,text,true,,481,129,100,100,http://localhost:7000/randomRequest,1500,0,0
1676158045769,722,HTTP Request,200,,Thread-Gruppe  1-17,text,true,,418,129,100,100,http://localhost:7000/randomRequest,722,0,1
1676158045784,724,HTTP Request,200,,Thread-Gruppe  1-35,text,true,,492,129,100,100,http://localhost:7000/randomRequest,724,0,1
1676158046304,209,HTTP Request,200,,Thread-Gruppe  1-55,text,true,,492,129,100,100,http://localhost:7000/randomRequest,209,0,1
1676158045478,1047,HTTP Request,200,,Thread-Gruppe  1-23,text,true,,561,129,100,100,http://localhost:7000/randomRequest,1047,0,0
1676158045605,921,HTTP Request,200,,Thread-Gruppe  1-99,text,true,,492,129,100,100,http://localhost:7000/randomRequest,921,0,0
1676158045818,708,HTTP Request,200,,Thread-Gruppe  1-98,text,true,,490,129,100,100,http://localhost:7000/randomRequest,708,0,0
1676158045920,612,HTTP Request,200,,Thread-Gruppe  1-51,text,true,,419,129,100,100,http://localhost:7000/randomRequest,612,0,1
1676158045225,1316,HTTP Request,200,,Thread-Gruppe  1-70,text,true,,537,129,100,100,http://localhost:7000/randomRequest,1316,0,1
1676158045732,820,HTTP Request,200,,Thread-Gruppe  1-78,text,true,,487,129,100,100,http://localhost:7000/randomRequest,820,0,0
1676158045575,1005,HTTP Request,200,,Thread-Gruppe  1-56,text,true,,643,129,100,100,http://localhost:7000/randomRequest,1005,0,1
1676158045871,724,HTTP Request,200,,Thread-Gruppe  1-6,text,true,,419,129,100,100,http://localhost:7000/randomRequest,724,0,1
1676158045577,1025,HTTP Request,200,,Thread-Gruppe  1-85,text,true,,419,129,100,100,http://localhost:7000/randomRequest,1025,0,0
1676158045511,1114,HTTP Request,200,,Thread-Gruppe  1-29,text,true,,488,129,100,100,http://localhost:7000/randomRequest,1114,0,0
1676158045510,1115,HTTP Request,200,,Thread-Gruppe  1-52,text,true,,485,129,100,100,http://localhost:7000/randomRequest,1115,0,0
1676158045519,1133,HTTP Request,200,,Thread-Gruppe  1-37,text,true,,479,129,100,100,http://localhost:7000/randomRequest,1133,0,0
1676158045456,1197,HTTP Request,200,,Thread-Gruppe  1-81,text,true,,541,129,100,100,http://localhost:7000/randomRequest,1197,0,0
1676158045545,1135,HTTP Request,200,,Thread-Gruppe  1-18,text,true,,492,129,100,100,http://localhost:7000/randomRequest,1135,0,0
1676158045666,1032,HTTP Request,200,,Thread-Gruppe  1-45,text,true,,492,129,100,100,http://localhost:7000/randomRequest,1032,0,1
1676158046295,416,HTTP Request,200,,Thread-Gruppe  1-43,text,true,,419,129,100,100,http://localhost:7000/randomRequest,416,0,1
1676158045683,1028,HTTP Request,200,,Thread-Gruppe  1-27,text,true,,492,129,100,100,http://localhost:7000/randomRequest,1028,0,0
1676158046304,419,HTTP Request,200,,Thread-Gruppe  1-28,text,true,,419,129,100,100,http://localhost:7000/randomRequest,419,0,1
1676158045209,1517,HTTP Request,200,,Thread-Gruppe  1-14,text,true,,643,129,100,100,http://localhost:7000/randomRequest,1517,0,1
1676158045807,920,HTTP Request,200,,Thread-Gruppe  1-42,text,true,,492,129,100,100,http://localhost:7000/randomRequest,920,0,1
1676158045910,817,HTTP Request,200,,Thread-Gruppe  1-65,text,true,,419,129,100,100,http://localhost:7000/randomRequest,817,0,0
1676158045347,1409,HTTP Request,200,,Thread-Gruppe  1-63,text,true,,491,129,100,100,http://localhost:7000/randomRequest,1409,0,0
1676158045519,1237,HTTP Request,200,,Thread-Gruppe  1-4,text,true,,490,129,100,100,http://localhost:7000/randomRequest,1237,0,0
1676158045843,919,HTTP Request,200,,Thread-Gruppe  1-59,text,true,,485,129,100,100,http://localhost:7000/randomRequest,919,0,1
1676158045742,1021,HTTP Request,200,,Thread-Gruppe  1-58,text,true,,419,129,100,100,http://localhost:7000/randomRequest,1021,0,0
1676158044847,1920,HTTP Request,200,,Thread-Gruppe  1-11,text,true,,526,129,100,100,http://localhost:7000/randomRequest,1920,0,1
1676158046142,633,HTTP Request,200,,Thread-Gruppe  1-44,text,true,,417,129,100,100,http://localhost:7000/randomRequest,633,0,0
1676158045256,1527,HTTP Request,200,,Thread-Gruppe  1-100,text,true,,530,129,100,100,http://localhost:7000/randomRequest,1527,0,0
1676158045476,1322,HTTP Request,200,,Thread-Gruppe  1-77,text,true,,525,129,100,100,http://localhost:7000/randomRequest,1322,0,0
1676158045560,1238,HTTP Request,200,,Thread-Gruppe  1-33,text,true,,403,129,100,100,http://localhost:7000/randomRequest,1238,0,1
1676158046304,521,HTTP Request,200,,Thread-Gruppe  1-39,text,true,,492,129,100,100,http://localhost:7000/randomRequest,521,0,1
1676158046324,506,HTTP Request,200,,Thread-Gruppe  1-91,text,true,,562,129,100,100,http://localhost:7000/randomRequest,506,0,1
1676158045440,1391,HTTP Request,200,,Thread-Gruppe  1-69,text,true,,643,129,100,100,http://localhost:7000/randomRequest,1391,0,0
1676158046425,414,HTTP Request,200,,Thread-Gruppe  1-2,text,true,,419,129,100,100,http://localhost:7000/randomRequest,414,0,1
1676158046034,825,HTTP Request,200,,Thread-Gruppe  1-8,text,true,,490,129,100,100,http://localhost:7000/randomRequest,825,0,0
1676158046142,719,HTTP Request,200,,Thread-Gruppe  1-76,text,true,,545,129,100,100,http://localhost:7000/randomRequest,719,0,0
1676158044838,2023,HTTP Request,200,,Thread-Gruppe  1-72,text,true,,541,129,100,100,http://localhost:7000/randomRequest,2023,0,1
1676158045843,1025,HTTP Request,200,,Thread-Gruppe  1-26,text,true,,488,129,100,100,http://localhost:7000/randomRequest,1025,0,1
1676158045877,1033,HTTP Request,200,,Thread-Gruppe  1-84,text,true,,403,129,100,100,http://localhost:7000/randomRequest,1033,0,0
1676158045275,1635,HTTP Request,200,,Thread-Gruppe  1-38,text,true,,527,129,100,100,http://localhost:7000/randomRequest,1635,0,0
1676158044967,1947,HTTP Request,200,,Thread-Gruppe  1-46,text,true,,492,129,100,100,http://localhost:7000/randomRequest,1947,0,1
1676158046602,313,HTTP Request,200,,Thread-Gruppe  1-85,text,true,,418,129,100,100,http://localhost:7000/randomRequest,313,0,0
1676158046509,410,HTTP Request,200,,Thread-Gruppe  1-35,text,true,,540,129,100,100,http://localhost:7000/randomRequest,410,0,0
1676158046412,515,HTTP Request,200,,Thread-Gruppe  1-79,text,true,,419,129,100,100,http://localhost:7000/randomRequest,515,0,1
1676158045125,1801,HTTP Request,200,,Thread-Gruppe  1-50,text,true,,537,129,100,100,http://localhost:7000/randomRequest,1801,0,0
1676158045915,1018,HTTP Request,200,,Thread-Gruppe  1-10,text,true,,488,129,100,100,http://localhost:7000/randomRequest,1018,0,0
1676158045911,1022,HTTP Request,200,,Thread-Gruppe  1-82,text,true,,492,129,100,100,http://localhost:7000/randomRequest,1022,0,0
1676158045810,1123,HTTP Request,200,,Thread-Gruppe  1-97,text,true,,490,129,100,100,http://localhost:7000/randomRequest,1123,0,1
1676158045577,1356,HTTP Request,200,,Thread-Gruppe  1-67,text,true,,677,129,100,100,http://localhost:7000/randomRequest,1356,0,0
1676158045606,1327,HTTP Request,200,,Thread-Gruppe  1-41,text,true,,492,129,100,100,http://localhost:7000/randomRequest,1327,0,1
1676158046358,617,HTTP Request,200,,Thread-Gruppe  1-19,text,true,,556,129,100,100,http://localhost:7000/randomRequest,617,0,0
1676158046491,517,HTTP Request,200,,Thread-Gruppe  1-17,text,true,,490,129,100,100,http://localhost:7000/randomRequest,517,0,0
1676158045982,1029,HTTP Request,200,,Thread-Gruppe  1-74,text,true,,419,129,100,100,http://localhost:7000/randomRequest,1029,0,1
1676158046324,715,HTTP Request,200,,Thread-Gruppe  1-83,text,true,,553,129,100,100,http://localhost:7000/randomRequest,715,0,1
1676158045920,1122,HTTP Request,200,,Thread-Gruppe  1-89,text,true,,492,129,100,100,http://localhost:7000/randomRequest,1122,0,1
1676158046542,515,HTTP Request,200,,Thread-Gruppe  1-70,text,true,,419,129,100,100,http://localhost:7000/randomRequest,515,0,0
1676158046246,819,HTTP Request,200,,Thread-Gruppe  1-31,text,true,,567,129,100,100,http://localhost:7000/randomRequest,819,0,0
1676158045940,1129,HTTP Request,200,,Thread-Gruppe  1-24,text,true,,539,129,100,100,http://localhost:7000/randomRequest,1129,0,0
1676158045894,1188,HTTP Request,200,,Thread-Gruppe  1-71,text,true,,640,129,100,100,http://localhost:7000/randomRequest,1188,0,1
1676158046169,923,HTTP Request,200,,Thread-Gruppe  1-93,text,true,,419,129,100,100,http://localhost:7000/randomRequest,923,0,1
1676158046595,513,HTTP Request,200,,Thread-Gruppe  1-6,text,true,,492,129,100,100,http://localhost:7000/randomRequest,513,0,0
1676158046082,1026,HTTP Request,200,,Thread-Gruppe  1-21,text,true,,551,129,100,100,http://localhost:7000/randomRequest,1026,0,0
1676158045193,1914,HTTP Request,200,,Thread-Gruppe  1-87,text,true,,633,129,100,100,http://localhost:7000/randomRequest,1914,0,0
1676158046320,822,HTTP Request,200,,Thread-Gruppe  1-86,text,true,,492,129,100,100,http://localhost:7000/randomRequest,822,0,0
1676158045320,1822,HTTP Request,200,,Thread-Gruppe  1-34,text,true,,541,129,100,100,http://localhost:7000/randomRequest,1822,0,1
1676158045919,1223,HTTP Request,200,,Thread-Gruppe  1-54,text,true,,552,129,100,100,http://localhost:7000/randomRequest,1223,0,0
1676158045920,1225,HTTP Request,200,,Thread-Gruppe  1-20,text,true,,490,129,100,100,http://localhost:7000/randomRequest,1225,0,1
1676158045920,1225,HTTP Request,200,,Thread-Gruppe  1-60,text,true,,381,129,100,100,http://localhost:7000/randomRequest,1225,0,1
1676158046122,1023,HTTP Request,200,,Thread-Gruppe  1-1,text,true,,416,129,100,100,http://localhost:7000/randomRequest,1023,0,1
1676158046122,1043,HTTP Request,200,,Thread-Gruppe  1-92,text,true,,417,129,100,100,http://localhost:7000/randomRequest,1043,0,1
1676158046552,617,HTTP Request,200,,Thread-Gruppe  1-78,text,true,,558,129,100,100,http://localhost:7000/randomRequest,617,0,0
1676158046463,717,HTTP Request,200,,Thread-Gruppe  1-13,text,true,,419,129,100,100,http://localhost:7000/randomRequest,717,0,0
1676158046080,1130,HTTP Request,200,,Thread-Gruppe  1-25,text,true,,418,129,100,100,http://localhost:7000/randomRequest,1130,0,0
1676158046315,917,HTTP Request,200,,Thread-Gruppe  1-80,text,true,,419,129,100,100,http://localhost:7000/randomRequest,917,0,0
1676158046207,1025,HTTP Request,200,,Thread-Gruppe  1-61,text,true,,541,129,100,100,http://localhost:7000/randomRequest,1025,0,0
1676158046831,412,HTTP Request,200,,Thread-Gruppe  1-69,text,true,,419,129,100,100,http://localhost:7000/randomRequest,412,0,0
1676158046525,718,HTTP Request,200,,Thread-Gruppe  1-23,text,true,,403,129,100,100,http://localhost:7000/randomRequest,718,0,0
1676158046324,921,HTTP Request,200,,Thread-Gruppe  1-94,text,true,,416,129,100,100,http://localhost:7000/randomRequest,921,0,1
1676158046142,1131,HTTP Request,200,,Thread-Gruppe  1-12,text,true,,485,129,100,100,http://localhost:7000/randomRequest,1131,0,0
1676158046452,821,HTTP Request,200,,Thread-Gruppe  1-64,text,true,,482,129,100,100,http://localhost:7000/randomRequest,821,0,0
1676158046763,512,HTTP Request,200,,Thread-Gruppe  1-58,text,true,,418,129,100,100,http://localhost:7000/randomRequest,512,0,0
1676158046769,511,HTTP Request,200,,Thread-Gruppe  1-11,text,true,,492,129,100,100,http://localhost:7000/randomRequest,511,0,0
1676158045475,1823,HTTP Request,200,,Thread-Gruppe  1-5,text,true,,535,129,100,100,http://localhost:7000/randomRequest,1823,0,1
1676158045994,1338,HTTP Request,200,,Thread-Gruppe  1-7,text,true,,419,129,100,100,http://localhost:7000/randomRequest,1338,0,0
1676158046625,719,HTTP Request,200,,Thread-Gruppe  1-29,text,true,,492,129,100,100,http://localhost:7000/randomRequest,719,0,1
1676158044935,2439,HTTP Request,200,,Thread-Gruppe  1-95,text,true,,537,129,100,100,http://localhost:7000/randomRequest,2439,0,0
1676158046756,620,HTTP Request,200,,Thread-Gruppe  1-4,text,true,,403,129,100,100,http://localhost:7000/randomRequest,620,0,1
1676158046514,918,HTTP Request,200,,Thread-Gruppe  1-55,text,true,,486,129,100,100,http://localhost:7000/randomRequest,918,0,0
1676158046626,818,HTTP Request,200,,Thread-Gruppe  1-52,text,true,,492,129,100,100,http://localhost:7000/randomRequest,818,0,0
1676158046727,717,HTTP Request,200,,Thread-Gruppe  1-42,text,true,,417,129,100,100,http://localhost:7000/randomRequest,717,0,0
1676158047145,329,HTTP Request,200,,Thread-Gruppe  1-60,text,true,,417,129,100,100,http://localhost:7000/randomRequest,329,0,1
1676158047065,411,HTTP Request,200,,Thread-Gruppe  1-31,text,true,,539,129,100,100,http://localhost:7000/randomRequest,411,0,0
1676158046756,720,HTTP Request,200,,Thread-Gruppe  1-63,text,true,,403,129,100,100,http://localhost:7000/randomRequest,720,0,1
1676158046762,718,HTTP Request,200,,Thread-Gruppe  1-59,text,true,,522,129,100,100,http://localhost:7000/randomRequest,718,0,0
1676158046680,828,HTTP Request,200,,Thread-Gruppe  1-18,text,true,,579,129,100,100,http://localhost:7000/randomRequest,828,0,0
1676158046698,812,HTTP Request,200,,Thread-Gruppe  1-45,text,true,,551,129,100,100,http://localhost:7000/randomRequest,812,0,0
1676158047008,516,HTTP Request,200,,Thread-Gruppe  1-17,text,true,,419,129,100,100,http://localhost:7000/randomRequest,516,0,0
1676158047108,416,HTTP Request,200,,Thread-Gruppe  1-6,text,true,,558,129,100,100,http://localhost:7000/randomRequest,416,0,1
1676158045979,1550,HTTP Request,200,,Thread-Gruppe  1-48,text,true,,537,129,100,100,http://localhost:7000/randomRequest,1550,0,1
1676158046915,633,HTTP Request,200,,Thread-Gruppe  1-85,text,true,,417,129,100,100,http://localhost:7000/randomRequest,633,0,0
1676158046223,1325,HTTP Request,200,,Thread-Gruppe  1-90,text,true,,419,129,100,100,http://localhost:7000/randomRequest,1325,0,0
1676158046526,1022,HTTP Request,200,,Thread-Gruppe  1-98,text,true,,490,129,100,100,http://localhost:7000/randomRequest,1022,0,0
1676158045732,1818,HTTP Request,200,,Thread-Gruppe  1-73,text,true,,541,129,100,100,http://localhost:7000/randomRequest,1818,0,0
1676158046532,1018,HTTP Request,200,,Thread-Gruppe  1-51,text,true,,553,129,100,100,http://localhost:7000/randomRequest,1018,0,0
1676158047145,414,HTTP Request,200,,Thread-Gruppe  1-20,text,true,,485,129,100,100,http://localhost:7000/randomRequest,414,0,1
1676158046653,927,HTTP Request,200,,Thread-Gruppe  1-81,text,true,,481,129,100,100,http://localhost:7000/randomRequest,927,0,0
1676158046652,928,HTTP Request,200,,Thread-Gruppe  1-37,text,true,,483,129,100,100,http://localhost:7000/randomRequest,928,0,0
1676158046580,1028,HTTP Request,200,,Thread-Gruppe  1-56,text,true,,492,129,100,100,http://localhost:7000/randomRequest,1028,0,1
1676158046784,824,HTTP Request,200,,Thread-Gruppe  1-100,text,true,,492,129,100,100,http://localhost:7000/randomRequest,824,0,0
1676158046711,920,HTTP Request,200,,Thread-Gruppe  1-27,text,true,,419,129,100,100,http://localhost:7000/randomRequest,920,0,1
1676158046223,1416,HTTP Request,200,,Thread-Gruppe  1-36,text,true,,643,129,100,100,http://localhost:7000/randomRequest,1416,0,0
1676158045603,2055,HTTP Request,200,,Thread-Gruppe  1-16,text,true,,492,129,100,100,http://localhost:7000/randomRequest,2055,0,0
1676158047145,514,HTTP Request,200,,Thread-Gruppe  1-1,text,true,,550,129,100,100,http://localhost:7000/randomRequest,514,0,1
1676158046859,830,HTTP Request,200,,Thread-Gruppe  1-8,text,true,,419,129,100,100,http://localhost:7000/randomRequest,830,0,0
1676158045942,1747,HTTP Request,200,,Thread-Gruppe  1-68,text,true,,492,129,100,100,http://localhost:7000/randomRequest,1747,0,0
1676158045843,1846,HTTP Request,200,,Thread-Gruppe  1-30,text,true,,485,129,100,100,http://localhost:7000/randomRequest,1846,0,1
1676158047092,616,HTTP Request,200,,Thread-Gruppe  1-93,text,true,,488,129,100,100,http://localhost:7000/randomRequest,616,0,0
1676158046825,934,HTTP Request,200,,Thread-Gruppe  1-39,text,true,,403,129,100,100,http://localhost:7000/randomRequest,934,0,0
1676158047143,616,HTTP Request,200,,Thread-Gruppe  1-54,text,true,,419,129,100,100,http://localhost:7000/randomRequest,616,0,0
1676158046727,1032,HTTP Request,200,,Thread-Gruppe  1-65,text,true,,485,129,100,100,http://localhost:7000/randomRequest,1032,0,0
1676158046142,1643,HTTP Request,200,,Thread-Gruppe  1-40,text,true,,419,129,100,100,http://localhost:7000/randomRequest,1643,0,0
1676158046862,932,HTTP Request,200,,Thread-Gruppe  1-72,text,true,,418,129,100,100,http://localhost:7000/randomRequest,932,0,0
1676158047069,725,HTTP Request,200,,Thread-Gruppe  1-24,text,true,,419,129,100,100,http://localhost:7000/randomRequest,725,0,0
1676158046798,1021,HTTP Request,200,,Thread-Gruppe  1-77,text,true,,418,129,100,100,http://localhost:7000/randomRequest,1021,0,1
1676158046839,995,HTTP Request,200,,Thread-Gruppe  1-2,text,true,,643,129,100,100,http://localhost:7000/randomRequest,995,0,1
1676158047108,726,HTTP Request,200,,Thread-Gruppe  1-87,text,true,,492,129,100,100,http://localhost:7000/randomRequest,726,0,1
1676158046927,907,HTTP Request,200,,Thread-Gruppe  1-79,text,true,,643,129,100,100,http://localhost:7000/randomRequest,907,0,0
1676158047011,823,HTTP Request,200,,Thread-Gruppe  1-74,text,true,,489,129,100,100,http://localhost:7000/randomRequest,823,0,0
1676158046919,915,HTTP Request,200,,Thread-Gruppe  1-35,text,true,,489,129,100,100,http://localhost:7000/randomRequest,915,0,0
1676158046122,1712,HTTP Request,200,,Thread-Gruppe  1-32,text,true,,643,129,100,100,http://localhost:7000/randomRequest,1712,0,1
1676158046724,1122,HTTP Request,200,,Thread-Gruppe  1-28,text,true,,417,129,100,100,http://localhost:7000/randomRequest,1122,0,0
1676158046191,1655,HTTP Request,200,,Thread-Gruppe  1-57,text,true,,562,129,100,100,http://localhost:7000/randomRequest,1655,0,0
1676158047232,617,HTTP Request,200,,Thread-Gruppe  1-61,text,true,,485,129,100,100,http://localhost:7000/randomRequest,617,0,0
1676158046246,1614,HTTP Request,200,,Thread-Gruppe  1-47,text,true,,541,129,100,100,http://localhost:7000/randomRequest,1614,0,0
1676158047143,717,HTTP Request,200,,Thread-Gruppe  1-86,text,true,,551,129,100,100,http://localhost:7000/randomRequest,717,0,0
1676158046727,1133,HTTP Request,200,,Thread-Gruppe  1-14,text,true,,492,129,100,100,http://localhost:7000/randomRequest,1133,0,0
1676158047344,516,HTTP Request,200,,Thread-Gruppe  1-29,text,true,,488,129,100,100,http://localhost:7000/randomRequest,516,0,0
1676158046169,1720,HTTP Request,200,,Thread-Gruppe  1-62,text,true,,633,129,100,100,http://localhost:7000/randomRequest,1720,0,1
1676158045942,1952,HTTP Request,200,,Thread-Gruppe  1-75,text,true,,641,129,100,100,http://localhost:7000/randomRequest,1952,0,1
1676158046868,1026,HTTP Request,200,,Thread-Gruppe  1-26,text,true,,419,129,100,100,http://localhost:7000/randomRequest,1026,0,0
1676158046160,1753,HTTP Request,200,,Thread-Gruppe  1-9,text,true,,485,129,100,100,http://localhost:7000/randomRequest,1753,0,0
1676158047524,410,HTTP Request,200,,Thread-Gruppe  1-6,text,true,,561,129,100,100,http://localhost:7000/randomRequest,410,0,0
1676158047529,405,HTTP Request,200,,Thread-Gruppe  1-48,text,true,,550,129,100,100,http://localhost:7000/randomRequest,405,0,0
1676158047548,412,HTTP Request,200,,Thread-Gruppe  1-85,text,true,,419,129,100,100,http://localhost:7000/randomRequest,412,0,1
1676158046122,1838,HTTP Request,200,,Thread-Gruppe  1-3,text,true,,492,129,100,100,http://localhost:7000/randomRequest,1838,0,1
1676158046775,1195,HTTP Request,200,,Thread-Gruppe  1-44,text,true,,541,129,100,100,http://localhost:7000/randomRequest,1195,0,1
1676158047042,928,HTTP Request,200,,Thread-Gruppe  1-89,text,true,,562,129,100,100,http://localhost:7000/randomRequest,928,0,0
1676158047444,532,HTTP Request,200,,Thread-Gruppe  1-52,text,true,,415,129,100,100,http://localhost:7000/randomRequest,532,0,0
1676158046911,1128,HTTP Request,200,,Thread-Gruppe  1-38,text,true,,490,129,100,100,http://localhost:7000/randomRequest,1128,0,0
1676158046911,1128,HTTP Request,200,,Thread-Gruppe  1-84,text,true,,419,129,100,100,http://localhost:7000/randomRequest,1128,0,0
1676158046927,1123,HTTP Request,200,,Thread-Gruppe  1-50,text,true,,403,129,100,100,http://localhost:7000/randomRequest,1123,0,0
1676158047273,789,HTTP Request,200,,Thread-Gruppe  1-12,text,true,,643,129,100,100,http://localhost:7000/randomRequest,789,0,0
1676158046933,1130,HTTP Request,200,,Thread-Gruppe  1-82,text,true,,419,129,100,100,http://localhost:7000/randomRequest,1130,0,1
1676158046831,1232,HTTP Request,200,,Thread-Gruppe  1-91,text,true,,492,129,100,100,http://localhost:7000/randomRequest,1232,0,0
1676158047608,510,HTTP Request,200,,Thread-Gruppe  1-56,text,true,,546,129,100,100,http://localhost:7000/randomRequest,510,0,0
1676158047608,510,HTTP Request,200,,Thread-Gruppe  1-100,text,true,,490,129,100,100,http://localhost:7000/randomRequest,510,0,0
1676158047480,638,HTTP Request,200,,Thread-Gruppe  1-59,text,true,,417,129,100,100,http://localhost:7000/randomRequest,638,0,0
1676158046915,1203,HTTP Request,200,,Thread-Gruppe  1-46,text,true,,537,129,100,100,http://localhost:7000/randomRequest,1203,0,0
1676158047708,410,HTTP Request,200,,Thread-Gruppe  1-93,text,true,,413,129,100,100,http://localhost:7000/randomRequest,410,0,1
1676158046526,1616,HTTP Request,200,,Thread-Gruppe  1-99,text,true,,633,129,100,100,http://localhost:7000/randomRequest,1616,0,0
1676158046933,1209,HTTP Request,200,,Thread-Gruppe  1-41,text,true,,633,129,100,100,http://localhost:7000/randomRequest,1209,0,1
1676158047232,926,HTTP Request,200,,Thread-Gruppe  1-80,text,true,,492,129,100,100,http://localhost:7000/randomRequest,926,0,0
1676158046933,1232,HTTP Request,200,,Thread-Gruppe  1-10,text,true,,401,129,100,100,http://localhost:7000/randomRequest,1232,0,1
1676158047108,1057,HTTP Request,200,,Thread-Gruppe  1-21,text,true,,558,129,100,100,http://localhost:7000/randomRequest,1057,0,1
1676158046933,1232,HTTP Request,200,,Thread-Gruppe  1-67,text,true,,568,129,100,100,http://localhost:7000/randomRequest,1232,0,1
1676158047243,922,HTTP Request,200,,Thread-Gruppe  1-69,text,true,,575,129,100,100,http://localhost:7000/randomRequest,922,0,0
1676158047550,615,HTTP Request,200,,Thread-Gruppe  1-51,text,true,,492,129,100,100,http://localhost:7000/randomRequest,615,0,1
1676158047057,1127,HTTP Request,200,,Thread-Gruppe  1-70,text,true,,419,129,100,100,http://localhost:7000/randomRequest,1127,0,0
1676158046975,1231,HTTP Request,200,,Thread-Gruppe  1-19,text,true,,419,129,100,100,http://localhost:7000/randomRequest,1231,0,0
1676158047375,894,HTTP Request,200,,Thread-Gruppe  1-95,text,true,,495,129,100,100,http://localhost:7000/randomRequest,894,0,0
1676158047082,1207,HTTP Request,200,,Thread-Gruppe  1-71,text,true,,525,129,100,100,http://localhost:7000/randomRequest,1207,0,1
1676158047759,532,HTTP Request,200,,Thread-Gruppe  1-39,text,true,,417,129,100,100,http://localhost:7000/randomRequest,532,0,0
1676158046861,1448,HTTP Request,200,,Thread-Gruppe  1-76,text,true,,492,129,100,100,http://localhost:7000/randomRequest,1448,0,0
1676158046191,2118,HTTP Request,200,,Thread-Gruppe  1-22,text,true,,643,129,100,100,http://localhost:7000/randomRequest,2118,0,1
1676158047332,1029,HTTP Request,200,,Thread-Gruppe  1-7,text,true,,489,129,100,100,http://localhost:7000/randomRequest,1029,0,0
1676158047639,722,HTTP Request,200,,Thread-Gruppe  1-36,text,true,,402,129,100,100,http://localhost:7000/randomRequest,722,0,1
1676158047245,1128,HTTP Request,200,,Thread-Gruppe  1-94,text,true,,492,129,100,100,http://localhost:7000/randomRequest,1128,0,1
1676158047039,1334,HTTP Request,200,,Thread-Gruppe  1-83,text,true,,492,129,100,100,http://localhost:7000/randomRequest,1334,0,0
1676158047511,882,HTTP Request,200,,Thread-Gruppe  1-45,text,true,,537,129,100,100,http://localhost:7000/randomRequest,882,0,0
1676158047970,423,HTTP Request,200,,Thread-Gruppe  1-89,text,true,,563,129,100,100,http://localhost:7000/randomRequest,423,0,1
1676158047169,1241,HTTP Request,200,,Thread-Gruppe  1-78,text,true,,490,129,100,100,http://localhost:7000/randomRequest,1241,0,0
1676158047210,1216,HTTP Request,200,,Thread-Gruppe  1-25,text,true,,541,129,100,100,http://localhost:7000/randomRequest,1216,0,0
1676158047913,518,HTTP Request,200,,Thread-Gruppe  1-9,text,true,,419,129,100,100,http://localhost:7000/randomRequest,518,0,0
1676158046711,1720,HTTP Request,200,,Thread-Gruppe  1-43,text,true,,541,129,100,100,http://localhost:7000/randomRequest,1720,0,1
1676158046012,2454,HTTP Request,200,,Thread-Gruppe  1-88,text,true,,527,129,100,100,http://localhost:7000/randomRequest,2454,0,1
1676158047834,643,HTTP Request,200,,Thread-Gruppe  1-35,text,true,,474,129,100,100,http://localhost:7000/randomRequest,643,0,1
1676158047143,1334,HTTP Request,200,,Thread-Gruppe  1-34,text,true,,537,129,100,100,http://localhost:7000/randomRequest,1334,0,0
1676158046933,1544,HTTP Request,200,,Thread-Gruppe  1-97,text,true,,488,129,100,100,http://localhost:7000/randomRequest,1544,0,1
1676158047432,1050,HTTP Request,200,,Thread-Gruppe  1-55,text,true,,572,129,100,100,http://localhost:7000/randomRequest,1050,0,1
1676158047658,824,HTTP Request,200,,Thread-Gruppe  1-16,text,true,,552,129,100,100,http://localhost:7000/randomRequest,824,0,1
1676158047580,924,HTTP Request,200,,Thread-Gruppe  1-81,text,true,,488,129,100,100,http://localhost:7000/randomRequest,924,0,0
1676158047690,821,HTTP Request,200,,Thread-Gruppe  1-30,text,true,,556,129,100,100,http://localhost:7000/randomRequest,821,0,0
1676158048119,413,HTTP Request,200,,Thread-Gruppe  1-46,text,true,,475,129,100,100,http://localhost:7000/randomRequest,413,0,0
1676158047508,1024,HTTP Request,200,,Thread-Gruppe  1-18,text,true,,403,129,100,100,http://localhost:7000/randomRequest,1024,0,0
1676158047550,993,HTTP Request,200,,Thread-Gruppe  1-73,text,true,,641,129,100,100,http://localhost:7000/randomRequest,993,0,1
1676158047165,1415,HTTP Request,200,,Thread-Gruppe  1-92,text,true,,525,129,100,100,http://localhost:7000/randomRequest,1415,0,0
1676158047631,956,HTTP Request,200,,Thread-Gruppe  1-27,text,true,,575,129,100,100,http://localhost:7000/randomRequest,956,0,0
1676158047559,1028,HTTP Request,200,,Thread-Gruppe  1-20,text,true,,492,129,100,100,http://localhost:7000/randomRequest,1028,0,0
1676158047889,720,HTTP Request,200,,Thread-Gruppe  1-62,text,true,,565,129,100,100,http://localhost:7000/randomRequest,720,0,1
1676158047580,1029,HTTP Request,200,,Thread-Gruppe  1-37,text,true,,492,129,100,100,http://localhost:7000/randomRequest,1029,0,0
1676158048206,409,HTTP Request,200,,Thread-Gruppe  1-19,text,true,,418,129,100,100,http://localhost:7000/randomRequest,409,0,0
1676158047794,821,HTTP Request,200,,Thread-Gruppe  1-24,text,true,,419,129,100,100,http://localhost:7000/randomRequest,821,0,1
1676158048039,619,HTTP Request,200,,Thread-Gruppe  1-38,text,true,,556,129,100,100,http://localhost:7000/randomRequest,619,0,1
1676158047960,698,HTTP Request,200,,Thread-Gruppe  1-3,text,true,,633,129,100,100,http://localhost:7000/randomRequest,698,0,0
1676158047524,1134,HTTP Request,200,,Thread-Gruppe  1-17,text,true,,545,129,100,100,http://localhost:7000/randomRequest,1134,0,0
1676158047849,822,HTTP Request,200,,Thread-Gruppe  1-61,text,true,,553,129,100,100,http://localhost:7000/randomRequest,822,0,0
1676158048165,518,HTTP Request,200,,Thread-Gruppe  1-21,text,true,,543,129,100,100,http://localhost:7000/randomRequest,518,0,0
1676158047976,726,HTTP Request,200,,Thread-Gruppe  1-52,text,true,,403,129,100,100,http://localhost:7000/randomRequest,726,0,0
1676158048289,413,HTTP Request,200,,Thread-Gruppe  1-71,text,true,,555,129,100,100,http://localhost:7000/randomRequest,413,0,1
1676158047476,1237,HTTP Request,200,,Thread-Gruppe  1-63,text,true,,403,129,100,100,http://localhost:7000/randomRequest,1237,0,0
1676158047180,1538,HTTP Request,200,,Thread-Gruppe  1-13,text,true,,488,129,100,100,http://localhost:7000/randomRequest,1538,0,0
1676158048039,721,HTTP Request,200,,Thread-Gruppe  1-84,text,true,,419,129,100,100,http://localhost:7000/randomRequest,721,0,1
1676158047834,926,HTTP Request,200,,Thread-Gruppe  1-32,text,true,,418,129,100,100,http://localhost:7000/randomRequest,926,0,1
1676158048361,410,HTTP Request,200,,Thread-Gruppe  1-7,text,true,,419,129,100,100,http://localhost:7000/randomRequest,410,0,0
1676158048158,618,HTTP Request,200,,Thread-Gruppe  1-80,text,true,,549,129,100,100,http://localhost:7000/randomRequest,618,0,0
1676158047860,928,HTTP Request,200,,Thread-Gruppe  1-86,text,true,,490,129,100,100,http://localhost:7000/randomRequest,928,0,0
1676158048165,623,HTTP Request,200,,Thread-Gruppe  1-10,text,true,,551,129,100,100,http://localhost:7000/randomRequest,623,0,1
1676158047548,1240,HTTP Request,200,,Thread-Gruppe  1-98,text,true,,490,129,100,100,http://localhost:7000/randomRequest,1240,0,1
1676158048165,623,HTTP Request,200,,Thread-Gruppe  1-67,text,true,,418,129,100,100,http://localhost:7000/randomRequest,623,0,0
1676158048063,725,HTTP Request,200,,Thread-Gruppe  1-82,text,true,,419,129,100,100,http://localhost:7000/randomRequest,725,0,0
1676158047548,1248,HTTP Request,200,,Thread-Gruppe  1-90,text,true,,560,129,100,100,http://localhost:7000/randomRequest,1248,0,1
1676158047970,832,HTTP Request,200,,Thread-Gruppe  1-44,text,true,,490,129,100,100,http://localhost:7000/randomRequest,832,0,1
1676158047298,1504,HTTP Request,200,,Thread-Gruppe  1-5,text,true,,537,129,100,100,http://localhost:7000/randomRequest,1504,0,1
1676158047476,1339,HTTP Request,200,,Thread-Gruppe  1-31,text,true,,403,129,100,100,http://localhost:7000/randomRequest,1339,0,0
1676158047894,927,HTTP Request,200,,Thread-Gruppe  1-75,text,true,,492,129,100,100,http://localhost:7000/randomRequest,927,0,1
1676158048410,415,HTTP Request,200,,Thread-Gruppe  1-78,text,true,,419,129,100,100,http://localhost:7000/randomRequest,415,0,0
1676158048119,717,HTTP Request,200,,Thread-Gruppe  1-56,text,true,,557,129,100,100,http://localhost:7000/randomRequest,717,0,0
1676158048119,717,HTTP Request,200,,Thread-Gruppe  1-59,text,true,,552,129,100,100,http://localhost:7000/randomRequest,717,0,0
1676158046798,2054,HTTP Request,200,,Thread-Gruppe  1-33,text,true,,527,129,100,100,http://localhost:7000/randomRequest,2054,0,1
1676158047934,931,HTTP Request,200,,Thread-Gruppe  1-48,text,true,,488,129,100,100,http://localhost:7000/randomRequest,931,0,1
1676158047659,1206,HTTP Request,200,,Thread-Gruppe  1-1,text,true,,643,129,100,100,http://localhost:7000/randomRequest,1206,0,0
1676158048361,511,HTTP Request,200,,Thread-Gruppe  1-36,text,true,,416,129,100,100,http://localhost:7000/randomRequest,511,0,0
1676158048477,413,HTTP Request,200,,Thread-Gruppe  1-35,text,true,,548,129,100,100,http://localhost:7000/randomRequest,413,0,0
1676158047860,1030,HTTP Request,200,,Thread-Gruppe  1-29,text,true,,485,129,100,100,http://localhost:7000/randomRequest,1030,0,0
1676158047834,1092,HTTP Request,200,,Thread-Gruppe  1-74,text,true,,538,129,100,100,http://localhost:7000/randomRequest,1092,0,1
1676158048532,420,HTTP Request,200,,Thread-Gruppe  1-46,text,true,,418,129,100,100,http://localhost:7000/randomRequest,420,0,0
1676158048119,903,HTTP Request,200,,Thread-Gruppe  1-100,text,true,,643,129,100,100,http://localhost:7000/randomRequest,903,0,0
1676158048511,515,HTTP Request,200,,Thread-Gruppe  1-30,text,true,,545,129,100,100,http://localhost:7000/randomRequest,515,0,0
1676158047243,1813,HTTP Request,200,,Thread-Gruppe  1-23,text,true,,540,129,100,100,http://localhost:7000/randomRequest,1813,0,0
1676158047444,1626,HTTP Request,200,,Thread-Gruppe  1-42,text,true,,527,129,100,100,http://localhost:7000/randomRequest,1626,0,1
1676158047834,1236,HTTP Request,200,,Thread-Gruppe  1-87,text,true,,1033,129,100,100,http://localhost:7000/randomRequest,1236,0,1
1676158047759,1311,HTTP Request,200,,Thread-Gruppe  1-65,text,true,,633,129,100,100,http://localhost:7000/randomRequest,1311,0,0
1676158047846,1234,HTTP Request,200,,Thread-Gruppe  1-28,text,true,,492,129,100,100,http://localhost:7000/randomRequest,1234,0,0
1676158047759,1334,HTTP Request,200,,Thread-Gruppe  1-54,text,true,,492,129,100,100,http://localhost:7000/randomRequest,1334,0,0
1676158048165,928,HTTP Request,200,,Thread-Gruppe  1-51,text,true,,419,129,100,100,http://localhost:7000/randomRequest,928,0,0
1676158048373,720,HTTP Request,200,,Thread-Gruppe  1-83,text,true,,402,129,100,100,http://localhost:7000/randomRequest,720,0,0
1676158047894,1199,HTTP Request,200,,Thread-Gruppe  1-26,text,true,,644,129,100,100,http://localhost:7000/randomRequest,1199,0,1
1676158048477,616,HTTP Request,200,,Thread-Gruppe  1-34,text,true,,550,129,100,100,http://localhost:7000/randomRequest,616,0,0
1676158048393,718,HTTP Request,200,,Thread-Gruppe  1-89,text,true,,558,129,100,100,http://localhost:7000/randomRequest,718,0,0
1676158048504,621,HTTP Request,200,,Thread-Gruppe  1-81,text,true,,558,129,100,100,http://localhost:7000/randomRequest,621,0,1
1676158047934,1195,HTTP Request,200,,Thread-Gruppe  1-6,text,true,,633,129,100,100,http://localhost:7000/randomRequest,1195,0,1
1676158048050,1092,HTTP Request,200,,Thread-Gruppe  1-50,text,true,,481,129,100,100,http://localhost:7000/randomRequest,1092,0,0
1676158048532,624,HTTP Request,200,,Thread-Gruppe  1-18,text,true,,419,129,100,100,http://localhost:7000/randomRequest,624,0,0
1676158048431,725,HTTP Request,200,,Thread-Gruppe  1-9,text,true,,479,129,100,100,http://localhost:7000/randomRequest,725,0,0
1676158048431,725,HTTP Request,200,,Thread-Gruppe  1-43,text,true,,490,129,100,100,http://localhost:7000/randomRequest,725,0,0
1676158048269,891,HTTP Request,200,,Thread-Gruppe  1-95,text,true,,643,129,100,100,http://localhost:7000/randomRequest,891,0,0
1676158047834,1341,HTTP Request,200,,Thread-Gruppe  1-79,text,true,,492,129,100,100,http://localhost:7000/randomRequest,1341,0,1
1676158048063,1112,HTTP Request,200,,Thread-Gruppe  1-12,text,true,,491,129,100,100,http://localhost:7000/randomRequest,1112,0,0
1676158048393,783,HTTP Request,200,,Thread-Gruppe  1-45,text,true,,629,129,100,100,http://localhost:7000/randomRequest,783,0,0
1676158048063,1131,HTTP Request,200,,Thread-Gruppe  1-91,text,true,,488,129,100,100,http://localhost:7000/randomRequest,1131,0,0
1676158048477,717,HTTP Request,200,,Thread-Gruppe  1-97,text,true,,560,129,100,100,http://localhost:7000/randomRequest,717,0,0
1676158047860,1334,HTTP Request,200,,Thread-Gruppe  1-47,text,true,,492,129,100,100,http://localhost:7000/randomRequest,1334,0,0
1676158047275,1931,HTTP Request,200,,Thread-Gruppe  1-58,text,true,,535,129,100,100,http://localhost:7000/randomRequest,1931,0,0
1676158048703,512,HTTP Request,200,,Thread-Gruppe  1-52,text,true,,418,129,100,100,http://localhost:7000/randomRequest,512,0,0
1676158048615,617,HTTP Request,200,,Thread-Gruppe  1-19,text,true,,419,129,100,100,http://localhost:7000/randomRequest,617,0,0
1676158047273,1959,HTTP Request,200,,Thread-Gruppe  1-64,text,true,,486,129,100,100,http://localhost:7000/randomRequest,1959,0,0
1676158047846,1436,HTTP Request,200,,Thread-Gruppe  1-57,text,true,,561,129,100,100,http://localhost:7000/randomRequest,1436,0,0
1676158048165,1133,HTTP Request,200,,Thread-Gruppe  1-69,text,true,,492,129,100,100,http://localhost:7000/randomRequest,1133,0,0
1676158048788,520,HTTP Request,200,,Thread-Gruppe  1-67,text,true,,481,129,100,100,http://localhost:7000/randomRequest,520,0,0
1676158048802,517,HTTP Request,200,,Thread-Gruppe  1-44,text,true,,556,129,100,100,http://localhost:7000/randomRequest,517,0,0
1676158048291,1028,HTTP Request,200,,Thread-Gruppe  1-39,text,true,,485,129,100,100,http://localhost:7000/randomRequest,1028,0,0
1676158048309,1023,HTTP Request,200,,Thread-Gruppe  1-22,text,true,,485,129,100,100,http://localhost:7000/randomRequest,1023,0,1
1676158048836,516,HTTP Request,200,,Thread-Gruppe  1-59,text,true,,492,129,100,100,http://localhost:7000/randomRequest,516,0,0
1676158048671,697,HTTP Request,200,,Thread-Gruppe  1-61,text,true,,489,129,100,100,http://localhost:7000/randomRequest,697,0,0
1676158047819,1549,HTTP Request,200,,Thread-Gruppe  1-77,text,true,,489,129,100,100,http://localhost:7000/randomRequest,1549,0,0
1676158048427,955,HTTP Request,200,,Thread-Gruppe  1-25,text,true,,675,129,100,100,http://localhost:7000/randomRequest,955,0,0
1676158048185,1200,HTTP Request,200,,Thread-Gruppe  1-70,text,true,,541,129,100,100,http://localhost:7000/randomRequest,1200,0,0
1676158048825,608,HTTP Request,200,,Thread-Gruppe  1-78,text,true,,546,129,100,100,http://localhost:7000/randomRequest,608,0,0
1676158047794,1639,HTTP Request,200,,Thread-Gruppe  1-72,text,true,,418,129,100,100,http://localhost:7000/randomRequest,1639,0,1
1676158048852,620,HTTP Request,200,,Thread-Gruppe  1-33,text,true,,549,129,100,100,http://localhost:7000/randomRequest,620,0,0
1676158047860,1642,HTTP Request,200,,Thread-Gruppe  1-14,text,true,,419,129,100,100,http://localhost:7000/randomRequest,1642,0,0
1676158048609,906,HTTP Request,200,,Thread-Gruppe  1-37,text,true,,537,129,100,100,http://localhost:7000/randomRequest,906,0,1
1676158048482,1033,HTTP Request,200,,Thread-Gruppe  1-55,text,true,,561,129,100,100,http://localhost:7000/randomRequest,1033,0,1
1676158048703,824,HTTP Request,200,,Thread-Gruppe  1-71,text,true,,557,129,100,100,http://localhost:7000/randomRequest,824,0,0
1676158047474,2053,HTTP Request,200,,Thread-Gruppe  1-60,text,true,,485,129,100,100,http://localhost:7000/randomRequest,2053,0,0
1676158047785,1749,HTTP Request,200,,Thread-Gruppe  1-40,text,true,,419,129,100,100,http://localhost:7000/randomRequest,1749,0,0
1676158049027,510,HTTP Request,200,,Thread-Gruppe  1-30,text,true,,488,129,100,100,http://localhost:7000/randomRequest,510,0,0
1676158047280,2280,HTTP Request,200,,Thread-Gruppe  1-11,text,true,,535,129,100,100,http://localhost:7000/randomRequest,2280,0,0
1676158048142,1433,HTTP Request,200,,Thread-Gruppe  1-99,text,true,,541,129,100,100,http://localhost:7000/randomRequest,1433,0,0
1676158048658,928,HTTP Request,200,,Thread-Gruppe  1-3,text,true,,492,129,100,100,http://localhost:7000/randomRequest,928,0,1
1676158048788,798,HTTP Request,200,,Thread-Gruppe  1-82,text,true,,643,129,100,100,http://localhost:7000/randomRequest,798,0,0
1676158048466,1124,HTTP Request,200,,Thread-Gruppe  1-88,text,true,,488,129,100,100,http://localhost:7000/randomRequest,1124,0,0
1676158048658,934,HTTP Request,200,,Thread-Gruppe  1-38,text,true,,643,129,100,100,http://localhost:7000/randomRequest,934,0,1
1676158047960,1649,HTTP Request,200,,Thread-Gruppe  1-85,text,true,,492,129,100,100,http://localhost:7000/randomRequest,1649,0,0
1676158049194,415,HTTP Request,200,,Thread-Gruppe  1-47,text,true,,419,129,100,100,http://localhost:7000/randomRequest,415,0,0
1676158048373,1236,HTTP Request,200,,Thread-Gruppe  1-94,text,true,,492,129,100,100,http://localhost:7000/randomRequest,1236,0,0
1676158048788,832,HTTP Request,200,,Thread-Gruppe  1-86,text,true,,492,129,100,100,http://localhost:7000/randomRequest,832,0,0
1676158048587,1033,HTTP Request,200,,Thread-Gruppe  1-20,text,true,,492,129,100,100,http://localhost:7000/randomRequest,1033,0,0
1676158048482,1138,HTTP Request,200,,Thread-Gruppe  1-16,text,true,,485,129,100,100,http://localhost:7000/randomRequest,1138,0,1
1676158048815,826,HTTP Request,200,,Thread-Gruppe  1-31,text,true,,490,129,100,100,http://localhost:7000/randomRequest,826,0,0
1676158047690,1951,HTTP Request,200,,Thread-Gruppe  1-8,text,true,,381,129,100,100,http://localhost:7000/randomRequest,1951,0,0
1676158048609,1033,HTTP Request,200,,Thread-Gruppe  1-62,text,true,,403,129,100,100,http://localhost:7000/randomRequest,1033,0,0
1676158048821,821,HTTP Request,200,,Thread-Gruppe  1-75,text,true,,419,129,100,100,http://localhost:7000/randomRequest,821,0,0
1676158048760,929,HTTP Request,200,,Thread-Gruppe  1-32,text,true,,418,129,100,100,http://localhost:7000/randomRequest,929,0,1
1676158049071,625,HTTP Request,200,,Thread-Gruppe  1-42,text,true,,485,129,100,100,http://localhost:7000/randomRequest,625,0,0
1676158049156,540,HTTP Request,200,,Thread-Gruppe  1-43,text,true,,417,129,100,100,http://localhost:7000/randomRequest,540,0,0
1676158049094,616,HTTP Request,200,,Thread-Gruppe  1-34,text,true,,403,129,100,100,http://localhost:7000/randomRequest,616,0,0
1676158048580,1130,HTTP Request,200,,Thread-Gruppe  1-92,text,true,,403,129,100,100,http://localhost:7000/randomRequest,1130,0,0
1676158049094,616,HTTP Request,200,,Thread-Gruppe  1-83,text,true,,485,129,100,100,http://localhost:7000/randomRequest,616,0,0
1676158049175,536,HTTP Request,200,,Thread-Gruppe  1-12,text,true,,566,129,100,100,http://localhost:7000/randomRequest,536,0,0
1676158049215,524,HTTP Request,200,,Thread-Gruppe  1-52,text,true,,546,129,100,100,http://localhost:7000/randomRequest,524,0,0
1676158048713,1026,HTTP Request,200,,Thread-Gruppe  1-63,text,true,,540,129,100,100,http://localhost:7000/randomRequest,1026,0,0
1676158049232,512,HTTP Request,200,,Thread-Gruppe  1-64,text,true,,403,129,100,100,http://localhost:7000/randomRequest,512,0,0
1676158048836,924,HTTP Request,200,,Thread-Gruppe  1-56,text,true,,403,129,100,100,http://localhost:7000/randomRequest,924,0,0
1676158048760,1024,HTTP Request,200,,Thread-Gruppe  1-84,text,true,,403,129,100,100,http://localhost:7000/randomRequest,1024,0,1
1676158048872,924,HTTP Request,200,,Thread-Gruppe  1-36,text,true,,403,129,100,100,http://localhost:7000/randomRequest,924,0,0
1676158048776,1020,HTTP Request,200,,Thread-Gruppe  1-80,text,true,,560,129,100,100,http://localhost:7000/randomRequest,1020,0,0
1676158049071,725,HTTP Request,200,,Thread-Gruppe  1-87,text,true,,482,129,100,100,http://localhost:7000/randomRequest,725,0,0
1676158049194,621,HTTP Request,200,,Thread-Gruppe  1-91,text,true,,570,129,100,100,http://localhost:7000/randomRequest,621,0,0
1676158048890,925,HTTP Request,200,,Thread-Gruppe  1-35,text,true,,488,129,100,100,http://localhost:7000/randomRequest,925,0,0
1676158048587,1235,HTTP Request,200,,Thread-Gruppe  1-27,text,true,,419,129,100,100,http://localhost:7000/randomRequest,1235,0,0
1676158048771,1051,HTTP Request,200,,Thread-Gruppe  1-7,text,true,,579,129,100,100,http://localhost:7000/randomRequest,1051,0,0
1676158048119,1723,HTTP Request,200,,Thread-Gruppe  1-93,text,true,,527,129,100,100,http://localhost:7000/randomRequest,1723,0,0
1676158048719,1130,HTTP Request,200,,Thread-Gruppe  1-13,text,true,,4480,129,100,100,http://localhost:7000/randomRequest,1130,0,0
1676158048926,928,HTTP Request,200,,Thread-Gruppe  1-74,text,true,,490,129,100,100,http://localhost:7000/randomRequest,928,0,1
1676158049156,713,HTTP Request,200,,Thread-Gruppe  1-9,text,true,,487,129,100,100,http://localhost:7000/randomRequest,713,0,0
1676158049156,713,HTTP Request,200,,Thread-Gruppe  1-18,text,true,,553,129,100,100,http://localhost:7000/randomRequest,713,0,0
1676158048952,926,HTTP Request,200,,Thread-Gruppe  1-46,text,true,,485,129,100,100,http://localhost:7000/randomRequest,926,0,0
1676158049057,821,HTTP Request,200,,Thread-Gruppe  1-23,text,true,,555,129,100,100,http://localhost:7000/randomRequest,821,0,0
1676158048309,1569,HTTP Request,200,,Thread-Gruppe  1-76,text,true,,559,129,100,100,http://localhost:7000/randomRequest,1569,0,1
1676158049080,816,HTTP Request,200,,Thread-Gruppe  1-28,text,true,,561,129,100,100,http://localhost:7000/randomRequest,816,0,0
1676158049094,825,HTTP Request,200,,Thread-Gruppe  1-51,text,true,,567,129,100,100,http://localhost:7000/randomRequest,825,0,0
1676158047834,2085,HTTP Request,200,,Thread-Gruppe  1-2,text,true,,557,129,100,100,http://localhost:7000/randomRequest,2085,0,1
1676158049194,725,HTTP Request,200,,Thread-Gruppe  1-97,text,true,,418,129,100,100,http://localhost:7000/randomRequest,725,0,0
1676158047690,2235,HTTP Request,200,,Thread-Gruppe  1-68,text,true,,537,129,100,100,http://localhost:7000/randomRequest,2235,0,0
1676158049111,834,HTTP Request,200,,Thread-Gruppe  1-89,text,true,,572,129,100,100,http://localhost:7000/randomRequest,834,0,0
1676158048615,1337,HTTP Request,200,,Thread-Gruppe  1-24,text,true,,488,129,100,100,http://localhost:7000/randomRequest,1337,0,0
1676158049369,615,HTTP Request,200,,Thread-Gruppe  1-77,text,true,,492,129,100,100,http://localhost:7000/randomRequest,615,0,0
1676158049175,823,HTTP Request,200,,Thread-Gruppe  1-79,text,true,,553,129,100,100,http://localhost:7000/randomRequest,823,0,0
1676158049309,719,HTTP Request,200,,Thread-Gruppe  1-67,text,true,,418,129,100,100,http://localhost:7000/randomRequest,719,0,0
1676158049515,517,HTTP Request,200,,Thread-Gruppe  1-55,text,true,,417,129,100,100,http://localhost:7000/randomRequest,517,0,0
1676158049433,619,HTTP Request,200,,Thread-Gruppe  1-78,text,true,,403,129,100,100,http://localhost:7000/randomRequest,619,0,1
1676158049527,525,HTTP Request,200,,Thread-Gruppe  1-71,text,true,,541,129,100,100,http://localhost:7000/randomRequest,525,0,0
1676158049333,719,HTTP Request,200,,Thread-Gruppe  1-22,text,true,,557,129,100,100,http://localhost:7000/randomRequest,719,0,0
1676158048788,1314,HTTP Request,200,,Thread-Gruppe  1-98,text,true,,643,129,100,100,http://localhost:7000/randomRequest,1314,0,0
1676158049385,717,HTTP Request,200,,Thread-Gruppe  1-70,text,true,,415,129,100,100,http://localhost:7000/randomRequest,717,0,1
1676158048683,1444,HTTP Request,200,,Thread-Gruppe  1-21,text,true,,481,129,100,100,http://localhost:7000/randomRequest,1444,0,0
1676158049094,1033,HTTP Request,200,,Thread-Gruppe  1-26,text,true,,485,129,100,100,http://localhost:7000/randomRequest,1033,0,0
1676158049022,1105,HTTP Request,200,,Thread-Gruppe  1-100,text,true,,647,129,100,100,http://localhost:7000/randomRequest,1105,0,1
1676158049206,926,HTTP Request,200,,Thread-Gruppe  1-58,text,true,,486,129,100,100,http://localhost:7000/randomRequest,926,0,0
1676158049319,829,HTTP Request,200,,Thread-Gruppe  1-39,text,true,,492,129,100,100,http://localhost:7000/randomRequest,829,0,1
1676158048788,1361,HTTP Request,200,,Thread-Gruppe  1-10,text,true,,678,129,100,100,http://localhost:7000/randomRequest,1361,0,0
1676158049161,997,HTTP Request,200,,Thread-Gruppe  1-95,text,true,,491,129,100,100,http://localhost:7000/randomRequest,997,0,0
1676158049282,924,HTTP Request,200,,Thread-Gruppe  1-57,text,true,,558,129,100,100,http://localhost:7000/randomRequest,924,0,1
1676158048658,1548,HTTP Request,200,,Thread-Gruppe  1-17,text,true,,643,129,100,100,http://localhost:7000/randomRequest,1548,0,1
1676158049298,934,HTTP Request,200,,Thread-Gruppe  1-69,text,true,,545,129,100,100,http://localhost:7000/randomRequest,934,0,1
1676158049527,725,HTTP Request,200,,Thread-Gruppe  1-60,text,true,,554,129,100,100,http://localhost:7000/randomRequest,725,0,0
1676158049843,417,HTTP Request,200,,Thread-Gruppe  1-93,text,true,,547,129,100,100,http://localhost:7000/randomRequest,417,0,0
1676158049126,1134,HTTP Request,200,,Thread-Gruppe  1-81,text,true,,492,129,100,100,http://localhost:7000/randomRequest,1134,0,0
1676158049142,1126,HTTP Request,200,,Thread-Gruppe  1-50,text,true,,567,129,100,100,http://localhost:7000/randomRequest,1126,0,0
1676158049176,1134,HTTP Request,200,,Thread-Gruppe  1-45,text,true,,403,129,100,100,http://localhost:7000/randomRequest,1134,0,0
1676158049590,720,HTTP Request,200,,Thread-Gruppe  1-88,text,true,,574,129,100,100,http://localhost:7000/randomRequest,720,0,0
1676158048796,1514,HTTP Request,200,,Thread-Gruppe  1-90,text,true,,633,129,100,100,http://localhost:7000/randomRequest,1514,0,0
1676158049796,515,HTTP Request,200,,Thread-Gruppe  1-36,text,true,,548,129,100,100,http://localhost:7000/randomRequest,515,0,0
1676158049919,415,HTTP Request,200,,Thread-Gruppe  1-51,text,true,,419,129,100,100,http://localhost:7000/randomRequest,415,0,0
1676158049815,519,HTTP Request,200,,Thread-Gruppe  1-35,text,true,,419,129,100,100,http://localhost:7000/randomRequest,519,0,0
1676158049433,932,HTTP Request,200,,Thread-Gruppe  1-72,text,true,,554,129,100,100,http://localhost:7000/randomRequest,932,0,1
1676158049534,831,HTTP Request,200,,Thread-Gruppe  1-40,text,true,,419,129,100,100,http://localhost:7000/randomRequest,831,0,1
1676158049472,926,HTTP Request,200,,Thread-Gruppe  1-33,text,true,,415,129,100,100,http://localhost:7000/randomRequest,926,0,0
1676158049784,618,HTTP Request,200,,Thread-Gruppe  1-84,text,true,,419,129,100,100,http://localhost:7000/randomRequest,618,0,0
1676158049592,840,HTTP Request,200,,Thread-Gruppe  1-38,text,true,,492,129,100,100,http://localhost:7000/randomRequest,840,0,1
1676158049796,636,HTTP Request,200,,Thread-Gruppe  1-87,text,true,,562,129,100,100,http://localhost:7000/randomRequest,636,0,0
1676158049919,520,HTTP Request,200,,Thread-Gruppe  1-97,text,true,,492,129,100,100,http://localhost:7000/randomRequest,520,0,0
1676158049609,830,HTTP Request,200,,Thread-Gruppe  1-47,text,true,,418,129,100,100,http://localhost:7000/randomRequest,830,0,1
1676158049760,696,HTTP Request,200,,Thread-Gruppe  1-56,text,true,,526,129,100,100,http://localhost:7000/randomRequest,696,0,1
1676158049642,827,HTTP Request,200,,Thread-Gruppe  1-31,text,true,,541,129,100,100,http://localhost:7000/randomRequest,827,0,1
1676158049744,725,HTTP Request,200,,Thread-Gruppe  1-64,text,true,,492,129,100,100,http://localhost:7000/randomRequest,725,0,0
1676158049854,615,HTTP Request,200,,Thread-Gruppe  1-74,text,true,,555,129,100,100,http://localhost:7000/randomRequest,615,0,1
1676158049560,920,HTTP Request,200,,Thread-Gruppe  1-11,text,true,,563,129,100,100,http://localhost:7000/randomRequest,920,0,0
1676158049575,917,HTTP Request,200,,Thread-Gruppe  1-99,text,true,,492,129,100,100,http://localhost:7000/randomRequest,917,0,0
1676158049071,1434,HTTP Request,200,,Thread-Gruppe  1-65,text,true,,527,129,100,100,http://localhost:7000/randomRequest,1434,0,0
1676158049689,816,HTTP Request,200,,Thread-Gruppe  1-32,text,true,,490,129,100,100,http://localhost:7000/randomRequest,816,0,1
1676158049696,823,HTTP Request,200,,Thread-Gruppe  1-43,text,true,,490,129,100,100,http://localhost:7000/randomRequest,823,0,0
1676158049502,1029,HTTP Request,200,,Thread-Gruppe  1-14,text,true,,415,129,100,100,http://localhost:7000/randomRequest,1029,0,0
1676158049710,833,HTTP Request,200,,Thread-Gruppe  1-83,text,true,,489,129,100,100,http://localhost:7000/randomRequest,833,0,1
1676158049609,934,HTTP Request,200,,Thread-Gruppe  1-94,text,true,,570,129,100,100,http://localhost:7000/randomRequest,934,0,1
1676158049094,1449,HTTP Request,200,,Thread-Gruppe  1-54,text,true,,492,129,100,100,http://localhost:7000/randomRequest,1449,0,0
1676158049620,932,HTTP Request,200,,Thread-Gruppe  1-20,text,true,,552,129,100,100,http://localhost:7000/randomRequest,932,0,0
1676158050148,414,HTTP Request,200,,Thread-Gruppe  1-39,text,true,,492,129,100,100,http://localhost:7000/randomRequest,414,0,0
1676158049232,1337,HTTP Request,200,,Thread-Gruppe  1-19,text,true,,492,129,100,100,http://localhost:7000/randomRequest,1337,0,0
1676158049642,931,HTTP Request,200,,Thread-Gruppe  1-62,text,true,,550,129,100,100,http://localhost:7000/randomRequest,931,0,1
1676158049352,1228,HTTP Request,200,,Thread-Gruppe  1-59,text,true,,485,129,100,100,http://localhost:7000/randomRequest,1228,0,0
1676158049869,713,HTTP Request,200,,Thread-Gruppe  1-18,text,true,,548,129,100,100,http://localhost:7000/randomRequest,713,0,1
1676158049879,715,HTTP Request,200,,Thread-Gruppe  1-46,text,true,,419,129,100,100,http://localhost:7000/randomRequest,715,0,0
1676158049879,715,HTTP Request,200,,Thread-Gruppe  1-76,text,true,,550,129,100,100,http://localhost:7000/randomRequest,715,0,0
1676158049587,1035,HTTP Request,200,,Thread-Gruppe  1-82,text,true,,485,129,100,100,http://localhost:7000/randomRequest,1035,0,0
1676158048803,1819,HTTP Request,200,,Thread-Gruppe  1-5,text,true,,643,129,100,100,http://localhost:7000/randomRequest,1819,0,0
1676158049796,826,HTTP Request,200,,Thread-Gruppe  1-80,text,true,,557,129,100,100,http://localhost:7000/randomRequest,826,0,0
1676158049609,1038,HTTP Request,200,,Thread-Gruppe  1-85,text,true,,557,129,100,100,http://localhost:7000/randomRequest,1038,0,1
1676158050127,520,HTTP Request,200,,Thread-Gruppe  1-21,text,true,,416,129,100,100,http://localhost:7000/randomRequest,520,0,1
1676158050127,520,HTTP Request,200,,Thread-Gruppe  1-100,text,true,,563,129,100,100,http://localhost:7000/randomRequest,520,0,1
1676158049620,1033,HTTP Request,200,,Thread-Gruppe  1-86,text,true,,488,129,100,100,http://localhost:7000/randomRequest,1033,0,0
1676158049925,728,HTTP Request,200,,Thread-Gruppe  1-68,text,true,,485,129,100,100,http://localhost:7000/randomRequest,728,0,0
1676158049822,831,HTTP Request,200,,Thread-Gruppe  1-7,text,true,,419,129,100,100,http://localhost:7000/randomRequest,831,0,0
1676158050132,523,HTTP Request,200,,Thread-Gruppe  1-58,text,true,,565,129,100,100,http://localhost:7000/randomRequest,523,0,0
1676158049822,833,HTTP Request,200,,Thread-Gruppe  1-27,text,true,,485,129,100,100,http://localhost:7000/randomRequest,833,0,0
1676158049620,1035,HTTP Request,200,,Thread-Gruppe  1-16,text,true,,551,129,100,100,http://localhost:7000/randomRequest,1035,0,0
1676158049945,715,HTTP Request,200,,Thread-Gruppe  1-89,text,true,,418,129,100,100,http://localhost:7000/randomRequest,715,0,0
1676158049319,1346,HTTP Request,200,,Thread-Gruppe  1-44,text,true,,488,129,100,100,http://localhost:7000/randomRequest,1346,0,1
1676158049642,1027,HTTP Request,200,,Thread-Gruppe  1-8,text,true,,401,129,100,100,http://localhost:7000/randomRequest,1027,0,1
1676158050158,512,HTTP Request,200,,Thread-Gruppe  1-95,text,true,,416,129,100,100,http://localhost:7000/randomRequest,512,0,0
1676158049849,823,HTTP Request,200,,Thread-Gruppe  1-13,text,true,,419,129,100,100,http://localhost:7000/randomRequest,823,0,0
1676158049952,735,HTTP Request,200,,Thread-Gruppe  1-24,text,true,,663,129,100,100,http://localhost:7000/randomRequest,735,0,0
1676158049710,985,HTTP Request,200,,Thread-Gruppe  1-34,text,true,,527,129,100,100,http://localhost:7000/randomRequest,985,0,1
1676158049369,1337,HTTP Request,200,,Thread-Gruppe  1-61,text,true,,492,129,100,100,http://localhost:7000/randomRequest,1337,0,0
1676158049382,1324,HTTP Request,200,,Thread-Gruppe  1-25,text,true,,488,129,100,100,http://localhost:7000/randomRequest,1324,0,0
1676158049587,1136,HTTP Request,200,,Thread-Gruppe  1-3,text,true,,492,129,100,100,http://localhost:7000/randomRequest,1136,0,0
1676158049696,1027,HTTP Request,200,,Thread-Gruppe  1-42,text,true,,537,129,100,100,http://localhost:7000/randomRequest,1027,0,0
1676158050206,517,HTTP Request,200,,Thread-Gruppe  1-57,text,true,,419,129,100,100,http://localhost:7000/randomRequest,517,0,0
1676158050030,729,HTTP Request,200,,Thread-Gruppe  1-67,text,true,,418,129,100,100,http://localhost:7000/randomRequest,729,0,0
1676158050127,641,HTTP Request,200,,Thread-Gruppe  1-26,text,true,,678,129,100,100,http://localhost:7000/randomRequest,641,0,1
1676158050149,619,HTTP Request,200,,Thread-Gruppe  1-10,text,true,,419,129,100,100,http://localhost:7000/randomRequest,619,0,0
1676158050052,725,HTTP Request,200,,Thread-Gruppe  1-22,text,true,,403,129,100,100,http://localhost:7000/randomRequest,725,0,1
1676158049537,1240,HTTP Request,200,,Thread-Gruppe  1-30,text,true,,492,129,100,100,http://localhost:7000/randomRequest,1240,0,0
1676158050365,413,HTTP Request,200,,Thread-Gruppe  1-40,text,true,,416,129,100,100,http://localhost:7000/randomRequest,413,0,0
1676158050052,808,HTTP Request,200,,Thread-Gruppe  1-71,text,true,,489,129,100,100,http://localhost:7000/randomRequest,808,0,1
1676158049869,1012,HTTP Request,200,,Thread-Gruppe  1-9,text,true,,492,129,100,100,http://localhost:7000/randomRequest,1012,0,1
1676158050310,618,HTTP Request,200,,Thread-Gruppe  1-90,text,true,,415,129,100,100,http://localhost:7000/randomRequest,618,0,0
1676158049919,1033,HTTP Request,200,,Thread-Gruppe  1-2,text,true,,419,129,100,100,http://localhost:7000/randomRequest,1033,0,0
1676158050432,520,HTTP Request,200,,Thread-Gruppe  1-38,text,true,,419,129,100,100,http://localhost:7000/randomRequest,520,0,0
1676158049711,1250,HTTP Request,200,,Thread-Gruppe  1-12,text,true,,490,129,100,100,http://localhost:7000/randomRequest,1250,0,0
1676158049129,1832,HTTP Request,200,,Thread-Gruppe  1-6,text,true,,527,129,100,100,http://localhost:7000/randomRequest,1832,0,0
1676158050335,626,HTTP Request,200,,Thread-Gruppe  1-51,text,true,,568,129,100,100,http://localhost:7000/randomRequest,626,0,0
1676158050032,929,HTTP Request,200,,Thread-Gruppe  1-55,text,true,,481,129,100,100,http://localhost:7000/randomRequest,929,0,0
1676158050052,925,HTTP Request,200,,Thread-Gruppe  1-78,text,true,,557,129,100,100,http://localhost:7000/randomRequest,925,0,1
1676158050261,720,HTTP Request,200,,Thread-Gruppe  1-93,text,true,,488,129,100,100,http://localhost:7000/randomRequest,720,0,0
1676158050261,724,HTTP Request,200,,Thread-Gruppe  1-81,text,true,,419,129,100,100,http://localhost:7000/randomRequest,724,0,0
1676158050365,620,HTTP Request,200,,Thread-Gruppe  1-72,text,true,,560,129,100,100,http://localhost:7000/randomRequest,620,0,0
1676158049739,1246,HTTP Request,200,,Thread-Gruppe  1-63,text,true,,557,129,100,100,http://localhost:7000/randomRequest,1246,0,1
1676158049998,1032,HTTP Request,200,,Thread-Gruppe  1-79,text,true,,492,129,100,100,http://localhost:7000/randomRequest,1032,0,0
1676158049897,1133,HTTP Request,200,,Thread-Gruppe  1-28,text,true,,554,129,100,100,http://localhost:7000/randomRequest,1133,0,0
1676158050102,928,HTTP Request,200,,Thread-Gruppe  1-70,text,true,,489,129,100,100,http://localhost:7000/randomRequest,928,0,0
1676158049515,1525,HTTP Request,200,,Thread-Gruppe  1-37,text,true,,647,129,100,100,http://localhost:7000/randomRequest,1525,0,0
1676158050623,429,HTTP Request,200,,Thread-Gruppe  1-82,text,true,,417,129,100,100,http://localhost:7000/randomRequest,429,0,0
1676158050653,409,HTTP Request,200,,Thread-Gruppe  1-7,text,true,,547,129,100,100,http://localhost:7000/randomRequest,409,0,0
1676158050562,510,HTTP Request,200,,Thread-Gruppe  1-39,text,true,,558,129,100,100,http://localhost:7000/randomRequest,510,0,0
1676158050569,520,HTTP Request,200,,Thread-Gruppe  1-19,text,true,,560,129,100,100,http://localhost:7000/randomRequest,520,0,0
1676158050492,610,HTTP Request,200,,Thread-Gruppe  1-99,text,true,,485,129,100,100,http://localhost:7000/randomRequest,610,0,0
1676158050695,413,HTTP Request,200,,Thread-Gruppe  1-34,text,true,,418,129,100,100,http://localhost:7000/randomRequest,413,0,0
1676158050505,620,HTTP Request,200,,Thread-Gruppe  1-65,text,true,,561,129,100,100,http://localhost:7000/randomRequest,620,0,1
1676158050311,821,HTTP Request,200,,Thread-Gruppe  1-36,text,true,,548,129,100,100,http://localhost:7000/randomRequest,821,0,0
1676158049710,1424,HTTP Request,200,,Thread-Gruppe  1-92,text,true,,527,129,100,100,http://localhost:7000/randomRequest,1424,0,1
1676158050102,1032,HTTP Request,200,,Thread-Gruppe  1-98,text,true,,485,129,100,100,http://localhost:7000/randomRequest,1032,0,0
1676158050655,511,HTTP Request,200,,Thread-Gruppe  1-58,text,true,,415,129,100,100,http://localhost:7000/randomRequest,511,0,0
1676158049739,1438,HTTP Request,200,,Thread-Gruppe  1-52,text,true,,643,129,100,100,http://localhost:7000/randomRequest,1438,0,1
1676158050768,412,HTTP Request,200,,Thread-Gruppe  1-26,text,true,,492,129,100,100,http://localhost:7000/randomRequest,412,0,1
1676158050777,413,HTTP Request,200,,Thread-Gruppe  1-30,text,true,,547,129,100,100,http://localhost:7000/randomRequest,413,0,0
1676158050469,721,HTTP Request,200,,Thread-Gruppe  1-31,text,true,,419,129,100,100,http://localhost:7000/randomRequest,721,0,0
1676158049879,1312,HTTP Request,200,,Thread-Gruppe  1-23,text,true,,640,129,100,100,http://localhost:7000/randomRequest,1312,0,0
1676158050882,309,HTTP Request,200,,Thread-Gruppe  1-9,text,true,,419,129,100,100,http://localhost:7000/randomRequest,309,0,0
1676158050573,618,HTTP Request,200,,Thread-Gruppe  1-62,text,true,,492,129,100,100,http://localhost:7000/randomRequest,618,0,0
1676158050582,620,HTTP Request,200,,Thread-Gruppe  1-18,text,true,,557,129,100,100,http://localhost:7000/randomRequest,620,0,0
1676158050594,618,HTTP Request,200,,Thread-Gruppe  1-46,text,true,,492,129,100,100,http://localhost:7000/randomRequest,618,0,0
1676158050505,722,HTTP Request,200,,Thread-Gruppe  1-32,text,true,,3983,129,100,100,http://localhost:7000/randomRequest,722,0,1
1676158050623,638,HTTP Request,200,,Thread-Gruppe  1-5,text,true,,417,129,100,100,http://localhost:7000/randomRequest,638,0,0
1676158050544,726,HTTP Request,200,,Thread-Gruppe  1-94,text,true,,415,129,100,100,http://localhost:7000/randomRequest,726,0,0
1676158050653,617,HTTP Request,200,,Thread-Gruppe  1-68,text,true,,419,129,100,100,http://localhost:7000/randomRequest,617,0,0
1676158050544,726,HTTP Request,200,,Thread-Gruppe  1-83,text,true,,419,129,100,100,http://localhost:7000/randomRequest,726,0,0
1676158050647,623,HTTP Request,200,,Thread-Gruppe  1-85,text,true,,418,129,100,100,http://localhost:7000/randomRequest,623,0,0
1676158050552,718,HTTP Request,200,,Thread-Gruppe  1-20,text,true,,492,129,100,100,http://localhost:7000/randomRequest,718,0,0
1676158050660,617,HTTP Request,200,,Thread-Gruppe  1-89,text,true,,419,129,100,100,http://localhost:7000/randomRequest,617,0,0
1676158050665,614,HTTP Request,200,,Thread-Gruppe  1-44,text,true,,554,129,100,100,http://localhost:7000/randomRequest,614,0,0
1676158050985,310,HTTP Request,200,,Thread-Gruppe  1-81,text,true,,545,129,100,100,http://localhost:7000/randomRequest,310,0,0
1676158050580,726,HTTP Request,200,,Thread-Gruppe  1-59,text,true,,492,129,100,100,http://localhost:7000/randomRequest,726,0,1
1676158050623,716,HTTP Request,200,,Thread-Gruppe  1-80,text,true,,419,129,100,100,http://localhost:7000/randomRequest,716,0,0
1676158050402,943,HTTP Request,200,,Thread-Gruppe  1-84,text,true,,570,129,100,100,http://localhost:7000/randomRequest,943,0,0
1676158050532,830,HTTP Request,200,,Thread-Gruppe  1-14,text,true,,546,129,100,100,http://localhost:7000/randomRequest,830,0,0
1676158050961,414,HTTP Request,200,,Thread-Gruppe  1-12,text,true,,492,129,100,100,http://localhost:7000/randomRequest,414,0,0
1676158049643,1732,HTTP Request,200,,Thread-Gruppe  1-75,text,true,,537,129,100,100,http://localhost:7000/randomRequest,1732,0,2
1676158050440,935,HTTP Request,200,,Thread-Gruppe  1-47,text,true,,492,129,100,100,http://localhost:7000/randomRequest,935,0,0
1676158049984,1435,HTTP Request,200,,Thread-Gruppe  1-77,text,true,,492,129,100,100,http://localhost:7000/randomRequest,1435,0,0
1676158050398,1026,HTTP Request,200,,Thread-Gruppe  1-33,text,true,,481,129,100,100,http://localhost:7000/randomRequest,1026,0,1
1676158050706,718,HTTP Request,200,,Thread-Gruppe  1-61,text,true,,551,129,100,100,http://localhost:7000/randomRequest,718,0,0
1676158050723,729,HTTP Request,200,,Thread-Gruppe  1-57,text,true,,419,129,100,100,http://localhost:7000/randomRequest,729,0,0
1676158050206,1246,HTTP Request,200,,Thread-Gruppe  1-17,text,true,,488,129,100,100,http://localhost:7000/randomRequest,1246,0,0
1676158050655,823,HTTP Request,200,,Thread-Gruppe  1-16,text,true,,403,129,100,100,http://localhost:7000/randomRequest,823,0,0
1676158050469,1033,HTTP Request,200,,Thread-Gruppe  1-74,text,true,,419,129,100,100,http://localhost:7000/randomRequest,1033,0,0
1676158050687,825,HTTP Request,200,,Thread-Gruppe  1-24,text,true,,419,129,100,100,http://localhost:7000/randomRequest,825,0,0
1676158049815,1714,HTTP Request,200,,Thread-Gruppe  1-91,text,true,,647,129,100,100,http://localhost:7000/randomRequest,1714,0,0
1676158050723,829,HTTP Request,200,,Thread-Gruppe  1-42,text,true,,403,129,100,100,http://localhost:7000/randomRequest,829,0,0
1676158050252,1300,HTTP Request,200,,Thread-Gruppe  1-60,text,true,,645,129,100,100,http://localhost:7000/randomRequest,1300,0,0
1676158050759,824,HTTP Request,200,,Thread-Gruppe  1-67,text,true,,401,129,100,100,http://localhost:7000/randomRequest,824,0,0
1676158051375,208,HTTP Request,200,,Thread-Gruppe  1-75,text,true,,492,129,100,100,http://localhost:7000/randomRequest,208,0,1
1676158050655,928,HTTP Request,200,,Thread-Gruppe  1-27,text,true,,572,129,100,100,http://localhost:7000/randomRequest,928,0,0
1676158050768,830,HTTP Request,200,,Thread-Gruppe  1-10,text,true,,492,129,100,100,http://localhost:7000/randomRequest,830,0,1
1676158051228,406,HTTP Request,200,,Thread-Gruppe  1-32,text,true,,419,129,100,100,http://localhost:7000/randomRequest,406,0,0
1676158051125,509,HTTP Request,200,,Thread-Gruppe  1-65,text,true,,492,129,100,100,http://localhost:7000/randomRequest,509,0,0
1676158051132,511,HTTP Request,200,,Thread-Gruppe  1-36,text,true,,489,129,100,100,http://localhost:7000/randomRequest,511,0,0
1676158051030,627,HTTP Request,200,,Thread-Gruppe  1-70,text,true,,492,129,100,100,http://localhost:7000/randomRequest,627,0,0
1676158050432,1231,HTTP Request,200,,Thread-Gruppe  1-87,text,true,,492,129,100,100,http://localhost:7000/randomRequest,1231,0,0
1676158050335,1344,HTTP Request,200,,Thread-Gruppe  1-35,text,true,,492,129,100,100,http://localhost:7000/randomRequest,1344,0,0
1676158050544,1140,HTTP Request,200,,Thread-Gruppe  1-54,text,true,,419,129,100,100,http://localhost:7000/randomRequest,1140,0,0
1676158050961,723,HTTP Request,200,,Thread-Gruppe  1-51,text,true,,558,129,100,100,http://localhost:7000/randomRequest,723,0,0
1676158050647,1037,HTTP Request,200,,Thread-Gruppe  1-21,text,true,,490,129,100,100,http://localhost:7000/randomRequest,1037,0,0
1676158050977,716,HTTP Request,200,,Thread-Gruppe  1-78,text,true,,418,129,100,100,http://localhost:7000/randomRequest,716,0,1
1676158050456,1237,HTTP Request,200,,Thread-Gruppe  1-56,text,true,,416,129,100,100,http://localhost:7000/randomRequest,1237,0,1
1676158051278,415,HTTP Request,200,,Thread-Gruppe  1-89,text,true,,419,129,100,100,http://localhost:7000/randomRequest,415,0,0
1676158050268,1443,HTTP Request,200,,Thread-Gruppe  1-50,text,true,,492,129,100,100,http://localhost:7000/randomRequest,1443,0,1
1676158050310,1409,HTTP Request,200,,Thread-Gruppe  1-88,text,true,,644,129,100,100,http://localhost:7000/randomRequest,1409,0,0
1676158050519,1200,HTTP Request,200,,Thread-Gruppe  1-43,text,true,,541,129,100,100,http://localhost:7000/randomRequest,1200,0,0
1676158051202,517,HTTP Request,200,,Thread-Gruppe  1-18,text,true,,419,129,100,100,http://localhost:7000/randomRequest,517,0,0
1676158050480,1239,HTTP Request,200,,Thread-Gruppe  1-11,text,true,,486,129,100,100,http://localhost:7000/randomRequest,1239,0,1
1676158050594,1145,HTTP Request,200,,Thread-Gruppe  1-76,text,true,,549,129,100,100,http://localhost:7000/randomRequest,1145,0,0
1676158050723,1025,HTTP Request,200,,Thread-Gruppe  1-3,text,true,,403,129,100,100,http://localhost:7000/randomRequest,1025,0,0
1676158051134,621,HTTP Request,200,,Thread-Gruppe  1-92,text,true,,488,129,100,100,http://localhost:7000/randomRequest,621,0,1
1676158050310,1448,HTTP Request,200,,Thread-Gruppe  1-45,text,true,,490,129,100,100,http://localhost:7000/randomRequest,1448,0,0
1676158050440,1340,HTTP Request,200,,Thread-Gruppe  1-97,text,true,,571,129,100,100,http://localhost:7000/randomRequest,1340,0,0
1676158051062,723,HTTP Request,200,,Thread-Gruppe  1-7,text,true,,419,129,100,100,http://localhost:7000/randomRequest,723,0,0
1676158051190,622,HTTP Request,200,,Thread-Gruppe  1-30,text,true,,549,129,100,100,http://localhost:7000/randomRequest,622,0,0
1676158050985,827,HTTP Request,200,,Thread-Gruppe  1-72,text,true,,485,129,100,100,http://localhost:7000/randomRequest,827,0,0
1676158050778,1034,HTTP Request,200,,Thread-Gruppe  1-40,text,true,,481,129,100,100,http://localhost:7000/randomRequest,1034,0,1
1676158051191,621,HTTP Request,200,,Thread-Gruppe  1-23,text,true,,492,129,100,100,http://localhost:7000/randomRequest,621,0,1
1676158050777,1035,HTTP Request,200,,Thread-Gruppe  1-22,text,true,,419,129,100,100,http://localhost:7000/randomRequest,1035,0,0
1676158051212,616,HTTP Request,200,,Thread-Gruppe  1-46,text,true,,482,129,100,100,http://localhost:7000/randomRequest,616,0,0
1676158050653,1205,HTTP Request,200,,Thread-Gruppe  1-86,text,true,,633,129,100,100,http://localhost:7000/randomRequest,1205,0,0
1676158050928,937,HTTP Request,200,,Thread-Gruppe  1-90,text,true,,416,129,100,100,http://localhost:7000/randomRequest,937,0,0
1676158050952,918,HTTP Request,200,,Thread-Gruppe  1-38,text,true,,492,129,100,100,http://localhost:7000/randomRequest,918,0,1
1676158051362,508,HTTP Request,200,,Thread-Gruppe  1-14,text,true,,554,129,100,100,http://localhost:7000/randomRequest,508,0,0
1676158050232,1650,HTTP Request,200,,Thread-Gruppe  1-69,text,true,,485,129,100,100,http://localhost:7000/randomRequest,1650,0,0
1676158051583,309,HTTP Request,200,,Thread-Gruppe  1-27,text,true,,554,129,100,100,http://localhost:7000/randomRequest,309,0,0
1676158050860,1032,HTTP Request,200,,Thread-Gruppe  1-71,text,true,,540,129,100,100,http://localhost:7000/randomRequest,1032,0,0
1676158050981,914,HTTP Request,200,,Thread-Gruppe  1-93,text,true,,418,129,100,100,http://localhost:7000/randomRequest,914,0,1
1676158050669,1229,HTTP Request,200,,Thread-Gruppe  1-8,text,true,,647,129,100,100,http://localhost:7000/randomRequest,1229,0,0
1676158050707,1234,HTTP Request,200,,Thread-Gruppe  1-25,text,true,,490,129,100,100,http://localhost:7000/randomRequest,1234,0,0
1676158051134,835,HTTP Request,200,,Thread-Gruppe  1-98,text,true,,552,129,100,100,http://localhost:7000/randomRequest,835,0,1
1676158050469,1506,HTTP Request,200,,Thread-Gruppe  1-64,text,true,,633,129,100,100,http://localhost:7000/randomRequest,1506,0,0
1676158050647,1340,HTTP Request,200,,Thread-Gruppe  1-100,text,true,,492,129,100,100,http://localhost:7000/randomRequest,1340,0,0
1676158050961,1030,HTTP Request,200,,Thread-Gruppe  1-6,text,true,,488,129,100,100,http://localhost:7000/randomRequest,1030,0,0
1676158051375,621,HTTP Request,200,,Thread-Gruppe  1-12,text,true,,419,129,100,100,http://localhost:7000/randomRequest,621,0,1
1676158051073,940,HTTP Request,200,,Thread-Gruppe  1-39,text,true,,417,129,100,100,http://localhost:7000/randomRequest,940,0,0
1676158051177,836,HTTP Request,200,,Thread-Gruppe  1-52,text,true,,417,129,100,100,http://localhost:7000/randomRequest,836,0,1
1676158051295,718,HTTP Request,200,,Thread-Gruppe  1-81,text,true,,492,129,100,100,http://localhost:7000/randomRequest,718,0,1
1676158051419,620,HTTP Request,200,,Thread-Gruppe  1-77,text,true,,556,129,100,100,http://localhost:7000/randomRequest,620,0,0
1676158051424,621,HTTP Request,200,,Thread-Gruppe  1-61,text,true,,416,129,100,100,http://localhost:7000/randomRequest,621,0,1
1676158051478,617,HTTP Request,200,,Thread-Gruppe  1-16,text,true,,416,129,100,100,http://localhost:7000/randomRequest,617,0,0
1676158051685,412,HTTP Request,200,,Thread-Gruppe  1-51,text,true,,485,129,100,100,http://localhost:7000/randomRequest,412,0,0
1676158051685,412,HTTP Request,200,,Thread-Gruppe  1-54,text,true,,561,129,100,100,http://localhost:7000/randomRequest,412,0,0
1676158051693,410,HTTP Request,200,,Thread-Gruppe  1-89,text,true,,552,129,100,100,http://localhost:7000/randomRequest,410,0,0
1676158051190,923,HTTP Request,200,,Thread-Gruppe  1-31,text,true,,419,129,100,100,http://localhost:7000/randomRequest,923,0,0
1676158051598,515,HTTP Request,200,,Thread-Gruppe  1-10,text,true,,547,129,100,100,http://localhost:7000/randomRequest,515,0,1
1676158051102,1029,HTTP Request,200,,Thread-Gruppe  1-99,text,true,,419,129,100,100,http://localhost:7000/randomRequest,1029,0,0
1676158051306,825,HTTP Request,200,,Thread-Gruppe  1-59,text,true,,419,129,100,100,http://localhost:7000/randomRequest,825,0,1
1676158051739,413,HTTP Request,200,,Thread-Gruppe  1-76,text,true,,559,129,100,100,http://localhost:7000/randomRequest,413,0,1
1676158051755,410,HTTP Request,200,,Thread-Gruppe  1-92,text,true,,554,129,100,100,http://localhost:7000/randomRequest,410,0,0
1676158051030,1144,HTTP Request,200,,Thread-Gruppe  1-28,text,true,,490,129,100,100,http://localhost:7000/randomRequest,1144,0,0
1676158051657,517,HTTP Request,200,,Thread-Gruppe  1-70,text,true,,487,129,100,100,http://localhost:7000/randomRequest,517,0,0
1676158051270,906,HTTP Request,200,,Thread-Gruppe  1-83,text,true,,647,129,100,100,http://localhost:7000/randomRequest,906,0,1
1676158051052,1124,HTTP Request,200,,Thread-Gruppe  1-82,text,true,,403,129,100,100,http://localhost:7000/randomRequest,1124,0,1
1676158051270,926,HTTP Request,200,,Thread-Gruppe  1-85,text,true,,558,129,100,100,http://localhost:7000/randomRequest,926,0,1
1676158051679,517,HTTP Request,200,,Thread-Gruppe  1-35,text,true,,414,129,100,100,http://localhost:7000/randomRequest,517,0,0
1676158051583,618,HTTP Request,200,,Thread-Gruppe  1-75,text,true,,419,129,100,100,http://localhost:7000/randomRequest,618,0,0
1676158050952,1249,HTTP Request,200,,Thread-Gruppe  1-2,text,true,,682,129,100,100,http://localhost:7000/randomRequest,1249,0,1
1676158051270,931,HTTP Request,200,,Thread-Gruppe  1-20,text,true,,419,129,100,100,http://localhost:7000/randomRequest,931,0,1
1676158051191,1022,HTTP Request,200,,Thread-Gruppe  1-62,text,true,,557,129,100,100,http://localhost:7000/randomRequest,1022,0,1
1676158051513,722,HTTP Request,200,,Thread-Gruppe  1-24,text,true,,558,129,100,100,http://localhost:7000/randomRequest,722,0,0
1676158051634,618,HTTP Request,200,,Thread-Gruppe  1-65,text,true,,492,129,100,100,http://localhost:7000/randomRequest,618,0,1
1676158051529,746,HTTP Request,200,,Thread-Gruppe  1-91,text,true,,581,129,100,100,http://localhost:7000/randomRequest,746,0,1
1676158051261,1025,HTTP Request,200,,Thread-Gruppe  1-5,text,true,,550,129,100,100,http://localhost:7000/randomRequest,1025,0,0
1676158051663,639,HTTP Request,200,,Thread-Gruppe  1-87,text,true,,683,129,100,100,http://localhost:7000/randomRequest,639,0,1
1676158050961,1341,HTTP Request,200,,Thread-Gruppe  1-55,text,true,,492,129,100,100,http://localhost:7000/randomRequest,1341,0,0
1676158050670,1636,HTTP Request,200,,Thread-Gruppe  1-95,text,true,,403,129,100,100,http://localhost:7000/randomRequest,1636,0,1
1676158051191,1127,HTTP Request,200,,Thread-Gruppe  1-9,text,true,,403,129,100,100,http://localhost:7000/randomRequest,1127,0,1
1676158051812,517,HTTP Request,200,,Thread-Gruppe  1-22,text,true,,485,129,100,100,http://localhost:7000/randomRequest,517,0,1
1676158051108,1232,HTTP Request,200,,Thread-Gruppe  1-34,text,true,,488,129,100,100,http://localhost:7000/randomRequest,1232,0,0
1676158051758,621,HTTP Request,200,,Thread-Gruppe  1-45,text,true,,481,129,100,100,http://localhost:7000/randomRequest,621,0,0
1676158051780,622,HTTP Request,200,,Thread-Gruppe  1-97,text,true,,567,129,100,100,http://localhost:7000/randomRequest,622,0,0
1676158051180,1225,HTTP Request,200,,Thread-Gruppe  1-26,text,true,,492,129,100,100,http://localhost:7000/randomRequest,1225,0,0
1676158051685,720,HTTP Request,200,,Thread-Gruppe  1-21,text,true,,554,129,100,100,http://localhost:7000/randomRequest,720,0,0
1676158051892,513,HTTP Request,200,,Thread-Gruppe  1-71,text,true,,419,129,100,100,http://localhost:7000/randomRequest,513,0,0
1676158051270,1135,HTTP Request,200,,Thread-Gruppe  1-94,text,true,,418,129,100,100,http://localhost:7000/randomRequest,1135,0,1
1676158050985,1420,HTTP Request,200,,Thread-Gruppe  1-63,text,true,,643,129,100,100,http://localhost:7000/randomRequest,1420,0,0
1676158051166,1239,HTTP Request,200,,Thread-Gruppe  1-58,text,true,,414,129,100,100,http://localhost:7000/randomRequest,1239,0,0
1676158051089,1331,HTTP Request,200,,Thread-Gruppe  1-19,text,true,,492,129,100,100,http://localhost:7000/randomRequest,1331,0,1
1676158052013,412,HTTP Request,200,,Thread-Gruppe  1-39,text,true,,419,129,100,100,http://localhost:7000/randomRequest,412,0,1
1676158051812,617,HTTP Request,200,,Thread-Gruppe  1-72,text,true,,401,129,100,100,http://localhost:7000/randomRequest,617,0,1
1676158051424,1049,HTTP Request,200,,Thread-Gruppe  1-33,text,true,,548,129,100,100,http://localhost:7000/randomRequest,1049,0,1
1676158051858,617,HTTP Request,200,,Thread-Gruppe  1-86,text,true,,550,129,100,100,http://localhost:7000/randomRequest,617,0,1
1676158051041,1440,HTTP Request,200,,Thread-Gruppe  1-37,text,true,,492,129,100,100,http://localhost:7000/randomRequest,1440,0,0
1676158051552,929,HTTP Request,200,,Thread-Gruppe  1-60,text,true,,481,129,100,100,http://localhost:7000/randomRequest,929,0,0
1676158051898,593,HTTP Request,200,,Thread-Gruppe  1-8,text,true,,481,129,100,100,http://localhost:7000/randomRequest,593,0,0
1676158052174,317,HTTP Request,200,,Thread-Gruppe  1-28,text,true,,488,129,100,100,http://localhost:7000/randomRequest,317,0,0
1676158051452,1039,HTTP Request,200,,Thread-Gruppe  1-57,text,true,,488,129,100,100,http://localhost:7000/randomRequest,1039,0,1
1676158051270,1235,HTTP Request,200,,Thread-Gruppe  1-68,text,true,,553,129,100,100,http://localhost:7000/randomRequest,1235,0,1
1676158051942,620,HTTP Request,200,,Thread-Gruppe  1-25,text,true,,417,129,100,100,http://localhost:7000/randomRequest,620,0,0
1676158052152,411,HTTP Request,200,,Thread-Gruppe  1-76,text,true,,419,129,100,100,http://localhost:7000/randomRequest,411,0,0
1676158052275,309,HTTP Request,200,,Thread-Gruppe  1-91,text,true,,419,129,100,100,http://localhost:7000/randomRequest,309,0,0
1676158051870,726,HTTP Request,200,,Thread-Gruppe  1-38,text,true,,492,129,100,100,http://localhost:7000/randomRequest,726,0,1
1676158051452,1144,HTTP Request,200,,Thread-Gruppe  1-17,text,true,,419,129,100,100,http://localhost:7000/randomRequest,1144,0,1
1676158051882,720,HTTP Request,200,,Thread-Gruppe  1-69,text,true,,402,129,100,100,http://localhost:7000/randomRequest,720,0,1
1676158052097,511,HTTP Request,200,,Thread-Gruppe  1-54,text,true,,490,129,100,100,http://localhost:7000/randomRequest,511,0,0
1676158051583,1025,HTTP Request,200,,Thread-Gruppe  1-67,text,true,,561,129,100,100,http://localhost:7000/randomRequest,1025,0,0
1676158052306,303,HTTP Request,200,,Thread-Gruppe  1-95,text,true,,419,129,100,100,http://localhost:7000/randomRequest,303,0,1
1676158051693,928,HTTP Request,200,,Thread-Gruppe  1-56,text,true,,415,129,100,100,http://localhost:7000/randomRequest,928,0,0
1676158051812,820,HTTP Request,200,,Thread-Gruppe  1-40,text,true,,492,129,100,100,http://localhost:7000/randomRequest,820,0,1
1676158051634,1031,HTTP Request,200,,Thread-Gruppe  1-32,text,true,,560,129,100,100,http://localhost:7000/randomRequest,1031,0,1
1676158051339,1340,HTTP Request,200,,Thread-Gruppe  1-80,text,true,,556,129,100,100,http://localhost:7000/randomRequest,1340,0,1
1676158051969,715,HTTP Request,200,,Thread-Gruppe  1-98,text,true,,541,129,100,100,http://localhost:7000/randomRequest,715,0,0
1676158051552,1132,HTTP Request,200,,Thread-Gruppe  1-42,text,true,,488,129,100,100,http://localhost:7000/randomRequest,1132,0,0
1676158051975,723,HTTP Request,200,,Thread-Gruppe  1-64,text,true,,562,129,100,100,http://localhost:7000/randomRequest,723,0,0
1676158051870,828,HTTP Request,200,,Thread-Gruppe  1-14,text,true,,485,129,100,100,http://localhost:7000/randomRequest,828,0,1
1676158052286,412,HTTP Request,200,,Thread-Gruppe  1-5,text,true,,551,129,100,100,http://localhost:7000/randomRequest,412,0,0
1676158051895,817,HTTP Request,200,,Thread-Gruppe  1-93,text,true,,419,129,100,100,http://localhost:7000/randomRequest,817,0,0
1676158052095,617,HTTP Request,200,,Thread-Gruppe  1-16,text,true,,485,129,100,100,http://localhost:7000/randomRequest,617,0,0
1676158051712,1000,HTTP Request,200,,Thread-Gruppe  1-50,text,true,,643,129,100,100,http://localhost:7000/randomRequest,1000,0,0
1676158051785,945,HTTP Request,200,,Thread-Gruppe  1-7,text,true,,686,129,100,100,http://localhost:7000/randomRequest,945,0,0
1676158052235,517,HTTP Request,200,,Thread-Gruppe  1-24,text,true,,544,129,100,100,http://localhost:7000/randomRequest,517,0,0
1676158051892,924,HTTP Request,200,,Thread-Gruppe  1-27,text,true,,419,129,100,100,http://localhost:7000/randomRequest,924,0,0
1676158051279,1537,HTTP Request,200,,Thread-Gruppe  1-44,text,true,,492,129,100,100,http://localhost:7000/randomRequest,1537,0,0
1676158051375,1441,HTTP Request,200,,Thread-Gruppe  1-47,text,true,,492,129,100,100,http://localhost:7000/randomRequest,1441,0,1
1676158052097,719,HTTP Request,200,,Thread-Gruppe  1-51,text,true,,492,129,100,100,http://localhost:7000/randomRequest,719,0,0
1676158051996,820,HTTP Request,200,,Thread-Gruppe  1-12,text,true,,478,129,100,100,http://localhost:7000/randomRequest,820,0,1
1676158052113,721,HTTP Request,200,,Thread-Gruppe  1-31,text,true,,564,129,100,100,http://localhost:7000/randomRequest,721,0,1
1676158052505,334,HTTP Request,200,,Thread-Gruppe  1-68,text,true,,417,129,100,100,http://localhost:7000/randomRequest,334,0,0
1676158051812,1027,HTTP Request,200,,Thread-Gruppe  1-23,text,true,,492,129,100,100,http://localhost:7000/randomRequest,1027,0,1
1676158052420,439,HTTP Request,200,,Thread-Gruppe  1-19,text,true,,690,129,100,100,http://localhost:7000/randomRequest,439,0,0
1676158051719,1149,HTTP Request,200,,Thread-Gruppe  1-18,text,true,,577,129,100,100,http://localhost:7000/randomRequest,1149,0,1
1676158051030,1838,HTTP Request,200,,Thread-Gruppe  1-79,text,true,,643,129,100,100,http://localhost:7000/randomRequest,1838,0,0
1676158052039,829,HTTP Request,200,,Thread-Gruppe  1-77,text,true,,418,129,100,100,http://localhost:7000/randomRequest,829,0,1
1676158051748,1136,HTTP Request,200,,Thread-Gruppe  1-3,text,true,,492,129,100,100,http://localhost:7000/randomRequest,1136,0,0
1676158051644,1240,HTTP Request,200,,Thread-Gruppe  1-36,text,true,,418,129,100,100,http://localhost:7000/randomRequest,1240,0,0
1676158052165,719,HTTP Request,200,,Thread-Gruppe  1-92,text,true,,419,129,100,100,http://localhost:7000/randomRequest,719,0,1
1676158052379,505,HTTP Request,200,,Thread-Gruppe  1-45,text,true,,490,129,100,100,http://localhost:7000/randomRequest,505,0,1
1676158052492,411,HTTP Request,200,,Thread-Gruppe  1-57,text,true,,489,129,100,100,http://localhost:7000/randomRequest,411,0,0
1676158052405,513,HTTP Request,200,,Thread-Gruppe  1-94,text,true,,550,129,100,100,http://localhost:7000/randomRequest,513,0,0
1676158052609,311,HTTP Request,200,,Thread-Gruppe  1-95,text,true,,418,129,100,100,http://localhost:7000/randomRequest,311,0,0
1676158052302,618,HTTP Request,200,,Thread-Gruppe  1-55,text,true,,417,129,100,100,http://localhost:7000/randomRequest,618,0,0
1676158051719,1215,HTTP Request,200,,Thread-Gruppe  1-43,text,true,,537,129,100,100,http://localhost:7000/randomRequest,1215,0,1
1676158052013,929,HTTP Request,200,,Thread-Gruppe  1-81,text,true,,486,129,100,100,http://localhost:7000/randomRequest,929,0,1
1676158052340,619,HTTP Request,200,,Thread-Gruppe  1-34,text,true,,379,129,100,100,http://localhost:7000/randomRequest,619,0,0
1676158051693,1266,HTTP Request,200,,Thread-Gruppe  1-78,text,true,,673,129,100,100,http://localhost:7000/randomRequest,1266,0,0
1676158052665,305,HTTP Request,200,,Thread-Gruppe  1-32,text,true,,419,129,100,100,http://localhost:7000/randomRequest,305,0,0
1676158051828,1161,HTTP Request,200,,Thread-Gruppe  1-46,text,true,,417,129,100,100,http://localhost:7000/randomRequest,1161,0,1
1676158052201,821,HTTP Request,200,,Thread-Gruppe  1-20,text,true,,562,129,100,100,http://localhost:7000/randomRequest,821,0,1
1676158052113,926,HTTP Request,200,,Thread-Gruppe  1-10,text,true,,488,129,100,100,http://localhost:7000/randomRequest,926,0,1
1676158052425,616,HTTP Request,200,,Thread-Gruppe  1-39,text,true,,419,129,100,100,http://localhost:7000/randomRequest,616,0,0
1676158051812,1234,HTTP Request,200,,Thread-Gruppe  1-30,text,true,,492,129,100,100,http://localhost:7000/randomRequest,1234,0,1
1676158052584,514,HTTP Request,200,,Thread-Gruppe  1-91,text,true,,490,129,100,100,http://localhost:7000/randomRequest,514,0,0
1676158052684,414,HTTP Request,200,,Thread-Gruppe  1-98,text,true,,419,129,100,100,http://localhost:7000/randomRequest,414,0,0
1676158052596,514,HTTP Request,200,,Thread-Gruppe  1-17,text,true,,560,129,100,100,http://localhost:7000/randomRequest,514,0,0
1676158052214,928,HTTP Request,200,,Thread-Gruppe  1-62,text,true,,552,129,100,100,http://localhost:7000/randomRequest,928,0,0
1676158052013,1134,HTTP Request,200,,Thread-Gruppe  1-52,text,true,,492,129,100,100,http://localhost:7000/randomRequest,1134,0,1
1676158052045,1110,HTTP Request,200,,Thread-Gruppe  1-61,text,true,,541,129,100,100,http://localhost:7000/randomRequest,1110,0,0
1676158052132,1034,HTTP Request,200,,Thread-Gruppe  1-59,text,true,,419,129,100,100,http://localhost:7000/randomRequest,1034,0,0
1676158052562,610,HTTP Request,200,,Thread-Gruppe  1-25,text,true,,416,129,100,100,http://localhost:7000/randomRequest,610,0,1
1676158052474,722,HTTP Request,200,,Thread-Gruppe  1-33,text,true,,563,129,100,100,http://localhost:7000/randomRequest,722,0,0
1676158051345,1851,HTTP Request,200,,Thread-Gruppe  1-84,text,true,,492,129,100,100,http://localhost:7000/randomRequest,1851,0,0
1676158052481,716,HTTP Request,200,,Thread-Gruppe  1-60,text,true,,419,129,100,100,http://localhost:7000/randomRequest,716,0,1
1676158052492,723,HTTP Request,200,,Thread-Gruppe  1-8,text,true,,492,129,100,100,http://localhost:7000/randomRequest,723,0,0
1676158052698,517,HTTP Request,200,,Thread-Gruppe  1-64,text,true,,551,129,100,100,http://localhost:7000/randomRequest,517,0,1
1676158052596,619,HTTP Request,200,,Thread-Gruppe  1-38,text,true,,419,129,100,100,http://localhost:7000/randomRequest,619,0,0
1676158052492,723,HTTP Request,200,,Thread-Gruppe  1-28,text,true,,414,129,100,100,http://localhost:7000/randomRequest,723,0,0
1676158052402,823,HTTP Request,200,,Thread-Gruppe  1-97,text,true,,401,129,100,100,http://localhost:7000/randomRequest,823,0,0
1676158052405,824,HTTP Request,200,,Thread-Gruppe  1-71,text,true,,562,129,100,100,http://localhost:7000/randomRequest,824,0,0
1676158052608,621,HTTP Request,200,,Thread-Gruppe  1-67,text,true,,559,129,100,100,http://localhost:7000/randomRequest,621,0,1
1676158052196,1033,HTTP Request,200,,Thread-Gruppe  1-35,text,true,,492,129,100,100,http://localhost:7000/randomRequest,1033,0,1
1676158052405,824,HTTP Request,200,,Thread-Gruppe  1-26,text,true,,557,129,100,100,http://localhost:7000/randomRequest,824,0,0
1676158052201,1029,HTTP Request,200,,Thread-Gruppe  1-2,text,true,,537,129,100,100,http://localhost:7000/randomRequest,1029,0,1
1676158052622,617,HTTP Request,200,,Thread-Gruppe  1-56,text,true,,419,129,100,100,http://localhost:7000/randomRequest,617,0,0
1676158052318,928,HTTP Request,200,,Thread-Gruppe  1-9,text,true,,481,129,100,100,http://localhost:7000/randomRequest,928,0,1
1676158052839,413,HTTP Request,200,,Thread-Gruppe  1-68,text,true,,419,129,100,100,http://localhost:7000/randomRequest,413,0,1
1676158051719,1544,HTTP Request,200,,Thread-Gruppe  1-11,text,true,,492,129,100,100,http://localhost:7000/randomRequest,1544,0,1
1676158052252,1024,HTTP Request,200,,Thread-Gruppe  1-65,text,true,,416,129,100,100,http://localhost:7000/randomRequest,1024,0,1
1676158051719,1557,HTTP Request,200,,Thread-Gruppe  1-88,text,true,,474,129,100,100,http://localhost:7000/randomRequest,1557,0,1
1676158052563,713,HTTP Request,200,,Thread-Gruppe  1-76,text,true,,3158,129,100,100,http://localhost:7000/randomRequest,713,0,0
1676158052405,893,HTTP Request,200,,Thread-Gruppe  1-58,text,true,,647,129,100,100,http://localhost:7000/randomRequest,893,0,0
1676158052679,619,HTTP Request,200,,Thread-Gruppe  1-80,text,true,,403,129,100,100,http://localhost:7000/randomRequest,619,0,1
1676158052684,621,HTTP Request,200,,Thread-Gruppe  1-42,text,true,,492,129,100,100,http://localhost:7000/randomRequest,621,0,0
1676158052698,620,HTTP Request,200,,Thread-Gruppe  1-14,text,true,,492,129,100,100,http://localhost:7000/randomRequest,620,0,1
1676158052302,1030,HTTP Request,200,,Thread-Gruppe  1-87,text,true,,562,129,100,100,http://localhost:7000/randomRequest,1030,0,0
1676158052712,642,HTTP Request,200,,Thread-Gruppe  1-16,text,true,,550,129,100,100,http://localhost:7000/randomRequest,642,0,1
1676158051991,1363,HTTP Request,200,,Thread-Gruppe  1-6,text,true,,553,129,100,100,http://localhost:7000/randomRequest,1363,0,1
1676158052132,1228,HTTP Request,200,,Thread-Gruppe  1-99,text,true,,647,129,100,100,http://localhost:7000/randomRequest,1228,0,0
1676158052884,518,HTTP Request,200,,Thread-Gruppe  1-92,text,true,,415,129,100,100,http://localhost:7000/randomRequest,518,0,0
1676158052712,720,HTTP Request,200,,Thread-Gruppe  1-93,text,true,,402,129,100,100,http://localhost:7000/randomRequest,720,0,1
1676158052816,616,HTTP Request,200,,Thread-Gruppe  1-12,text,true,,419,129,100,100,http://localhost:7000/randomRequest,616,0,1
1676158052608,824,HTTP Request,200,,Thread-Gruppe  1-54,text,true,,478,129,100,100,http://localhost:7000/randomRequest,824,0,1
1676158052429,1017,HTTP Request,200,,Thread-Gruppe  1-72,text,true,,524,129,100,100,http://localhost:7000/randomRequest,1017,0,0
1676158052730,722,HTTP Request,200,,Thread-Gruppe  1-7,text,true,,553,129,100,100,http://localhost:7000/randomRequest,722,0,1
1676158053046,412,HTTP Request,200,,Thread-Gruppe  1-30,text,true,,556,129,100,100,http://localhost:7000/randomRequest,412,0,0
1676158052632,826,HTTP Request,200,,Thread-Gruppe  1-40,text,true,,548,129,100,100,http://localhost:7000/randomRequest,826,0,1
1676158052942,516,HTTP Request,200,,Thread-Gruppe  1-81,text,true,,550,129,100,100,http://localhost:7000/randomRequest,516,0,0
1676158052970,523,HTTP Request,200,,Thread-Gruppe  1-32,text,true,,554,129,100,100,http://localhost:7000/randomRequest,523,0,0
1676158052752,741,HTTP Request,200,,Thread-Gruppe  1-24,text,true,,487,129,100,100,http://localhost:7000/randomRequest,741,0,0
1676158052989,514,HTTP Request,200,,Thread-Gruppe  1-46,text,true,,481,129,100,100,http://localhost:7000/randomRequest,514,0,0
1676158023459,30045,HTTP Request,500,,Thread-Gruppe  1-49,text,false,,258,129,100,100,http://localhost:7000/randomRequest,30045,0,1
1676158052176,1349,HTTP Request,200,,Thread-Gruppe  1-82,text,true,,633,129,100,100,http://localhost:7000/randomRequest,1349,0,0
1676158052176,1349,HTTP Request,200,,Thread-Gruppe  1-83,text,true,,527,129,100,100,http://localhost:7000/randomRequest,1349,0,0
1676158052816,716,HTTP Request,200,,Thread-Gruppe  1-44,text,true,,485,129,100,100,http://localhost:7000/randomRequest,716,0,1
1676158053166,416,HTTP Request,200,,Thread-Gruppe  1-59,text,true,,418,129,100,100,http://localhost:7000/randomRequest,416,0,1
1676158051987,1617,HTTP Request,200,,Thread-Gruppe  1-100,text,true,,540,129,100,100,http://localhost:7000/randomRequest,1617,0,0
1676158052698,906,HTTP Request,200,,Thread-Gruppe  1-5,text,true,,495,129,100,100,http://localhost:7000/randomRequest,906,0,1
1676158053098,511,HTTP Request,200,,Thread-Gruppe  1-91,text,true,,554,129,100,100,http://localhost:7000/randomRequest,511,0,1
1676158053110,515,HTTP Request,200,,Thread-Gruppe  1-17,text,true,,415,129,100,100,http://localhost:7000/randomRequest,515,0,0
1676158052103,1522,HTTP Request,200,,Thread-Gruppe  1-89,text,true,,643,129,100,100,http://localhost:7000/randomRequest,1522,0,0
1676158052904,721,HTTP Request,200,,Thread-Gruppe  1-57,text,true,,564,129,100,100,http://localhost:7000/randomRequest,721,0,0
1676158052816,817,HTTP Request,200,,Thread-Gruppe  1-47,text,true,,490,129,100,100,http://localhost:7000/randomRequest,817,0,1
1676158052329,1345,HTTP Request,200,,Thread-Gruppe  1-22,text,true,,418,129,100,100,http://localhost:7000/randomRequest,1345,0,0
1676158052920,785,HTTP Request,200,,Thread-Gruppe  1-55,text,true,,641,129,100,100,http://localhost:7000/randomRequest,785,0,1
1676158051865,1840,HTTP Request,200,,Thread-Gruppe  1-90,text,true,,492,129,100,100,http://localhost:7000/randomRequest,1840,0,0
1676158052816,921,HTTP Request,200,,Thread-Gruppe  1-27,text,true,,419,129,100,100,http://localhost:7000/randomRequest,921,0,1
1676158052405,1332,HTTP Request,200,,Thread-Gruppe  1-21,text,true,,490,129,100,100,http://localhost:7000/randomRequest,1332,0,0
1676158053041,696,HTTP Request,200,,Thread-Gruppe  1-39,text,true,,629,129,100,100,http://localhost:7000/randomRequest,696,0,1
1676158052174,1612,HTTP Request,200,,Thread-Gruppe  1-70,text,true,,541,129,100,100,http://localhost:7000/randomRequest,1612,0,0
1676158052481,1306,HTTP Request,200,,Thread-Gruppe  1-37,text,true,,537,129,100,100,http://localhost:7000/randomRequest,1306,0,1
1676158052859,928,HTTP Request,200,,Thread-Gruppe  1-19,text,true,,540,129,100,100,http://localhost:7000/randomRequest,928,0,0
1676158052869,918,HTTP Request,200,,Thread-Gruppe  1-77,text,true,,556,129,100,100,http://localhost:7000/randomRequest,918,0,0
1676158052602,1206,HTTP Request,200,,Thread-Gruppe  1-69,text,true,,537,129,100,100,http://localhost:7000/randomRequest,1206,0,1
1676158052884,924,HTTP Request,200,,Thread-Gruppe  1-3,text,true,,547,129,100,100,http://localhost:7000/randomRequest,924,0,0
1676158052885,923,HTTP Request,200,,Thread-Gruppe  1-45,text,true,,403,129,100,100,http://localhost:7000/randomRequest,923,0,0
1676158052475,1333,HTTP Request,200,,Thread-Gruppe  1-86,text,true,,488,129,100,100,http://localhost:7000/randomRequest,1333,0,0
1676158053215,616,HTTP Request,200,,Thread-Gruppe  1-64,text,true,,492,129,100,100,http://localhost:7000/randomRequest,616,0,0
1676158053215,616,HTTP Request,200,,Thread-Gruppe  1-8,text,true,,419,129,100,100,http://localhost:7000/randomRequest,616,0,0
1676158053239,616,HTTP Request,200,,Thread-Gruppe  1-56,text,true,,569,129,100,100,http://localhost:7000/randomRequest,616,0,1
1676158052834,1021,HTTP Request,200,,Thread-Gruppe  1-31,text,true,,419,129,100,100,http://localhost:7000/randomRequest,1021,0,1
1676158052839,1031,HTTP Request,200,,Thread-Gruppe  1-23,text,true,,548,129,100,100,http://localhost:7000/randomRequest,1031,0,1
1676158053156,725,HTTP Request,200,,Thread-Gruppe  1-61,text,true,,419,129,100,100,http://localhost:7000/randomRequest,725,0,0
1676158052869,1020,HTTP Request,200,,Thread-Gruppe  1-79,text,true,,485,129,100,100,http://localhost:7000/randomRequest,1020,0,0
1676158052869,1020,HTTP Request,200,,Thread-Gruppe  1-18,text,true,,419,129,100,100,http://localhost:7000/randomRequest,1020,0,0
1676158053298,611,HTTP Request,200,,Thread-Gruppe  1-58,text,true,,492,129,100,100,http://localhost:7000/randomRequest,611,0,1
1676158053172,737,HTTP Request,200,,Thread-Gruppe  1-25,text,true,,553,129,100,100,http://localhost:7000/randomRequest,737,0,0
1676158053432,497,HTTP Request,200,,Thread-Gruppe  1-54,text,true,,643,129,100,100,http://localhost:7000/randomRequest,497,0,1
1676158052816,1124,HTTP Request,200,,Thread-Gruppe  1-51,text,true,,403,129,100,100,http://localhost:7000/randomRequest,1124,0,1
1676158052201,1743,HTTP Request,200,,Thread-Gruppe  1-75,text,true,,527,129,100,100,http://localhost:7000/randomRequest,1743,0,1
1676158053022,922,HTTP Request,200,,Thread-Gruppe  1-20,text,true,,548,129,100,100,http://localhost:7000/randomRequest,922,0,0
1676158053230,725,HTTP Request,200,,Thread-Gruppe  1-71,text,true,,485,129,100,100,http://localhost:7000/randomRequest,725,0,0
1676158053230,725,HTTP Request,200,,Thread-Gruppe  1-2,text,true,,492,129,100,100,http://localhost:7000/randomRequest,725,0,0
1676158053402,591,HTTP Request,200,,Thread-Gruppe  1-92,text,true,,643,129,100,100,http://localhost:7000/randomRequest,591,0,0
1676158052959,1034,HTTP Request,200,,Thread-Gruppe  1-78,text,true,,549,129,100,100,http://localhost:7000/randomRequest,1034,0,0
1676158052884,1130,HTTP Request,200,,Thread-Gruppe  1-36,text,true,,481,129,100,100,http://localhost:7000/randomRequest,1130,0,0
1676158053197,851,HTTP Request,200,,Thread-Gruppe  1-60,text,true,,696,129,100,100,http://localhost:7000/randomRequest,851,0,1
1676158053458,618,HTTP Request,200,,Thread-Gruppe  1-40,text,true,,419,129,100,100,http://localhost:7000/randomRequest,618,0,1
1676158053147,931,HTTP Request,200,,Thread-Gruppe  1-52,text,true,,416,129,100,100,http://localhost:7000/randomRequest,931,0,1
1676158052959,1123,HTTP Request,200,,Thread-Gruppe  1-34,text,true,,643,129,100,100,http://localhost:7000/randomRequest,1123,0,0
1676158053674,408,HTTP Request,200,,Thread-Gruppe  1-22,text,true,,417,129,100,100,http://localhost:7000/randomRequest,408,0,0
1676158053276,821,HTTP Request,200,,Thread-Gruppe  1-76,text,true,,492,129,100,100,http://localhost:7000/randomRequest,821,0,0
1676158053705,414,HTTP Request,200,,Thread-Gruppe  1-55,text,true,,551,129,100,100,http://localhost:7000/randomRequest,414,0,0
1676158053215,918,HTTP Request,200,,Thread-Gruppe  1-28,text,true,,416,129,100,100,http://localhost:7000/randomRequest,918,0,0
1676158053215,918,HTTP Request,200,,Thread-Gruppe  1-38,text,true,,416,129,100,100,http://localhost:7000/randomRequest,918,0,0
1676158053525,609,HTTP Request,200,,Thread-Gruppe  1-83,text,true,,564,129,100,100,http://localhost:7000/randomRequest,609,0,1
1676158053633,519,HTTP Request,200,,Thread-Gruppe  1-47,text,true,,416,129,100,100,http://localhost:7000/randomRequest,519,0,0
1676158052920,1232,HTTP Request,200,,Thread-Gruppe  1-95,text,true,,492,129,100,100,http://localhost:7000/randomRequest,1232,0,1
1676158053432,720,HTTP Request,200,,Thread-Gruppe  1-93,text,true,,419,129,100,100,http://localhost:7000/randomRequest,720,0,1
1676158053142,1026,HTTP Request,200,,Thread-Gruppe  1-62,text,true,,418,129,100,100,http://localhost:7000/randomRequest,1026,0,0
1676158053040,1128,HTTP Request,200,,Thread-Gruppe  1-10,text,true,,403,129,100,100,http://localhost:7000/randomRequest,1128,0,0
1676158053360,825,HTTP Request,200,,Thread-Gruppe  1-99,text,true,,403,129,100,100,http://localhost:7000/randomRequest,825,0,1
1676158053276,926,HTTP Request,200,,Thread-Gruppe  1-65,text,true,,556,129,100,100,http://localhost:7000/randomRequest,926,0,0
1676158053493,726,HTTP Request,200,,Thread-Gruppe  1-24,text,true,,490,129,100,100,http://localhost:7000/randomRequest,726,0,0
1676158053298,921,HTTP Request,200,,Thread-Gruppe  1-80,text,true,,417,129,100,100,http://localhost:7000/randomRequest,921,0,1
1676158053098,1123,HTTP Request,200,,Thread-Gruppe  1-98,text,true,,492,129,100,100,http://localhost:7000/randomRequest,1123,0,1
1676158053504,717,HTTP Request,200,,Thread-Gruppe  1-49,text,true,,419,129,100,100,http://localhost:7000/randomRequest,717,0,1
1676158052405,1829,HTTP Request,200,,Thread-Gruppe  1-63,text,true,,644,129,100,100,http://localhost:7000/randomRequest,1829,0,0
1676158052934,1300,HTTP Request,200,,Thread-Gruppe  1-43,text,true,,537,129,100,100,http://localhost:7000/randomRequest,1300,0,1
1676158053319,933,HTTP Request,200,,Thread-Gruppe  1-14,text,true,,415,129,100,100,http://localhost:7000/randomRequest,933,0,0
1676158053738,520,HTTP Request,200,,Thread-Gruppe  1-21,text,true,,492,129,100,100,http://localhost:7000/randomRequest,520,0,0
1676158053230,1034,HTTP Request,200,,Thread-Gruppe  1-35,text,true,,557,129,100,100,http://localhost:7000/randomRequest,1034,0,0
1676158053452,824,HTTP Request,200,,Thread-Gruppe  1-7,text,true,,492,129,100,100,http://localhost:7000/randomRequest,824,0,0
1676158053252,1028,HTTP Request,200,,Thread-Gruppe  1-68,text,true,,492,129,100,100,http://localhost:7000/randomRequest,1028,0,1
1676158053354,926,HTTP Request,200,,Thread-Gruppe  1-6,text,true,,417,129,100,100,http://localhost:7000/randomRequest,926,0,1
1676158053263,1022,HTTP Request,200,,Thread-Gruppe  1-11,text,true,,535,129,100,100,http://localhost:7000/randomRequest,1022,0,0
1676158053582,723,HTTP Request,200,,Thread-Gruppe  1-59,text,true,,403,129,100,100,http://localhost:7000/randomRequest,723,0,1
1676158053609,715,HTTP Request,200,,Thread-Gruppe  1-91,text,true,,559,129,100,100,http://localhost:7000/randomRequest,715,0,0
1676158053626,710,HTTP Request,200,,Thread-Gruppe  1-57,text,true,,419,129,100,100,http://localhost:7000/randomRequest,710,0,0
1676158053532,824,HTTP Request,200,,Thread-Gruppe  1-44,text,true,,492,129,100,100,http://localhost:7000/randomRequest,824,0,0
1676158053354,1029,HTTP Request,200,,Thread-Gruppe  1-16,text,true,,418,129,100,100,http://localhost:7000/randomRequest,1029,0,1
1676158053808,617,HTTP Request,200,,Thread-Gruppe  1-45,text,true,,558,129,100,100,http://localhost:7000/randomRequest,617,0,1
1676158052712,1713,HTTP Request,200,,Thread-Gruppe  1-50,text,true,,643,129,100,100,http://localhost:7000/randomRequest,1713,0,1
1676158053604,822,HTTP Request,200,,Thread-Gruppe  1-100,text,true,,563,129,100,100,http://localhost:7000/randomRequest,822,0,0
1676158053525,916,HTTP Request,200,,Thread-Gruppe  1-82,text,true,,492,129,100,100,http://localhost:7000/randomRequest,916,0,1
1676158053626,815,HTTP Request,200,,Thread-Gruppe  1-17,text,true,,488,129,100,100,http://localhost:7000/randomRequest,815,0,0
1676158053432,1028,HTTP Request,200,,Thread-Gruppe  1-12,text,true,,417,129,100,100,http://localhost:7000/randomRequest,1028,0,1
1676158053738,727,HTTP Request,200,,Thread-Gruppe  1-27,text,true,,419,129,100,100,http://localhost:7000/randomRequest,727,0,0
1676158053332,1133,HTTP Request,200,,Thread-Gruppe  1-87,text,true,,490,129,100,100,http://localhost:7000/randomRequest,1133,0,0
1676158053306,1159,HTTP Request,200,,Thread-Gruppe  1-42,text,true,,668,129,100,100,http://localhost:7000/randomRequest,1159,0,0
1676158053230,1240,HTTP Request,200,,Thread-Gruppe  1-67,text,true,,492,129,100,100,http://localhost:7000/randomRequest,1240,0,0
1676158053446,1024,HTTP Request,200,,Thread-Gruppe  1-72,text,true,,492,129,100,100,http://localhost:7000/randomRequest,1024,0,1
1676158053870,614,HTTP Request,200,,Thread-Gruppe  1-23,text,true,,492,129,100,100,http://localhost:7000/randomRequest,614,0,1
1676158053196,1319,HTTP Request,200,,Thread-Gruppe  1-33,text,true,,541,129,100,100,http://localhost:7000/randomRequest,1319,0,1
1676158053855,660,HTTP Request,200,,Thread-Gruppe  1-56,text,true,,417,129,100,100,http://localhost:7000/randomRequest,660,0,1
1676158053196,1319,HTTP Request,200,,Thread-Gruppe  1-84,text,true,,643,129,100,100,http://localhost:7000/randomRequest,1319,0,1
1676158053889,626,HTTP Request,200,,Thread-Gruppe  1-18,text,true,,540,129,100,100,http://localhost:7000/randomRequest,626,0,1
1676158053787,728,HTTP Request,200,,Thread-Gruppe  1-19,text,true,,492,129,100,100,http://localhost:7000/randomRequest,728,0,0
1676158053808,717,HTTP Request,200,,Thread-Gruppe  1-86,text,true,,418,129,100,100,http://localhost:7000/randomRequest,717,0,1
1676158053705,823,HTTP Request,200,,Thread-Gruppe  1-90,text,true,,418,129,100,100,http://localhost:7000/randomRequest,823,0,0
1676158053808,721,HTTP Request,200,,Thread-Gruppe  1-69,text,true,,488,129,100,100,http://localhost:7000/randomRequest,721,0,1
1676158053831,712,HTTP Request,200,,Thread-Gruppe  1-8,text,true,,488,129,100,100,http://localhost:7000/randomRequest,712,0,1
1676158053626,917,HTTP Request,200,,Thread-Gruppe  1-89,text,true,,548,129,100,100,http://localhost:7000/randomRequest,917,0,0
1676158053458,1130,HTTP Request,200,,Thread-Gruppe  1-30,text,true,,492,129,100,100,http://localhost:7000/randomRequest,1130,0,1
1676158053503,1095,HTTP Request,200,,Thread-Gruppe  1-46,text,true,,527,129,100,100,http://localhost:7000/randomRequest,1095,0,0
1676158053787,825,HTTP Request,200,,Thread-Gruppe  1-37,text,true,,418,129,100,100,http://localhost:7000/randomRequest,825,0,0
1676158053910,716,HTTP Request,200,,Thread-Gruppe  1-25,text,true,,418,129,100,100,http://localhost:7000/randomRequest,716,0,0
1676158053738,894,HTTP Request,200,,Thread-Gruppe  1-39,text,true,,647,129,100,100,http://localhost:7000/randomRequest,894,0,0
1676158054133,519,HTTP Request,200,,Thread-Gruppe  1-38,text,true,,553,129,100,100,http://localhost:7000/randomRequest,519,0,0
1676158053246,1422,HTTP Request,200,,Thread-Gruppe  1-9,text,true,,643,129,100,100,http://localhost:7000/randomRequest,1422,0,1
1676158053944,726,HTTP Request,200,,Thread-Gruppe  1-75,text,true,,419,129,100,100,http://localhost:7000/randomRequest,726,0,0
1676158053889,787,HTTP Request,200,,Thread-Gruppe  1-79,text,true,,645,129,100,100,http://localhost:7000/randomRequest,787,0,1
1676158053881,829,HTTP Request,200,,Thread-Gruppe  1-61,text,true,,419,129,100,100,http://localhost:7000/randomRequest,829,0,1
1676158053993,723,HTTP Request,200,,Thread-Gruppe  1-92,text,true,,548,129,100,100,http://localhost:7000/randomRequest,723,0,0
1676158054220,512,HTTP Request,200,,Thread-Gruppe  1-80,text,true,,418,129,100,100,http://localhost:7000/randomRequest,512,0,0
1676158053276,1456,HTTP Request,200,,Thread-Gruppe  1-88,text,true,,551,129,100,100,http://localhost:7000/randomRequest,1456,0,0
1676158054305,427,HTTP Request,200,,Thread-Gruppe  1-59,text,true,,417,129,100,100,http://localhost:7000/randomRequest,427,0,0
1676158053604,1128,HTTP Request,200,,Thread-Gruppe  1-5,text,true,,403,129,100,100,http://localhost:7000/randomRequest,1128,0,0
1676158054119,613,HTTP Request,200,,Thread-Gruppe  1-55,text,true,,416,129,100,100,http://localhost:7000/randomRequest,613,0,0
1676158054221,540,HTTP Request,200,,Thread-Gruppe  1-98,text,true,,566,129,100,100,http://localhost:7000/randomRequest,540,0,1
1676158053940,828,HTTP Request,200,,Thread-Gruppe  1-51,text,true,,419,129,100,100,http://localhost:7000/randomRequest,828,0,0
1676158053955,821,HTTP Request,200,,Thread-Gruppe  1-2,text,true,,555,129,100,100,http://localhost:7000/randomRequest,821,0,1
1676158053855,925,HTTP Request,200,,Thread-Gruppe  1-31,text,true,,418,129,100,100,http://localhost:7000/randomRequest,925,0,1
1676158054097,722,HTTP Request,200,,Thread-Gruppe  1-76,text,true,,418,129,100,100,http://localhost:7000/randomRequest,722,0,0
1676158054202,617,HTTP Request,200,,Thread-Gruppe  1-65,text,true,,416,129,100,100,http://localhost:7000/randomRequest,617,0,0
1676158053787,1032,HTTP Request,200,,Thread-Gruppe  1-77,text,true,,492,129,100,100,http://localhost:7000/randomRequest,1032,0,0
1676158053493,1338,HTTP Request,200,,Thread-Gruppe  1-32,text,true,,489,129,100,100,http://localhost:7000/randomRequest,1338,0,0
1676158054014,817,HTTP Request,200,,Thread-Gruppe  1-36,text,true,,419,129,100,100,http://localhost:7000/randomRequest,817,0,0
1676158053910,923,HTTP Request,200,,Thread-Gruppe  1-58,text,true,,419,129,100,100,http://localhost:7000/randomRequest,923,0,0
1676158053808,1025,HTTP Request,200,,Thread-Gruppe  1-3,text,true,,492,129,100,100,http://localhost:7000/randomRequest,1025,0,1
1676158054325,508,HTTP Request,200,,Thread-Gruppe  1-91,text,true,,419,129,100,100,http://localhost:7000/randomRequest,508,0,0
1676158053831,1021,HTTP Request,200,,Thread-Gruppe  1-64,text,true,,492,129,100,100,http://localhost:7000/randomRequest,1021,0,1
1676158052919,1951,HTTP Request,200,,Thread-Gruppe  1-94,text,true,,488,129,100,100,http://localhost:7000/randomRequest,1951,0,0
1676158054152,719,HTTP Request,200,,Thread-Gruppe  1-47,text,true,,545,129,100,100,http://localhost:7000/randomRequest,719,0,0
1676158054048,823,HTTP Request,200,,Thread-Gruppe  1-60,text,true,,488,129,100,100,http://localhost:7000/randomRequest,823,0,0
1676158054152,719,HTTP Request,200,,Thread-Gruppe  1-93,text,true,,485,129,100,100,http://localhost:7000/randomRequest,719,0,0
1676158053955,916,HTTP Request,200,,Thread-Gruppe  1-71,text,true,,492,129,100,100,http://localhost:7000/randomRequest,916,0,1
1676158054169,707,HTTP Request,200,,Thread-Gruppe  1-62,text,true,,419,129,100,100,http://localhost:7000/randomRequest,707,0,0
1676158053458,1418,HTTP Request,200,,Thread-Gruppe  1-81,text,true,,541,129,100,100,http://localhost:7000/randomRequest,1418,0,1
1676158054280,617,HTTP Request,200,,Thread-Gruppe  1-68,text,true,,419,129,100,100,http://localhost:7000/randomRequest,617,0,1
1676158054276,622,HTTP Request,200,,Thread-Gruppe  1-7,text,true,,492,129,100,100,http://localhost:7000/randomRequest,622,0,0
1676158054078,827,HTTP Request,200,,Thread-Gruppe  1-52,text,true,,555,129,100,100,http://localhost:7000/randomRequest,827,0,1
1676158054425,508,HTTP Request,200,,Thread-Gruppe  1-45,text,true,,418,129,100,100,http://localhost:7000/randomRequest,508,0,0
1676158054441,515,HTTP Request,200,,Thread-Gruppe  1-17,text,true,,419,129,100,100,http://localhost:7000/randomRequest,515,0,0
1676158054234,727,HTTP Request,200,,Thread-Gruppe  1-43,text,true,,547,129,100,100,http://localhost:7000/randomRequest,727,0,0
1676158054133,828,HTTP Request,200,,Thread-Gruppe  1-28,text,true,,492,129,100,100,http://localhost:7000/randomRequest,828,0,0
1676158054465,512,HTTP Request,200,,Thread-Gruppe  1-87,text,true,,551,129,100,100,http://localhost:7000/randomRequest,512,0,0
1676158054258,719,HTTP Request,200,,Thread-Gruppe  1-21,text,true,,548,129,100,100,http://localhost:7000/randomRequest,719,0,0
1676158054383,620,HTTP Request,200,,Thread-Gruppe  1-16,text,true,,570,129,100,100,http://localhost:7000/randomRequest,620,0,0
1676158054285,725,HTTP Request,200,,Thread-Gruppe  1-11,text,true,,490,129,100,100,http://localhost:7000/randomRequest,725,0,1
1676158054515,512,HTTP Request,200,,Thread-Gruppe  1-33,text,true,,548,129,100,100,http://localhost:7000/randomRequest,512,0,1
1676158053993,1034,HTTP Request,200,,Thread-Gruppe  1-78,text,true,,492,129,100,100,http://localhost:7000/randomRequest,1034,0,0
1676158053225,1809,HTTP Request,200,,Thread-Gruppe  1-97,text,true,,537,129,100,100,http://localhost:7000/randomRequest,1809,0,0
1676158054528,506,HTTP Request,200,,Thread-Gruppe  1-90,text,true,,485,129,100,100,http://localhost:7000/randomRequest,506,0,0
1676158054441,616,HTTP Request,200,,Thread-Gruppe  1-82,text,true,,492,129,100,100,http://localhost:7000/randomRequest,616,0,0
1676158054336,743,HTTP Request,200,,Thread-Gruppe  1-57,text,true,,549,129,100,100,http://localhost:7000/randomRequest,743,0,1
1676158054076,1003,HTTP Request,200,,Thread-Gruppe  1-40,text,true,,643,129,100,100,http://localhost:7000/randomRequest,1003,0,0
1676158054465,617,HTTP Request,200,,Thread-Gruppe  1-27,text,true,,546,129,100,100,http://localhost:7000/randomRequest,617,0,0
1676158054470,612,HTTP Request,200,,Thread-Gruppe  1-72,text,true,,416,129,100,100,http://localhost:7000/randomRequest,612,0,1
1676158054185,926,HTTP Request,200,,Thread-Gruppe  1-99,text,true,,403,129,100,100,http://localhost:7000/randomRequest,926,0,0
1676158054598,513,HTTP Request,200,,Thread-Gruppe  1-46,text,true,,485,129,100,100,http://localhost:7000/randomRequest,513,0,0
1676158054221,899,HTTP Request,200,,Thread-Gruppe  1-49,text,true,,643,129,100,100,http://localhost:7000/randomRequest,899,0,1
1676158054515,616,HTTP Request,200,,Thread-Gruppe  1-19,text,true,,490,129,100,100,http://localhost:7000/randomRequest,616,0,1
1676158054732,417,HTTP Request,200,,Thread-Gruppe  1-88,text,true,,419,129,100,100,http://localhost:7000/randomRequest,417,0,1
1676158054234,926,HTTP Request,200,,Thread-Gruppe  1-63,text,true,,418,129,100,100,http://localhost:7000/randomRequest,926,0,0
1676158054264,919,HTTP Request,200,,Thread-Gruppe  1-35,text,true,,492,129,100,100,http://localhost:7000/randomRequest,919,0,0
1676158053230,1953,HTTP Request,200,,Thread-Gruppe  1-26,text,true,,536,129,100,100,http://localhost:7000/randomRequest,1953,0,0
1676158054484,726,HTTP Request,200,,Thread-Gruppe  1-23,text,true,,556,129,100,100,http://localhost:7000/randomRequest,726,0,0
1676158054280,930,HTTP Request,200,,Thread-Gruppe  1-6,text,true,,403,129,100,100,http://localhost:7000/randomRequest,930,0,1
1676158053787,1423,HTTP Request,200,,Thread-Gruppe  1-70,text,true,,633,129,100,100,http://localhost:7000/randomRequest,1423,0,0
1676158054529,713,HTTP Request,200,,Thread-Gruppe  1-69,text,true,,488,129,100,100,http://localhost:7000/randomRequest,713,0,0
1676158054220,1022,HTTP Request,200,,Thread-Gruppe  1-24,text,true,,492,129,100,100,http://localhost:7000/randomRequest,1022,0,0
1676158054525,717,HTTP Request,200,,Thread-Gruppe  1-86,text,true,,571,129,100,100,http://localhost:7000/randomRequest,717,0,0
1676158054425,817,HTTP Request,200,,Thread-Gruppe  1-50,text,true,,492,129,100,100,http://localhost:7000/randomRequest,817,0,0
1676158054732,521,HTTP Request,200,,Thread-Gruppe  1-59,text,true,,417,129,100,100,http://localhost:7000/randomRequest,521,0,1
1676158054134,1139,HTTP Request,200,,Thread-Gruppe  1-83,text,true,,492,129,100,100,http://localhost:7000/randomRequest,1139,0,0
1676158054668,617,HTTP Request,200,,Thread-Gruppe  1-9,text,true,,553,129,100,100,http://localhost:7000/randomRequest,617,0,1
1676158054710,617,HTTP Request,200,,Thread-Gruppe  1-61,text,true,,567,129,100,100,http://localhost:7000/randomRequest,617,0,0
1676158054819,519,HTTP Request,200,,Thread-Gruppe  1-76,text,true,,553,129,100,100,http://localhost:7000/randomRequest,519,0,0
1676158054426,920,HTTP Request,200,,Thread-Gruppe  1-100,text,true,,547,129,100,100,http://localhost:7000/randomRequest,920,0,0
1676158054833,519,HTTP Request,200,,Thread-Gruppe  1-58,text,true,,419,129,100,100,http://localhost:7000/randomRequest,519,0,0
1676158054732,626,HTTP Request,200,,Thread-Gruppe  1-5,text,true,,419,129,100,100,http://localhost:7000/randomRequest,626,0,1
1676158054152,1216,HTTP Request,200,,Thread-Gruppe  1-95,text,true,,537,129,100,100,http://localhost:7000/randomRequest,1216,0,0
1676158054652,722,HTTP Request,200,,Thread-Gruppe  1-38,text,true,,490,129,100,100,http://localhost:7000/randomRequest,722,0,0
1676158054169,1205,HTTP Request,200,,Thread-Gruppe  1-10,text,true,,525,129,100,100,http://localhost:7000/randomRequest,1205,0,0
1676158054761,620,HTTP Request,200,,Thread-Gruppe  1-98,text,true,,419,129,100,100,http://localhost:7000/randomRequest,620,0,0
1676158054871,519,HTTP Request,200,,Thread-Gruppe  1-93,text,true,,542,129,100,100,http://localhost:7000/randomRequest,519,0,0
1676158054082,1336,HTTP Request,200,,Thread-Gruppe  1-22,text,true,,643,129,100,100,http://localhost:7000/randomRequest,1336,0,0
1676158054515,926,HTTP Request,200,,Thread-Gruppe  1-56,text,true,,418,129,100,100,http://localhost:7000/randomRequest,926,0,1
1676158054612,829,HTTP Request,200,,Thread-Gruppe  1-37,text,true,,560,129,100,100,http://localhost:7000/randomRequest,829,0,0
1676158053929,1520,HTTP Request,200,,Thread-Gruppe  1-54,text,true,,643,129,100,100,http://localhost:7000/randomRequest,1520,0,1
1676158054626,823,HTTP Request,200,,Thread-Gruppe  1-25,text,true,,481,129,100,100,http://localhost:7000/randomRequest,823,0,0
1676158054543,927,HTTP Request,200,,Thread-Gruppe  1-89,text,true,,485,129,100,100,http://localhost:7000/randomRequest,927,0,1
1676158054768,725,HTTP Request,200,,Thread-Gruppe  1-51,text,true,,490,129,100,100,http://localhost:7000/randomRequest,725,0,1
1676158054082,1411,HTTP Request,200,,Thread-Gruppe  1-34,text,true,,541,129,100,100,http://localhost:7000/randomRequest,1411,0,0
1676158054876,617,HTTP Request,200,,Thread-Gruppe  1-81,text,true,,490,129,100,100,http://localhost:7000/randomRequest,617,0,0
1676158054776,726,HTTP Request,200,,Thread-Gruppe  1-2,text,true,,401,129,100,100,http://localhost:7000/randomRequest,726,0,0
1676158054905,630,HTTP Request,200,,Thread-Gruppe  1-52,text,true,,419,129,100,100,http://localhost:7000/randomRequest,630,0,0
1676158054819,725,HTTP Request,200,,Thread-Gruppe  1-65,text,true,,419,129,100,100,http://localhost:7000/randomRequest,725,0,0
1676158053944,1608,HTTP Request,200,,Thread-Gruppe  1-20,text,true,,527,129,100,100,http://localhost:7000/randomRequest,1608,0,0
1676158054831,721,HTTP Request,200,,Thread-Gruppe  1-36,text,true,,492,129,100,100,http://localhost:7000/randomRequest,721,0,0
1676158054833,727,HTTP Request,200,,Thread-Gruppe  1-3,text,true,,492,129,100,100,http://localhost:7000/randomRequest,727,0,0
1676158054732,828,HTTP Request,200,,Thread-Gruppe  1-80,text,true,,403,129,100,100,http://localhost:7000/randomRequest,828,0,1
1676158054543,1029,HTTP Request,200,,Thread-Gruppe  1-8,text,true,,481,129,100,100,http://localhost:7000/randomRequest,1029,0,1
1676158055057,515,HTTP Request,200,,Thread-Gruppe  1-82,text,true,,419,129,100,100,http://localhost:7000/randomRequest,515,0,0
1676158054956,618,HTTP Request,200,,Thread-Gruppe  1-17,text,true,,492,129,100,100,http://localhost:7000/randomRequest,618,0,1
1676158055079,519,HTTP Request,200,,Thread-Gruppe  1-57,text,true,,419,129,100,100,http://localhost:7000/randomRequest,519,0,0
1676158054460,1138,HTTP Request,200,,Thread-Gruppe  1-12,text,true,,492,129,100,100,http://localhost:7000/randomRequest,1138,0,1
1676158054978,620,HTTP Request,200,,Thread-Gruppe  1-21,text,true,,419,129,100,100,http://localhost:7000/randomRequest,620,0,0
1676158054871,727,HTTP Request,200,,Thread-Gruppe  1-71,text,true,,419,129,100,100,http://localhost:7000/randomRequest,727,0,1
1676158054871,727,HTTP Request,200,,Thread-Gruppe  1-47,text,true,,492,129,100,100,http://localhost:7000/randomRequest,727,0,0
1676158055082,520,HTTP Request,200,,Thread-Gruppe  1-27,text,true,,415,129,100,100,http://localhost:7000/randomRequest,520,0,0
1676158054676,930,HTTP Request,200,,Thread-Gruppe  1-79,text,true,,492,129,100,100,http://localhost:7000/randomRequest,930,0,0
1676158054898,721,HTTP Request,200,,Thread-Gruppe  1-7,text,true,,568,129,100,100,http://localhost:7000/randomRequest,721,0,0
1676158054588,1031,HTTP Request,200,,Thread-Gruppe  1-30,text,true,,556,129,100,100,http://localhost:7000/randomRequest,1031,0,1
1676158054670,949,HTTP Request,200,,Thread-Gruppe  1-75,text,true,,417,129,100,100,http://localhost:7000/randomRequest,949,0,1
1676158055111,522,HTTP Request,200,,Thread-Gruppe  1-46,text,true,,415,129,100,100,http://localhost:7000/randomRequest,522,0,0
1676158055010,626,HTTP Request,200,,Thread-Gruppe  1-11,text,true,,485,129,100,100,http://localhost:7000/randomRequest,626,0,1
1676158054632,1004,HTTP Request,200,,Thread-Gruppe  1-39,text,true,,633,129,100,100,http://localhost:7000/randomRequest,1004,0,0
1676158054819,829,HTTP Request,200,,Thread-Gruppe  1-77,text,true,,548,129,100,100,http://localhost:7000/randomRequest,829,0,0
1676158055027,625,HTTP Request,200,,Thread-Gruppe  1-33,text,true,,485,129,100,100,http://localhost:7000/randomRequest,625,0,0
1676158055027,625,HTTP Request,200,,Thread-Gruppe  1-78,text,true,,418,129,100,100,http://localhost:7000/randomRequest,625,0,0
1676158054515,1137,HTTP Request,200,,Thread-Gruppe  1-84,text,true,,492,129,100,100,http://localhost:7000/randomRequest,1137,0,1
1676158055242,415,HTTP Request,200,,Thread-Gruppe  1-24,text,true,,419,129,100,100,http://localhost:7000/randomRequest,415,0,0
1676158055034,625,HTTP Request,200,,Thread-Gruppe  1-90,text,true,,539,129,100,100,http://localhost:7000/randomRequest,625,0,1
1676158054252,1413,HTTP Request,200,,Thread-Gruppe  1-14,text,true,,537,129,100,100,http://localhost:7000/randomRequest,1413,0,0
1676158054852,826,HTTP Request,200,,Thread-Gruppe  1-64,text,true,,557,129,100,100,http://localhost:7000/randomRequest,826,0,0
1676158054978,722,HTTP Request,200,,Thread-Gruppe  1-87,text,true,,557,129,100,100,http://localhost:7000/randomRequest,722,0,0
1676158054876,826,HTTP Request,200,,Thread-Gruppe  1-62,text,true,,489,129,100,100,http://localhost:7000/randomRequest,826,0,0
1676158055082,623,HTTP Request,200,,Thread-Gruppe  1-72,text,true,,558,129,100,100,http://localhost:7000/randomRequest,623,0,0
1676158054871,850,HTTP Request,200,,Thread-Gruppe  1-60,text,true,,417,129,100,100,http://localhost:7000/randomRequest,850,0,0
1676158055210,513,HTTP Request,200,,Thread-Gruppe  1-23,text,true,,555,129,100,100,http://localhost:7000/randomRequest,513,0,0
1676158054356,1397,HTTP Request,200,,Thread-Gruppe  1-44,text,true,,527,129,100,100,http://localhost:7000/randomRequest,1397,0,0
1676158054780,1001,HTTP Request,200,,Thread-Gruppe  1-31,text,true,,481,129,100,100,http://localhost:7000/randomRequest,1001,0,0
1676158055183,619,HTTP Request,200,,Thread-Gruppe  1-26,text,true,,492,129,100,100,http://localhost:7000/randomRequest,619,0,0
1676158054470,1332,HTTP Request,200,,Thread-Gruppe  1-67,text,true,,527,129,100,100,http://localhost:7000/randomRequest,1332,0,1
1676158054716,1109,HTTP Request,200,,Thread-Gruppe  1-92,text,true,,526,129,100,100,http://localhost:7000/randomRequest,1109,0,1
1676158055003,822,HTTP Request,200,,Thread-Gruppe  1-16,text,true,,485,129,100,100,http://localhost:7000/randomRequest,822,0,0
1676158055120,721,HTTP Request,200,,Thread-Gruppe  1-49,text,true,,492,129,100,100,http://localhost:7000/randomRequest,721,0,0
1676158054732,1109,HTTP Request,200,,Thread-Gruppe  1-55,text,true,,633,129,100,100,http://localhost:7000/randomRequest,1109,0,1
1676158055338,515,HTTP Request,200,,Thread-Gruppe  1-76,text,true,,557,129,100,100,http://localhost:7000/randomRequest,515,0,0
1676158055242,617,HTTP Request,200,,Thread-Gruppe  1-69,text,true,,548,129,100,100,http://localhost:7000/randomRequest,617,0,0
1676158055034,827,HTTP Request,200,,Thread-Gruppe  1-97,text,true,,488,129,100,100,http://localhost:7000/randomRequest,827,0,1
1676158055242,620,HTTP Request,200,,Thread-Gruppe  1-50,text,true,,561,129,100,100,http://localhost:7000/randomRequest,620,0,0
1676158055160,716,HTTP Request,200,,Thread-Gruppe  1-63,text,true,,490,129,100,100,http://localhost:7000/randomRequest,716,0,0
1676158054515,1361,HTTP Request,200,,Thread-Gruppe  1-18,text,true,,567,129,100,100,http://localhost:7000/randomRequest,1361,0,1
1676158054961,935,HTTP Request,200,,Thread-Gruppe  1-28,text,true,,403,129,100,100,http://localhost:7000/randomRequest,935,0,0
1676158054833,1107,HTTP Request,200,,Thread-Gruppe  1-91,text,true,,541,129,100,100,http://localhost:7000/randomRequest,1107,0,0
1676158054897,1059,HTTP Request,200,,Thread-Gruppe  1-68,text,true,,417,129,100,100,http://localhost:7000/randomRequest,1059,0,1
1676158055346,614,HTTP Request,200,,Thread-Gruppe  1-100,text,true,,557,129,100,100,http://localhost:7000/randomRequest,614,0,0
1676158055253,745,HTTP Request,200,,Thread-Gruppe  1-59,text,true,,562,129,100,100,http://localhost:7000/randomRequest,745,0,0
1676158054961,1037,HTTP Request,200,,Thread-Gruppe  1-43,text,true,,490,129,100,100,http://localhost:7000/randomRequest,1037,0,0
1676158055493,517,HTTP Request,200,,Thread-Gruppe  1-34,text,true,,557,129,100,100,http://localhost:7000/randomRequest,517,0,0
1676158055285,726,HTTP Request,200,,Thread-Gruppe  1-9,text,true,,419,129,100,100,http://localhost:7000/randomRequest,726,0,0
1676158055535,515,HTTP Request,200,,Thread-Gruppe  1-52,text,true,,553,129,100,100,http://localhost:7000/randomRequest,515,0,1
1676158055449,607,HTTP Request,200,,Thread-Gruppe  1-54,text,true,,419,129,100,100,http://localhost:7000/randomRequest,607,0,0
1676158054933,1141,HTTP Request,200,,Thread-Gruppe  1-45,text,true,,643,129,100,100,http://localhost:7000/randomRequest,1141,0,0
1676158055369,711,HTTP Request,200,,Thread-Gruppe  1-95,text,true,,492,129,100,100,http://localhost:7000/randomRequest,711,0,0
1676158054831,1301,HTTP Request,200,,Thread-Gruppe  1-32,text,true,,537,129,100,100,http://localhost:7000/randomRequest,1301,0,0
1676158055418,714,HTTP Request,200,,Thread-Gruppe  1-22,text,true,,481,129,100,100,http://localhost:7000/randomRequest,714,0,1
1676158055132,1037,HTTP Request,200,,Thread-Gruppe  1-19,text,true,,492,129,100,100,http://localhost:7000/randomRequest,1037,0,0
1676158055352,823,HTTP Request,200,,Thread-Gruppe  1-58,text,true,,403,129,100,100,http://localhost:7000/randomRequest,823,0,0
1676158055470,710,HTTP Request,200,,Thread-Gruppe  1-89,text,true,,416,129,100,100,http://localhost:7000/randomRequest,710,0,1
1676158055183,997,HTTP Request,200,,Thread-Gruppe  1-35,text,true,,643,129,100,100,http://localhost:7000/randomRequest,997,0,0
1676158055079,1105,HTTP Request,200,,Thread-Gruppe  1-40,text,true,,647,129,100,100,http://localhost:7000/randomRequest,1105,0,0
1676158055358,826,HTTP Request,200,,Thread-Gruppe  1-5,text,true,,481,129,100,100,http://localhost:7000/randomRequest,826,0,0
1676158055560,624,HTTP Request,200,,Thread-Gruppe  1-3,text,true,,485,129,100,100,http://localhost:7000/randomRequest,624,0,1
1676158055441,743,HTTP Request,200,,Thread-Gruppe  1-37,text,true,,417,129,100,100,http://localhost:7000/randomRequest,743,0,1
1676158055598,620,HTTP Request,200,,Thread-Gruppe  1-71,text,true,,566,129,100,100,http://localhost:7000/randomRequest,620,0,1
1676158055493,725,HTTP Request,200,,Thread-Gruppe  1-81,text,true,,492,129,100,100,http://localhost:7000/randomRequest,725,0,0
1676158054870,1359,HTTP Request,200,,Thread-Gruppe  1-94,text,true,,527,129,100,100,http://localhost:7000/randomRequest,1359,0,0
1676158055390,839,HTTP Request,200,,Thread-Gruppe  1-93,text,true,,678,129,100,100,http://localhost:7000/randomRequest,839,0,0
1676158055606,635,HTTP Request,200,,Thread-Gruppe  1-79,text,true,,674,129,100,100,http://localhost:7000/randomRequest,635,0,0
1676158055636,620,HTTP Request,200,,Thread-Gruppe  1-11,text,true,,416,129,100,100,http://localhost:7000/randomRequest,620,0,0
1676158055273,999,HTTP Request,200,,Thread-Gruppe  1-83,text,true,,647,129,100,100,http://localhost:7000/randomRequest,999,0,0
1676158055552,720,HTTP Request,200,,Thread-Gruppe  1-20,text,true,,559,129,100,100,http://localhost:7000/randomRequest,720,0,0
1676158055652,626,HTTP Request,200,,Thread-Gruppe  1-33,text,true,,554,129,100,100,http://localhost:7000/randomRequest,626,0,0
1676158055544,741,HTTP Request,200,,Thread-Gruppe  1-65,text,true,,417,129,100,100,http://localhost:7000/randomRequest,741,0,0
1676158054465,1820,HTTP Request,200,,Thread-Gruppe  1-42,text,true,,525,129,100,100,http://localhost:7000/randomRequest,1820,0,0
1676158055441,844,HTTP Request,200,,Thread-Gruppe  1-56,text,true,,417,129,100,100,http://localhost:7000/randomRequest,844,0,1
1676158055652,633,HTTP Request,200,,Thread-Gruppe  1-78,text,true,,679,129,100,100,http://localhost:7000/randomRequest,633,0,0
1676158055598,722,HTTP Request,200,,Thread-Gruppe  1-47,text,true,,556,129,100,100,http://localhost:7000/randomRequest,722,0,1
1676158055502,823,HTTP Request,200,,Thread-Gruppe  1-2,text,true,,492,129,100,100,http://localhost:7000/randomRequest,823,0,0
1676158055705,620,HTTP Request,200,,Thread-Gruppe  1-72,text,true,,419,129,100,100,http://localhost:7000/randomRequest,620,0,0
1676158055619,715,HTTP Request,200,,Thread-Gruppe  1-75,text,true,,537,129,100,100,http://localhost:7000/randomRequest,715,0,0
1676158055636,722,HTTP Request,200,,Thread-Gruppe  1-39,text,true,,492,129,100,100,http://localhost:7000/randomRequest,722,0,0
1676158055841,517,HTTP Request,200,,Thread-Gruppe  1-49,text,true,,419,129,100,100,http://localhost:7000/randomRequest,517,0,1
1676158055648,713,HTTP Request,200,,Thread-Gruppe  1-77,text,true,,558,129,100,100,http://localhost:7000/randomRequest,713,0,0
1676158055753,609,HTTP Request,200,,Thread-Gruppe  1-44,text,true,,403,129,100,100,http://localhost:7000/randomRequest,609,0,0
1676158055652,718,HTTP Request,200,,Thread-Gruppe  1-84,text,true,,419,129,100,100,http://localhost:7000/randomRequest,718,0,0
1676158055657,725,HTTP Request,200,,Thread-Gruppe  1-24,text,true,,403,129,100,100,http://localhost:7000/randomRequest,725,0,0
1676158055659,724,HTTP Request,200,,Thread-Gruppe  1-90,text,true,,492,129,100,100,http://localhost:7000/randomRequest,724,0,0
1676158055572,817,HTTP Request,200,,Thread-Gruppe  1-8,text,true,,485,129,100,100,http://localhost:7000/randomRequest,817,0,0
1676158055560,829,HTTP Request,200,,Thread-Gruppe  1-80,text,true,,571,129,100,100,http://localhost:7000/randomRequest,829,0,1
1676158055572,817,HTTP Request,200,,Thread-Gruppe  1-82,text,true,,711,129,100,100,http://localhost:7000/randomRequest,817,0,0
1676158055678,727,HTTP Request,200,,Thread-Gruppe  1-64,text,true,,559,129,100,100,http://localhost:7000/randomRequest,727,0,1
1676158055374,1036,HTTP Request,200,,Thread-Gruppe  1-38,text,true,,492,129,100,100,http://localhost:7000/randomRequest,1036,0,0
1676158055896,514,HTTP Request,200,,Thread-Gruppe  1-28,text,true,,418,129,100,100,http://localhost:7000/randomRequest,514,0,0
1676158055598,827,HTTP Request,200,,Thread-Gruppe  1-57,text,true,,415,129,100,100,http://localhost:7000/randomRequest,827,0,1
1676158055111,1317,HTTP Request,200,,Thread-Gruppe  1-99,text,true,,527,129,100,100,http://localhost:7000/randomRequest,1317,0,0
1676158055723,711,HTTP Request,200,,Thread-Gruppe  1-23,text,true,,492,129,100,100,http://localhost:7000/randomRequest,711,0,0
1676158055721,713,HTTP Request,200,,Thread-Gruppe  1-60,text,true,,490,129,100,100,http://localhost:7000/randomRequest,713,0,0
1676158055210,1249,HTTP Request,200,,Thread-Gruppe  1-6,text,true,,684,129,100,100,http://localhost:7000/randomRequest,1249,0,0
1676158055861,617,HTTP Request,200,,Thread-Gruppe  1-97,text,true,,558,129,100,100,http://localhost:7000/randomRequest,617,0,1
1676158055150,1334,HTTP Request,200,,Thread-Gruppe  1-88,text,true,,492,129,100,100,http://localhost:7000/randomRequest,1334,0,0
1676158056184,308,HTTP Request,200,,Thread-Gruppe  1-37,text,true,,552,129,100,100,http://localhost:7000/randomRequest,308,0,0
1676158055598,927,HTTP Request,200,,Thread-Gruppe  1-12,text,true,,492,129,100,100,http://localhost:7000/randomRequest,927,0,1
1676158055242,1315,HTTP Request,200,,Thread-Gruppe  1-86,text,true,,527,129,100,100,http://localhost:7000/randomRequest,1315,0,0
1676158055859,715,HTTP Request,200,,Thread-Gruppe  1-69,text,true,,485,129,100,100,http://localhost:7000/randomRequest,715,0,0
1676158055999,619,HTTP Request,200,,Thread-Gruppe  1-59,text,true,,490,129,100,100,http://localhost:7000/randomRequest,619,0,0
1676158055382,1243,HTTP Request,200,,Thread-Gruppe  1-98,text,true,,527,129,100,100,http://localhost:7000/randomRequest,1243,0,0
1676158055802,831,HTTP Request,200,,Thread-Gruppe  1-67,text,true,,492,129,100,100,http://localhost:7000/randomRequest,831,0,0
1676158055619,1020,HTTP Request,200,,Thread-Gruppe  1-7,text,true,,545,129,100,100,http://localhost:7000/randomRequest,1020,0,0
1676158056132,513,HTTP Request,200,,Thread-Gruppe  1-32,text,true,,419,129,100,100,http://localhost:7000/randomRequest,513,0,1
1676158055841,823,HTTP Request,200,,Thread-Gruppe  1-55,text,true,,492,129,100,100,http://localhost:7000/randomRequest,823,0,1
1676158055552,1130,HTTP Request,200,,Thread-Gruppe  1-36,text,true,,566,129,100,100,http://localhost:7000/randomRequest,1130,0,0
1676158056180,519,HTTP Request,200,,Thread-Gruppe  1-35,text,true,,419,129,100,100,http://localhost:7000/randomRequest,519,0,1
1676158056184,515,HTTP Request,200,,Thread-Gruppe  1-40,text,true,,419,129,100,100,http://localhost:7000/randomRequest,515,0,0
1676158055374,1325,HTTP Request,200,,Thread-Gruppe  1-10,text,true,,536,129,100,100,http://localhost:7000/randomRequest,1325,0,0
1676158056285,414,HTTP Request,200,,Thread-Gruppe  1-42,text,true,,693,129,100,100,http://localhost:7000/randomRequest,414,0,0
1676158055781,935,HTTP Request,200,,Thread-Gruppe  1-31,text,true,,419,129,100,100,http://localhost:7000/randomRequest,935,0,1
1676158055634,1101,HTTP Request,200,,Thread-Gruppe  1-46,text,true,,527,129,100,100,http://localhost:7000/randomRequest,1101,0,0
1676158056242,518,HTTP Request,200,,Thread-Gruppe  1-79,text,true,,419,129,100,100,http://localhost:7000/randomRequest,518,0,0
1676158056132,639,HTTP Request,200,,Thread-Gruppe  1-22,text,true,,417,129,100,100,http://localhost:7000/randomRequest,639,0,1
1676158056382,411,HTTP Request,200,,Thread-Gruppe  1-24,text,true,,418,129,100,100,http://localhost:7000/randomRequest,411,0,1
1676158055862,931,HTTP Request,200,,Thread-Gruppe  1-50,text,true,,492,129,100,100,http://localhost:7000/randomRequest,931,0,0
1676158055665,1137,HTTP Request,200,,Thread-Gruppe  1-14,text,true,,492,129,100,100,http://localhost:7000/randomRequest,1137,0,0
1676158056285,518,HTTP Request,200,,Thread-Gruppe  1-56,text,true,,481,129,100,100,http://localhost:7000/randomRequest,518,0,0
1676158055493,1332,HTTP Request,200,,Thread-Gruppe  1-51,text,true,,541,129,100,100,http://localhost:7000/randomRequest,1332,0,0
1676158055999,826,HTTP Request,200,,Thread-Gruppe  1-43,text,true,,492,129,100,100,http://localhost:7000/randomRequest,826,0,0
1676158055619,1211,HTTP Request,200,,Thread-Gruppe  1-30,text,true,,527,129,100,100,http://localhost:7000/randomRequest,1211,0,0
1676158055210,1630,HTTP Request,200,,Thread-Gruppe  1-70,text,true,,537,129,100,100,http://localhost:7000/randomRequest,1629,0,0
1676158056321,519,HTTP Request,200,,Thread-Gruppe  1-47,text,true,,485,129,100,100,http://localhost:7000/randomRequest,518,0,0
1676158055700,1140,HTTP Request,200,,Thread-Gruppe  1-87,text,true,,492,129,100,100,http://localhost:7000/randomRequest,1140,0,0
1676158055802,1038,HTTP Request,200,,Thread-Gruppe  1-26,text,true,,481,129,100,100,http://localhost:7000/randomRequest,1038,0,0
1676158055327,1518,HTTP Request,200,,Thread-Gruppe  1-61,text,true,,630,129,100,100,http://localhost:7000/randomRequest,1518,0,0
1676158055825,1020,HTTP Request,200,,Thread-Gruppe  1-92,text,true,,483,129,100,100,http://localhost:7000/randomRequest,1020,0,0
1676158056229,623,HTTP Request,200,,Thread-Gruppe  1-94,text,true,,419,129,100,100,http://localhost:7000/randomRequest,623,0,1
1676158056010,852,HTTP Request,200,,Thread-Gruppe  1-34,text,true,,417,129,100,100,http://localhost:7000/randomRequest,852,0,0
1676158056169,696,HTTP Request,200,,Thread-Gruppe  1-19,text,true,,491,129,100,100,http://localhost:7000/randomRequest,696,0,0
1676158055825,1050,HTTP Request,200,,Thread-Gruppe  1-16,text,true,,524,129,100,100,http://localhost:7000/randomRequest,1050,0,0
1676158055853,1022,HTTP Request,200,,Thread-Gruppe  1-76,text,true,,485,129,100,100,http://localhost:7000/randomRequest,1022,0,0
1676158056050,825,HTTP Request,200,,Thread-Gruppe  1-52,text,true,,556,129,100,100,http://localhost:7000/randomRequest,825,0,0
1676158055574,1301,HTTP Request,200,,Thread-Gruppe  1-17,text,true,,630,129,100,100,http://localhost:7000/randomRequest,1301,0,0
1676158056272,617,HTTP Request,200,,Thread-Gruppe  1-83,text,true,,418,129,100,100,http://localhost:7000/randomRequest,617,0,0
1676158056184,722,HTTP Request,200,,Thread-Gruppe  1-5,text,true,,564,129,100,100,http://localhost:7000/randomRequest,722,0,0
1676158056180,726,HTTP Request,200,,Thread-Gruppe  1-89,text,true,,492,129,100,100,http://localhost:7000/randomRequest,726,0,1
1676158056410,519,HTTP Request,200,,Thread-Gruppe  1-28,text,true,,558,129,100,100,http://localhost:7000/randomRequest,519,0,0
1676158056460,515,HTTP Request,200,,Thread-Gruppe  1-6,text,true,,418,129,100,100,http://localhost:7000/randomRequest,515,0,0
1676158056256,724,HTTP Request,200,,Thread-Gruppe  1-11,text,true,,419,129,100,100,http://localhost:7000/randomRequest,724,0,0
1676158056390,618,HTTP Request,200,,Thread-Gruppe  1-82,text,true,,419,129,100,100,http://localhost:7000/randomRequest,618,0,0
1676158056184,824,HTTP Request,200,,Thread-Gruppe  1-3,text,true,,492,129,100,100,http://localhost:7000/randomRequest,824,0,0
1676158056390,618,HTTP Request,200,,Thread-Gruppe  1-8,text,true,,419,129,100,100,http://localhost:7000/randomRequest,618,0,0
1676158056405,618,HTTP Request,200,,Thread-Gruppe  1-64,text,true,,418,129,100,100,http://localhost:7000/randomRequest,618,0,0
1676158056428,618,HTTP Request,200,,Thread-Gruppe  1-99,text,true,,381,129,100,100,http://localhost:7000/randomRequest,618,0,0
1676158056219,827,HTTP Request,200,,Thread-Gruppe  1-71,text,true,,485,129,100,100,http://localhost:7000/randomRequest,827,0,0
1676158056525,521,HTTP Request,200,,Thread-Gruppe  1-12,text,true,,417,129,100,100,http://localhost:7000/randomRequest,521,0,1
1676158056325,721,HTTP Request,200,,Thread-Gruppe  1-72,text,true,,539,129,100,100,http://localhost:7000/randomRequest,721,0,0
1676158055602,1444,HTTP Request,200,,Thread-Gruppe  1-27,text,true,,481,129,100,100,http://localhost:7000/randomRequest,1444,0,0
1676158055702,1344,HTTP Request,200,,Thread-Gruppe  1-62,text,true,,492,129,100,100,http://localhost:7000/randomRequest,1344,0,0
1676158056425,621,HTTP Request,200,,Thread-Gruppe  1-57,text,true,,550,129,100,100,http://localhost:7000/randomRequest,621,0,1
1676158056229,823,HTTP Request,200,,Thread-Gruppe  1-93,text,true,,416,129,100,100,http://localhost:7000/randomRequest,823,0,0
1676158056434,646,HTTP Request,200,,Thread-Gruppe  1-23,text,true,,417,129,100,100,http://localhost:7000/randomRequest,646,0,1
1676158055940,1140,HTTP Request,200,,Thread-Gruppe  1-91,text,true,,492,129,100,100,http://localhost:7000/randomRequest,1140,0,0
1676158056361,720,HTTP Request,200,,Thread-Gruppe  1-77,text,true,,492,129,100,100,http://localhost:7000/randomRequest,720,0,0
1676158056074,1007,HTTP Request,200,,Thread-Gruppe  1-45,text,true,,643,129,100,100,http://localhost:7000/randomRequest,1007,0,0
1676158056358,723,HTTP Request,200,,Thread-Gruppe  1-49,text,true,,492,129,100,100,http://localhost:7000/randomRequest,723,0,0
1676158056575,511,HTTP Request,200,,Thread-Gruppe  1-69,text,true,,543,129,100,100,http://localhost:7000/randomRequest,511,0,0
1676158056272,820,HTTP Request,200,,Thread-Gruppe  1-20,text,true,,546,129,100,100,http://localhost:7000/randomRequest,820,0,0
1676158056175,927,HTTP Request,200,,Thread-Gruppe  1-58,text,true,,490,129,100,100,http://localhost:7000/randomRequest,927,0,0
1676158055876,1232,HTTP Request,200,,Thread-Gruppe  1-18,text,true,,492,129,100,100,http://localhost:7000/randomRequest,1232,0,0
1676158055876,1232,HTTP Request,200,,Thread-Gruppe  1-63,text,true,,488,129,100,100,http://localhost:7000/randomRequest,1232,0,0
1676158056285,849,HTTP Request,200,,Thread-Gruppe  1-78,text,true,,668,129,100,100,http://localhost:7000/randomRequest,849,0,0
1676158056619,515,HTTP Request,200,,Thread-Gruppe  1-59,text,true,,1515,129,100,100,http://localhost:7000/randomRequest,515,0,0
1676158056325,825,HTTP Request,200,,Thread-Gruppe  1-2,text,true,,402,129,100,100,http://localhost:7000/randomRequest,825,0,0
1676158056640,512,HTTP Request,200,,Thread-Gruppe  1-7,text,true,,419,129,100,100,http://localhost:7000/randomRequest,512,0,0
1676158056334,825,HTTP Request,200,,Thread-Gruppe  1-75,text,true,,403,129,100,100,http://localhost:7000/randomRequest,825,0,0
1676158055956,1229,HTTP Request,200,,Thread-Gruppe  1-68,text,true,,492,129,100,100,http://localhost:7000/randomRequest,1229,0,0
1676158056362,823,HTTP Request,200,,Thread-Gruppe  1-44,text,true,,490,129,100,100,http://localhost:7000/randomRequest,823,0,0
1676158056478,715,HTTP Request,200,,Thread-Gruppe  1-97,text,true,,567,129,100,100,http://localhost:7000/randomRequest,715,0,1
1676158056825,414,HTTP Request,200,,Thread-Gruppe  1-43,text,true,,546,129,100,100,http://localhost:7000/randomRequest,414,0,0
1676158056633,622,HTTP Request,200,,Thread-Gruppe  1-67,text,true,,558,129,100,100,http://localhost:7000/randomRequest,622,0,0
1676158055449,1858,HTTP Request,200,,Thread-Gruppe  1-25,text,true,,537,129,100,100,http://localhost:7000/randomRequest,1858,0,0
1676158056011,1344,HTTP Request,200,,Thread-Gruppe  1-9,text,true,,401,129,100,100,http://localhost:7000/randomRequest,1344,0,0
1676158056840,515,HTTP Request,200,,Thread-Gruppe  1-87,text,true,,419,129,100,100,http://localhost:7000/randomRequest,515,0,0
1676158057052,312,HTTP Request,200,,Thread-Gruppe  1-93,text,true,,418,129,100,100,http://localhost:7000/randomRequest,312,0,0
1676158056645,723,HTTP Request,200,,Thread-Gruppe  1-32,text,true,,415,129,100,100,http://localhost:7000/randomRequest,723,0,1
1676158056760,612,HTTP Request,200,,Thread-Gruppe  1-79,text,true,,492,129,100,100,http://localhost:7000/randomRequest,612,0,0
1676158056975,414,HTTP Request,200,,Thread-Gruppe  1-6,text,true,,567,129,100,100,http://localhost:7000/randomRequest,414,0,0
1676158056557,836,HTTP Request,200,,Thread-Gruppe  1-86,text,true,,488,129,100,100,http://localhost:7000/randomRequest,836,0,0
1676158056358,1035,HTTP Request,200,,Thread-Gruppe  1-39,text,true,,546,129,100,100,http://localhost:7000/randomRequest,1035,0,0
1676158056370,1026,HTTP Request,200,,Thread-Gruppe  1-84,text,true,,490,129,100,100,http://localhost:7000/randomRequest,1026,0,0
1676158056682,720,HTTP Request,200,,Thread-Gruppe  1-36,text,true,,492,129,100,100,http://localhost:7000/randomRequest,720,0,0
1676158056390,1023,HTTP Request,200,,Thread-Gruppe  1-80,text,true,,414,129,100,100,http://localhost:7000/randomRequest,1023,0,0
1676158056699,714,HTTP Request,200,,Thread-Gruppe  1-10,text,true,,488,129,100,100,http://localhost:7000/randomRequest,714,0,1
1676158056716,720,HTTP Request,200,,Thread-Gruppe  1-31,text,true,,485,129,100,100,http://localhost:7000/randomRequest,720,0,0
1676158056625,827,HTTP Request,200,,Thread-Gruppe  1-98,text,true,,481,129,100,100,http://localhost:7000/randomRequest,827,0,0
1676158056056,1420,HTTP Request,200,,Thread-Gruppe  1-54,text,true,,643,129,100,100,http://localhost:7000/randomRequest,1420,0,1
1676158056383,1113,HTTP Request,200,,Thread-Gruppe  1-90,text,true,,643,129,100,100,http://localhost:7000/randomRequest,1113,0,0
1676158056875,625,HTTP Request,200,,Thread-Gruppe  1-17,text,true,,547,129,100,100,http://localhost:7000/randomRequest,625,0,0
1676158056793,720,HTTP Request,200,,Thread-Gruppe  1-24,text,true,,490,129,100,100,http://localhost:7000/randomRequest,720,0,0
1676158056793,720,HTTP Request,200,,Thread-Gruppe  1-50,text,true,,557,129,100,100,http://localhost:7000/randomRequest,720,0,0
1676158056699,842,HTTP Request,200,,Thread-Gruppe  1-40,text,true,,675,129,100,100,http://localhost:7000/randomRequest,842,0,0
1676158056410,1138,HTTP Request,200,,Thread-Gruppe  1-38,text,true,,560,129,100,100,http://localhost:7000/randomRequest,1138,0,0
1676158056929,619,HTTP Request,200,,Thread-Gruppe  1-28,text,true,,545,129,100,100,http://localhost:7000/randomRequest,619,0,0
1676158056219,1355,HTTP Request,200,,Thread-Gruppe  1-81,text,true,,488,129,100,100,http://localhost:7000/randomRequest,1355,0,0
1676158056846,728,HTTP Request,200,,Thread-Gruppe  1-61,text,true,,570,129,100,100,http://localhost:7000/randomRequest,728,0,0
1676158056664,935,HTTP Request,200,,Thread-Gruppe  1-55,text,true,,482,129,100,100,http://localhost:7000/randomRequest,935,0,1
1676158056980,619,HTTP Request,200,,Thread-Gruppe  1-11,text,true,,419,129,100,100,http://localhost:7000/randomRequest,619,0,0
1676158057185,417,HTTP Request,200,,Thread-Gruppe  1-44,text,true,,557,129,100,100,http://localhost:7000/randomRequest,417,0,0
1676158056875,729,HTTP Request,200,,Thread-Gruppe  1-52,text,true,,492,129,100,100,http://localhost:7000/randomRequest,729,0,0
1676158056080,1535,HTTP Request,200,,Thread-Gruppe  1-95,text,true,,485,129,100,100,http://localhost:7000/randomRequest,1535,0,0
1676158055598,2017,HTTP Request,200,,Thread-Gruppe  1-21,text,true,,527,129,100,100,http://localhost:7000/randomRequest,2017,0,1
1676158056803,817,HTTP Request,200,,Thread-Gruppe  1-56,text,true,,416,129,100,100,http://localhost:7000/randomRequest,817,0,0
1676158056699,921,HTTP Request,200,,Thread-Gruppe  1-42,text,true,,479,129,100,100,http://localhost:7000/randomRequest,921,0,1
1676158056802,818,HTTP Request,200,,Thread-Gruppe  1-14,text,true,,492,129,100,100,http://localhost:7000/randomRequest,818,0,0
1676158056492,1128,HTTP Request,200,,Thread-Gruppe  1-37,text,true,,403,129,100,100,http://localhost:7000/randomRequest,1128,0,0
1676158056906,714,HTTP Request,200,,Thread-Gruppe  1-89,text,true,,417,129,100,100,http://localhost:7000/randomRequest,714,0,0
1676158057109,512,HTTP Request,200,,Thread-Gruppe  1-63,text,true,,570,129,100,100,http://localhost:7000/randomRequest,512,0,0
1676158057008,613,HTTP Request,200,,Thread-Gruppe  1-8,text,true,,546,129,100,100,http://localhost:7000/randomRequest,613,0,1
1676158056434,1187,HTTP Request,200,,Thread-Gruppe  1-60,text,true,,644,129,100,100,http://localhost:7000/randomRequest,1187,0,1
1676158056825,827,HTTP Request,200,,Thread-Gruppe  1-51,text,true,,552,129,100,100,http://localhost:7000/randomRequest,827,0,0
1676158057240,412,HTTP Request,200,,Thread-Gruppe  1-43,text,true,,419,129,100,100,http://localhost:7000/randomRequest,412,0,0
1676158056840,822,HTTP Request,200,,Thread-Gruppe  1-70,text,true,,492,129,100,100,http://localhost:7000/randomRequest,822,0,0
1676158056840,822,HTTP Request,200,,Thread-Gruppe  1-47,text,true,,419,129,100,100,http://localhost:7000/randomRequest,822,0,0
1676158057046,616,HTTP Request,200,,Thread-Gruppe  1-62,text,true,,490,129,100,100,http://localhost:7000/randomRequest,616,0,0
1676158057046,616,HTTP Request,200,,Thread-Gruppe  1-99,text,true,,545,129,100,100,http://localhost:7000/randomRequest,616,0,0
1676158056865,817,HTTP Request,200,,Thread-Gruppe  1-19,text,true,,419,129,100,100,http://localhost:7000/randomRequest,817,0,0
1676158057080,622,HTTP Request,200,,Thread-Gruppe  1-91,text,true,,492,129,100,100,http://localhost:7000/randomRequest,622,0,0
1676158056889,821,HTTP Request,200,,Thread-Gruppe  1-83,text,true,,563,129,100,100,http://localhost:7000/randomRequest,821,0,1
1676158056484,1234,HTTP Request,200,,Thread-Gruppe  1-88,text,true,,492,129,100,100,http://localhost:7000/randomRequest,1234,0,0
1676158056906,814,HTTP Request,200,,Thread-Gruppe  1-5,text,true,,490,129,100,100,http://localhost:7000/randomRequest,814,0,0
1676158057436,312,HTTP Request,200,,Thread-Gruppe  1-31,text,true,,492,129,100,100,http://localhost:7000/randomRequest,312,0,0
1676158056830,922,HTTP Request,200,,Thread-Gruppe  1-30,text,true,,485,129,100,100,http://localhost:7000/randomRequest,922,0,1
1676158057150,616,HTTP Request,200,,Thread-Gruppe  1-2,text,true,,418,129,100,100,http://localhost:7000/randomRequest,616,0,1
1676158057255,511,HTTP Request,200,,Thread-Gruppe  1-67,text,true,,489,129,100,100,http://localhost:7000/randomRequest,511,0,0
1676158057046,720,HTTP Request,200,,Thread-Gruppe  1-72,text,true,,419,129,100,100,http://localhost:7000/randomRequest,720,0,0
1676158056771,1031,HTTP Request,200,,Thread-Gruppe  1-22,text,true,,492,129,100,100,http://localhost:7000/randomRequest,1031,0,0
1676158056285,1520,HTTP Request,200,,Thread-Gruppe  1-65,text,true,,495,129,100,100,http://localhost:7000/randomRequest,1520,0,0
1676158057081,728,HTTP Request,200,,Thread-Gruppe  1-45,text,true,,419,129,100,100,http://localhost:7000/randomRequest,728,0,0
1676158057393,416,HTTP Request,200,,Thread-Gruppe  1-86,text,true,,549,129,100,100,http://localhost:7000/randomRequest,416,0,0
1676158056875,934,HTTP Request,200,,Thread-Gruppe  1-76,text,true,,488,129,100,100,http://localhost:7000/randomRequest,934,0,0
1676158056852,960,HTTP Request,200,,Thread-Gruppe  1-94,text,true,,665,129,100,100,http://localhost:7000/randomRequest,960,0,0
1676158056699,1116,HTTP Request,200,,Thread-Gruppe  1-35,text,true,,647,129,100,100,http://localhost:7000/randomRequest,1116,0,1
1676158057008,814,HTTP Request,200,,Thread-Gruppe  1-82,text,true,,492,129,100,100,http://localhost:7000/randomRequest,814,0,1
1676158057135,721,HTTP Request,200,,Thread-Gruppe  1-59,text,true,,492,129,100,100,http://localhost:7000/randomRequest,721,0,0
1676158057135,721,HTTP Request,200,,Thread-Gruppe  1-78,text,true,,483,129,100,100,http://localhost:7000/randomRequest,721,0,0
1676158056840,1042,HTTP Request,200,,Thread-Gruppe  1-26,text,true,,417,129,100,100,http://localhost:7000/randomRequest,1042,0,0
1676158057081,827,HTTP Request,200,,Thread-Gruppe  1-49,text,true,,546,129,100,100,http://localhost:7000/randomRequest,827,0,1
1676158057086,830,HTTP Request,200,,Thread-Gruppe  1-69,text,true,,550,129,100,100,http://localhost:7000/randomRequest,830,0,1
1676158057080,1135,HTTP Request,200,,Thread-Gruppe  1-23,text,true,,485,129,100,100,http://localhost:7000/randomRequest,1135,0,0
1676158057599,616,HTTP Request,200,,Thread-Gruppe  1-55,text,true,,419,129,100,100,http://localhost:7000/randomRequest,616,0,1
1676158057702,519,HTTP Request,200,,Thread-Gruppe  1-91,text,true,,492,129,100,100,http://localhost:7000/randomRequest,519,0,0
1676158057393,828,HTTP Request,200,,Thread-Gruppe  1-39,text,true,,419,129,100,100,http://localhost:7000/randomRequest,828,0,0
1676158057615,606,HTTP Request,200,,Thread-Gruppe  1-95,text,true,,419,129,100,100,http://localhost:7000/randomRequest,606,0,0
1676158057496,725,HTTP Request,200,,Thread-Gruppe  1-90,text,true,,419,129,100,100,http://localhost:7000/randomRequest,725,0,1
1676158057500,721,HTTP Request,200,,Thread-Gruppe  1-17,text,true,,488,129,100,100,http://localhost:7000/randomRequest,721,0,0
1676158057402,819,HTTP Request,200,,Thread-Gruppe  1-36,text,true,,419,129,100,100,http://localhost:7000/randomRequest,819,0,0
1676158057092,1129,HTTP Request,200,,Thread-Gruppe  1-20,text,true,,546,129,100,100,http://localhost:7000/randomRequest,1129,0,0
1676158057185,1036,HTTP Request,200,,Thread-Gruppe  1-68,text,true,,485,129,100,100,http://localhost:7000/randomRequest,1036,0,0
1676158057307,914,HTTP Request,200,,Thread-Gruppe  1-25,text,true,,415,129,100,100,http://localhost:7000/randomRequest,914,0,1
1676158057193,1029,HTTP Request,200,,Thread-Gruppe  1-97,text,true,,490,129,100,100,http://localhost:7000/randomRequest,1029,0,0
1676158057109,1118,HTTP Request,200,,Thread-Gruppe  1-18,text,true,,489,129,100,100,http://localhost:7000/randomRequest,1118,0,0
1676158057620,607,HTTP Request,200,,Thread-Gruppe  1-89,text,true,,489,129,100,100,http://localhost:7000/randomRequest,607,0,0
1676158057822,405,HTTP Request,200,,Thread-Gruppe  1-82,text,true,,488,129,100,100,http://localhost:7000/randomRequest,405,0,0
1676158057621,606,HTTP Request,200,,Thread-Gruppe  1-8,text,true,,568,129,100,100,http://localhost:7000/randomRequest,606,0,0
1676158057413,814,HTTP Request,200,,Thread-Gruppe  1-10,text,true,,492,129,100,100,http://localhost:7000/randomRequest,814,0,0
1676158057718,509,HTTP Request,200,,Thread-Gruppe  1-88,text,true,,492,129,100,100,http://localhost:7000/randomRequest,509,0,1
1676158057620,607,HTTP Request,200,,Thread-Gruppe  1-56,text,true,,419,129,100,100,http://localhost:7000/randomRequest,607,0,0
1676158057413,814,HTTP Request,200,,Thread-Gruppe  1-80,text,true,,419,129,100,100,http://localhost:7000/randomRequest,814,0,0
1676158057513,714,HTTP Request,200,,Thread-Gruppe  1-24,text,true,,485,129,100,100,http://localhost:7000/randomRequest,714,0,0
1676158057620,607,HTTP Request,200,,Thread-Gruppe  1-37,text,true,,541,129,100,100,http://localhost:7000/randomRequest,607,0,0
1676158056846,1414,HTTP Request,200,,Thread-Gruppe  1-92,text,true,,644,129,100,100,http://localhost:7000/randomRequest,1414,0,0
1676158056735,1525,HTTP Request,200,,Thread-Gruppe  1-46,text,true,,527,129,100,100,http://localhost:7000/randomRequest,1525,0,0
1676158057548,718,HTTP Request,200,,Thread-Gruppe  1-38,text,true,,419,129,100,100,http://localhost:7000/randomRequest,718,0,0
1676158057476,792,HTTP Request,200,,Thread-Gruppe  1-54,text,true,,541,129,100,100,http://localhost:7000/randomRequest,792,0,1
1676158057652,618,HTTP Request,200,,Thread-Gruppe  1-43,text,true,,417,129,100,100,http://localhost:7000/randomRequest,618,0,0
1676158057046,1229,HTTP Request,200,,Thread-Gruppe  1-71,text,true,,647,129,100,100,http://localhost:7000/randomRequest,1229,0,0
1676158057046,1229,HTTP Request,200,,Thread-Gruppe  1-12,text,true,,481,129,100,100,http://localhost:7000/randomRequest,1229,0,0
1676158057356,922,HTTP Request,200,,Thread-Gruppe  1-9,text,true,,485,129,100,100,http://localhost:7000/randomRequest,922,0,0
1676158057023,1255,HTTP Request,200,,Thread-Gruppe  1-64,text,true,,417,129,100,100,http://localhost:7000/randomRequest,1255,0,0
1676158057662,620,HTTP Request,200,,Thread-Gruppe  1-62,text,true,,417,129,100,100,http://localhost:7000/randomRequest,620,0,1
1676158057081,1201,HTTP Request,200,,Thread-Gruppe  1-77,text,true,,527,129,100,100,http://localhost:7000/randomRequest,1201,0,0
1676158056875,1407,HTTP Request,200,,Thread-Gruppe  1-16,text,true,,541,129,100,100,http://localhost:7000/randomRequest,1407,0,0
1676158057152,1130,HTTP Request,200,,Thread-Gruppe  1-7,text,true,,565,129,100,100,http://localhost:7000/randomRequest,1130,0,0
1676158056278,2005,HTTP Request,200,,Thread-Gruppe  1-33,text,true,,527,129,100,100,http://localhost:7000/randomRequest,2005,0,0
1676158057159,1124,HTTP Request,200,,Thread-Gruppe  1-75,text,true,,563,129,100,100,http://localhost:7000/randomRequest,1124,0,1
1676158057369,914,HTTP Request,200,,Thread-Gruppe  1-32,text,true,,418,129,100,100,http://localhost:7000/randomRequest,914,0,0
1676158057372,912,HTTP Request,200,,Thread-Gruppe  1-79,text,true,,492,129,100,100,http://localhost:7000/randomRequest,912,0,1
1676158057682,607,HTTP Request,200,,Thread-Gruppe  1-19,text,true,,416,129,100,100,http://localhost:7000/randomRequest,607,0,0
1676158057882,407,HTTP Request,200,,Thread-Gruppe  1-26,text,true,,486,129,100,100,http://localhost:7000/randomRequest,407,0,1
1676158057008,1313,HTTP Request,200,,Thread-Gruppe  1-3,text,true,,541,129,100,100,http://localhost:7000/randomRequest,1313,0,1
1676158057390,931,HTTP Request,200,,Thread-Gruppe  1-6,text,true,,481,129,100,100,http://localhost:7000/randomRequest,931,0,0
1676158057604,717,HTTP Request,200,,Thread-Gruppe  1-52,text,true,,418,129,100,100,http://localhost:7000/randomRequest,717,0,0
1676158056862,1459,HTTP Request,200,,Thread-Gruppe  1-34,text,true,,562,129,100,100,http://localhost:7000/randomRequest,1459,0,1
1676158057621,710,HTTP Request,200,,Thread-Gruppe  1-63,text,true,,488,129,100,100,http://localhost:7000/randomRequest,710,0,0
1676158057620,711,HTTP Request,200,,Thread-Gruppe  1-14,text,true,,403,129,100,100,http://localhost:7000/randomRequest,711,0,0
1676158057046,1319,HTTP Request,200,,Thread-Gruppe  1-57,text,true,,642,129,100,100,http://localhost:7000/randomRequest,1319,0,0
1676158057548,823,HTTP Request,200,,Thread-Gruppe  1-28,text,true,,3812,129,100,100,http://localhost:7000/randomRequest,823,0,0
1676158057856,519,HTTP Request,200,,Thread-Gruppe  1-78,text,true,,554,129,100,100,http://localhost:7000/randomRequest,519,0,0
1676158057652,723,HTTP Request,200,,Thread-Gruppe  1-51,text,true,,419,129,100,100,http://localhost:7000/randomRequest,723,0,0
1676158057452,925,HTTP Request,200,,Thread-Gruppe  1-98,text,true,,492,129,100,100,http://localhost:7000/randomRequest,925,0,0
1676158057364,1021,HTTP Request,200,,Thread-Gruppe  1-93,text,true,,643,129,100,100,http://localhost:7000/randomRequest,1021,0,0
1676158057575,813,HTTP Request,200,,Thread-Gruppe  1-81,text,true,,492,129,100,100,http://localhost:7000/randomRequest,813,0,0
1676158057102,1286,HTTP Request,200,,Thread-Gruppe  1-58,text,true,,631,129,100,100,http://localhost:7000/randomRequest,1286,0,0
1676158057662,731,HTTP Request,200,,Thread-Gruppe  1-47,text,true,,554,129,100,100,http://localhost:7000/randomRequest,731,0,1
1676158057621,811,HTTP Request,200,,Thread-Gruppe  1-60,text,true,,547,129,100,100,http://localhost:7000/randomRequest,811,0,0
1676158057720,748,HTTP Request,200,,Thread-Gruppe  1-5,text,true,,669,129,100,100,http://localhost:7000/randomRequest,748,0,0
1676158057662,827,HTTP Request,200,,Thread-Gruppe  1-99,text,true,,488,129,100,100,http://localhost:7000/randomRequest,827,0,1
1676158057513,1012,HTTP Request,200,,Thread-Gruppe  1-50,text,true,,492,129,100,100,http://localhost:7000/randomRequest,1012,0,0
1676158057815,711,HTTP Request,200,,Thread-Gruppe  1-35,text,true,,549,129,100,100,http://localhost:7000/randomRequest,711,0,0
1676158057752,844,HTTP Request,200,,Thread-Gruppe  1-30,text,true,,418,129,100,100,http://localhost:7000/randomRequest,844,0,0
1676158057802,823,HTTP Request,200,,Thread-Gruppe  1-22,text,true,,568,129,100,100,http://localhost:7000/randomRequest,823,0,0
1676158057710,921,HTTP Request,200,,Thread-Gruppe  1-83,text,true,,530,129,100,100,http://localhost:7000/randomRequest,921,0,0
1676158057599,1043,HTTP Request,200,,Thread-Gruppe  1-11,text,true,,550,129,100,100,http://localhost:7000/randomRequest,1043,0,1
1676158057356,1330,HTTP Request,200,,Thread-Gruppe  1-87,text,true,,489,129,100,100,http://localhost:7000/randomRequest,1330,0,0
1676158057809,919,HTTP Request,200,,Thread-Gruppe  1-86,text,true,,419,129,100,100,http://localhost:7000/randomRequest,919,0,1
1676158058221,512,HTTP Request,200,,Thread-Gruppe  1-17,text,true,,551,129,100,100,http://localhost:7000/randomRequest,512,0,0
1676158057662,1096,HTTP Request,200,,Thread-Gruppe  1-70,text,true,,527,129,100,100,http://localhost:7000/randomRequest,1096,0,1
1676158057396,1362,HTTP Request,200,,Thread-Gruppe  1-84,text,true,,680,129,100,100,http://localhost:7000/randomRequest,1362,0,0
1676158057766,1002,HTTP Request,200,,Thread-Gruppe  1-2,text,true,,647,129,100,100,http://localhost:7000/randomRequest,1002,0,0
1676158057046,1743,HTTP Request,200,,Thread-Gruppe  1-27,text,true,,536,129,100,100,http://localhost:7000/randomRequest,1743,0,0
1676158058385,415,HTTP Request,200,,Thread-Gruppe  1-93,text,true,,403,129,100,100,http://localhost:7000/randomRequest,415,0,0
1676158057602,1223,HTTP Request,200,,Thread-Gruppe  1-44,text,true,,527,129,100,100,http://localhost:7000/randomRequest,1223,0,0
1676158057908,922,HTTP Request,200,,Thread-Gruppe  1-49,text,true,,547,129,100,100,http://localhost:7000/randomRequest,922,0,0
1676158058215,619,HTTP Request,200,,Thread-Gruppe  1-55,text,true,,492,129,100,100,http://localhost:7000/randomRequest,619,0,1
1676158057812,1022,HTTP Request,200,,Thread-Gruppe  1-94,text,true,,492,129,100,100,http://localhost:7000/randomRequest,1022,0,0
1676158058222,612,HTTP Request,200,,Thread-Gruppe  1-68,text,true,,560,129,100,100,http://localhost:7000/randomRequest,612,0,0
1676158057615,1219,HTTP Request,200,,Thread-Gruppe  1-21,text,true,,647,129,100,100,http://localhost:7000/randomRequest,1219,0,0
1676158058227,615,HTTP Request,200,,Thread-Gruppe  1-10,text,true,,485,129,100,100,http://localhost:7000/randomRequest,615,0,1
1676158058221,637,HTTP Request,200,,Thread-Gruppe  1-39,text,true,,678,129,100,100,http://localhost:7000/randomRequest,637,0,0
1676158058268,616,HTTP Request,200,,Thread-Gruppe  1-54,text,true,,559,129,100,100,http://localhost:7000/randomRequest,616,0,1
1676158058283,617,HTTP Request,200,,Thread-Gruppe  1-32,text,true,,492,129,100,100,http://localhost:7000/randomRequest,617,0,0
1676158058283,619,HTTP Request,200,,Thread-Gruppe  1-33,text,true,,492,129,100,100,http://localhost:7000/randomRequest,619,0,0
1676158057542,1360,HTTP Request,200,,Thread-Gruppe  1-40,text,true,,673,129,100,100,http://localhost:7000/randomRequest,1360,0,0
1676158057748,1186,HTTP Request,200,,Thread-Gruppe  1-31,text,true,,491,129,100,100,http://localhost:7000/randomRequest,1186,0,1
1676158057809,1125,HTTP Request,200,,Thread-Gruppe  1-45,text,true,,537,129,100,100,http://localhost:7000/randomRequest,1125,0,1
1676158057620,1314,HTTP Request,200,,Thread-Gruppe  1-42,text,true,,647,129,100,100,http://localhost:7000/randomRequest,1314,0,0
1676158058222,712,HTTP Request,200,,Thread-Gruppe  1-97,text,true,,489,129,100,100,http://localhost:7000/randomRequest,712,0,0
1676158058221,713,HTTP Request,200,,Thread-Gruppe  1-91,text,true,,490,129,100,100,http://localhost:7000/randomRequest,713,0,0
1676158057809,1125,HTTP Request,200,,Thread-Gruppe  1-76,text,true,,491,129,100,100,http://localhost:7000/randomRequest,1125,0,1
1676158058331,613,HTTP Request,200,,Thread-Gruppe  1-63,text,true,,486,129,100,100,http://localhost:7000/randomRequest,613,0,1
1676158058331,619,HTTP Request,200,,Thread-Gruppe  1-14,text,true,,544,129,100,100,http://localhost:7000/randomRequest,619,0,1
1676158058237,720,HTTP Request,200,,Thread-Gruppe  1-37,text,true,,485,129,100,100,http://localhost:7000/randomRequest,720,0,0
1676158057766,1204,HTTP Request,200,,Thread-Gruppe  1-72,text,true,,643,129,100,100,http://localhost:7000/randomRequest,1204,0,0
1676158058260,715,HTTP Request,200,,Thread-Gruppe  1-92,text,true,,403,129,100,100,http://localhost:7000/randomRequest,715,0,0
1676158058365,610,HTTP Request,200,,Thread-Gruppe  1-57,text,true,,417,129,100,100,http://localhost:7000/randomRequest,610,0,0
1676158057575,1400,HTTP Request,200,,Thread-Gruppe  1-61,text,true,,527,129,100,100,http://localhost:7000/randomRequest,1400,0,0
1676158058278,715,HTTP Request,200,,Thread-Gruppe  1-64,text,true,,418,129,100,100,http://localhost:7000/randomRequest,715,0,0
1676158058283,729,HTTP Request,200,,Thread-Gruppe  1-7,text,true,,474,129,100,100,http://localhost:7000/randomRequest,729,0,0
1676158058526,508,HTTP Request,200,,Thread-Gruppe  1-35,text,true,,419,129,100,100,http://localhost:7000/randomRequest,508,0,1
1676158058221,813,HTTP Request,200,,Thread-Gruppe  1-90,text,true,,488,129,100,100,http://localhost:7000/randomRequest,813,0,0
1676158057916,1118,HTTP Request,200,,Thread-Gruppe  1-69,text,true,,551,129,100,100,http://localhost:7000/randomRequest,1118,0,0
1676158058227,822,HTTP Request,200,,Thread-Gruppe  1-89,text,true,,554,129,100,100,http://localhost:7000/randomRequest,822,0,1
1676158058377,714,HTTP Request,200,,Thread-Gruppe  1-98,text,true,,552,129,100,100,http://localhost:7000/randomRequest,714,0,0
1676158058375,722,HTTP Request,200,,Thread-Gruppe  1-78,text,true,,490,129,100,100,http://localhost:7000/randomRequest,722,0,0
1676158057805,1298,HTTP Request,200,,Thread-Gruppe  1-65,text,true,,536,129,100,100,http://localhost:7000/randomRequest,1298,0,0
1676158058222,912,HTTP Request,200,,Thread-Gruppe  1-25,text,true,,488,129,100,100,http://localhost:7000/randomRequest,912,0,0
1676158058321,813,HTTP Request,200,,Thread-Gruppe  1-6,text,true,,485,129,100,100,http://localhost:7000/randomRequest,813,0,0
1676158058221,915,HTTP Request,200,,Thread-Gruppe  1-36,text,true,,403,129,100,100,http://localhost:7000/randomRequest,915,0,0
1676158058227,927,HTTP Request,200,,Thread-Gruppe  1-82,text,true,,485,129,100,100,http://localhost:7000/randomRequest,927,0,1
1676158058237,925,HTTP Request,200,,Thread-Gruppe  1-24,text,true,,490,129,100,100,http://localhost:7000/randomRequest,925,0,0
1676158058275,916,HTTP Request,200,,Thread-Gruppe  1-71,text,true,,403,129,100,100,http://localhost:7000/randomRequest,916,0,0
1676158058375,827,HTTP Request,200,,Thread-Gruppe  1-51,text,true,,492,129,100,100,http://localhost:7000/randomRequest,827,0,0
1676158058388,820,HTTP Request,200,,Thread-Gruppe  1-81,text,true,,540,129,100,100,http://localhost:7000/randomRequest,820,0,0
1676158058289,927,HTTP Request,200,,Thread-Gruppe  1-26,text,true,,523,129,100,100,http://localhost:7000/randomRequest,927,0,1
1676158058322,913,HTTP Request,200,,Thread-Gruppe  1-34,text,true,,417,129,100,100,http://localhost:7000/randomRequest,913,0,0
1676158058432,820,HTTP Request,200,,Thread-Gruppe  1-60,text,true,,419,129,100,100,http://localhost:7000/randomRequest,820,0,1
1676158058734,518,HTTP Request,200,,Thread-Gruppe  1-17,text,true,,492,129,100,100,http://localhost:7000/randomRequest,518,0,0
1676158058227,1029,HTTP Request,200,,Thread-Gruppe  1-8,text,true,,492,129,100,100,http://localhost:7000/randomRequest,1029,0,1
1676158058227,1029,HTTP Request,200,,Thread-Gruppe  1-18,text,true,,403,129,100,100,http://localhost:7000/randomRequest,1029,0,1
1676158058237,1025,HTTP Request,200,,Thread-Gruppe  1-56,text,true,,419,129,100,100,http://localhost:7000/randomRequest,1025,0,0
1676158058388,896,HTTP Request,200,,Thread-Gruppe  1-58,text,true,,537,129,100,100,http://localhost:7000/randomRequest,896,0,0
1676158058468,816,HTTP Request,200,,Thread-Gruppe  1-5,text,true,,481,129,100,100,http://localhost:7000/randomRequest,816,0,1
1676158058371,921,HTTP Request,200,,Thread-Gruppe  1-28,text,true,,492,129,100,100,http://localhost:7000/randomRequest,921,0,0
1676158058284,1034,HTTP Request,200,,Thread-Gruppe  1-79,text,true,,490,129,100,100,http://localhost:7000/randomRequest,1034,0,0
1676158058221,1118,HTTP Request,200,,Thread-Gruppe  1-20,text,true,,492,129,100,100,http://localhost:7000/randomRequest,1118,0,0
1676158058834,510,HTTP Request,200,,Thread-Gruppe  1-68,text,true,,549,129,100,100,http://localhost:7000/randomRequest,510,0,0
1676158058227,1126,HTTP Request,200,,Thread-Gruppe  1-88,text,true,,492,129,100,100,http://localhost:7000/randomRequest,1126,0,1
1676158058260,1124,HTTP Request,200,,Thread-Gruppe  1-46,text,true,,562,129,100,100,http://localhost:7000/randomRequest,1124,0,0
1676158058282,1102,HTTP Request,200,,Thread-Gruppe  1-62,text,true,,647,129,100,100,http://localhost:7000/randomRequest,1102,0,0
1676158058489,898,HTTP Request,200,,Thread-Gruppe  1-99,text,true,,647,129,100,100,http://localhost:7000/randomRequest,898,0,1
1676158058686,716,HTTP Request,200,,Thread-Gruppe  1-87,text,true,,492,129,100,100,http://localhost:7000/randomRequest,716,0,1
1676158058596,812,HTTP Request,200,,Thread-Gruppe  1-30,text,true,,488,129,100,100,http://localhost:7000/randomRequest,812,0,1
1676158058800,609,HTTP Request,200,,Thread-Gruppe  1-93,text,true,,560,129,100,100,http://localhost:7000/randomRequest,609,0,0
1676158058278,1134,HTTP Request,200,,Thread-Gruppe  1-9,text,true,,481,129,100,100,http://localhost:7000/randomRequest,1134,0,0
1676158058902,510,HTTP Request,200,,Thread-Gruppe  1-33,text,true,,419,129,100,100,http://localhost:7000/randomRequest,510,0,0
1676158058322,1111,HTTP Request,200,,Thread-Gruppe  1-52,text,true,,527,129,100,100,http://localhost:7000/randomRequest,1111,0,0
1676158058642,825,HTTP Request,200,,Thread-Gruppe  1-11,text,true,,492,129,100,100,http://localhost:7000/randomRequest,825,0,0
1676158058769,715,HTTP Request,200,,Thread-Gruppe  1-2,text,true,,492,129,100,100,http://localhost:7000/randomRequest,715,0,0
1676158058275,1230,HTTP Request,200,,Thread-Gruppe  1-12,text,true,,419,129,100,100,http://localhost:7000/randomRequest,1230,0,0
1676158058321,1223,HTTP Request,200,,Thread-Gruppe  1-3,text,true,,558,129,100,100,http://localhost:7000/randomRequest,1223,0,0
1676158058525,1019,HTTP Request,200,,Thread-Gruppe  1-50,text,true,,485,129,100,100,http://localhost:7000/randomRequest,1019,0,1
1676158058221,1327,HTTP Request,200,,Thread-Gruppe  1-95,text,true,,481,129,100,100,http://localhost:7000/randomRequest,1327,0,0
1676158058934,614,HTTP Request,200,,Thread-Gruppe  1-91,text,true,,555,129,100,100,http://localhost:7000/randomRequest,614,0,1
1676158058934,618,HTTP Request,200,,Thread-Gruppe  1-45,text,true,,419,129,100,100,http://localhost:7000/randomRequest,618,0,1
1676158058934,618,HTTP Request,200,,Thread-Gruppe  1-97,text,true,,419,129,100,100,http://localhost:7000/randomRequest,618,0,1
1676158058957,604,HTTP Request,200,,Thread-Gruppe  1-37,text,true,,418,129,100,100,http://localhost:7000/randomRequest,604,0,0
1676158058843,718,HTTP Request,200,,Thread-Gruppe  1-10,text,true,,550,129,100,100,http://localhost:7000/randomRequest,718,0,0
1676158059049,516,HTTP Request,200,,Thread-Gruppe  1-89,text,true,,551,129,100,100,http://localhost:7000/randomRequest,516,0,0
1676158057856,1711,HTTP Request,200,,Thread-Gruppe  1-59,text,true,,535,129,100,100,http://localhost:7000/randomRequest,1711,0,0
1676158057766,1818,HTTP Request,200,,Thread-Gruppe  1-67,text,true,,527,129,100,100,http://localhost:7000/randomRequest,1818,0,0
1676158058884,731,HTTP Request,200,,Thread-Gruppe  1-54,text,true,,492,129,100,100,http://localhost:7000/randomRequest,731,0,0
1676158058789,826,HTTP Request,200,,Thread-Gruppe  1-27,text,true,,543,129,100,100,http://localhost:7000/randomRequest,826,0,1
1676158058283,1336,HTTP Request,200,,Thread-Gruppe  1-75,text,true,,541,129,100,100,http://localhost:7000/randomRequest,1336,0,0
1676158058289,1336,HTTP Request,200,,Thread-Gruppe  1-19,text,true,,490,129,100,100,http://localhost:7000/randomRequest,1336,0,1
1676158058728,920,HTTP Request,200,,Thread-Gruppe  1-86,text,true,,554,129,100,100,http://localhost:7000/randomRequest,920,0,0
1676158058237,1509,HTTP Request,200,,Thread-Gruppe  1-80,text,true,,537,129,100,100,http://localhost:7000/randomRequest,1509,0,0
1676158058834,919,HTTP Request,200,,Thread-Gruppe  1-94,text,true,,485,129,100,100,http://localhost:7000/randomRequest,919,0,0
1676158058934,821,HTTP Request,200,,Thread-Gruppe  1-42,text,true,,552,129,100,100,http://localhost:7000/randomRequest,821,0,1
1676158058834,925,HTTP Request,200,,Thread-Gruppe  1-55,text,true,,418,129,100,100,http://localhost:7000/randomRequest,925,0,0
1676158059252,509,HTTP Request,200,,Thread-Gruppe  1-60,text,true,,419,129,100,100,http://localhost:7000/randomRequest,509,0,0
1676158059035,726,HTTP Request,200,,Thread-Gruppe  1-69,text,true,,417,129,100,100,http://localhost:7000/randomRequest,726,0,0
1676158059034,727,HTTP Request,200,,Thread-Gruppe  1-90,text,true,,537,129,100,100,http://localhost:7000/randomRequest,727,0,0
1676158058934,827,HTTP Request,200,,Thread-Gruppe  1-76,text,true,,419,129,100,100,http://localhost:7000/randomRequest,827,0,1
1676158058950,815,HTTP Request,200,,Thread-Gruppe  1-14,text,true,,492,129,100,100,http://localhost:7000/randomRequest,815,0,0
1676158059256,509,HTTP Request,200,,Thread-Gruppe  1-8,text,true,,492,129,100,100,http://localhost:7000/randomRequest,509,0,1
1676158058934,836,HTTP Request,200,,Thread-Gruppe  1-31,text,true,,553,129,100,100,http://localhost:7000/randomRequest,836,0,1
1676158059154,616,HTTP Request,200,,Thread-Gruppe  1-82,text,true,,419,129,100,100,http://localhost:7000/randomRequest,616,0,0
1676158058858,916,HTTP Request,200,,Thread-Gruppe  1-39,text,true,,492,129,100,100,http://localhost:7000/randomRequest,916,0,1
1676158058758,1020,HTTP Request,200,,Thread-Gruppe  1-70,text,true,,485,129,100,100,http://localhost:7000/randomRequest,1020,0,0
1676158058394,1398,HTTP Request,200,,Thread-Gruppe  1-47,text,true,,527,129,100,100,http://localhost:7000/randomRequest,1398,0,0
1676158058975,823,HTTP Request,200,,Thread-Gruppe  1-61,text,true,,564,129,100,100,http://localhost:7000/randomRequest,823,0,0
1676158059091,713,HTTP Request,200,,Thread-Gruppe  1-98,text,true,,485,129,100,100,http://localhost:7000/randomRequest,713,0,1
1676158059202,618,HTTP Request,200,,Thread-Gruppe  1-51,text,true,,419,129,100,100,http://localhost:7000/randomRequest,618,0,0
1676158058901,921,HTTP Request,200,,Thread-Gruppe  1-32,text,true,,488,129,100,100,http://localhost:7000/randomRequest,921,0,0
1676158059012,819,HTTP Request,200,,Thread-Gruppe  1-7,text,true,,486,129,100,100,http://localhost:7000/randomRequest,819,0,0
1676158059319,513,HTTP Request,200,,Thread-Gruppe  1-79,text,true,,418,129,100,100,http://localhost:7000/randomRequest,513,0,0
1676158059136,716,HTTP Request,200,,Thread-Gruppe  1-36,text,true,,419,129,100,100,http://localhost:7000/randomRequest,716,0,0
1676158059135,720,HTTP Request,200,,Thread-Gruppe  1-6,text,true,,415,129,100,100,http://localhost:7000/randomRequest,720,0,0
1676158059284,618,HTTP Request,200,,Thread-Gruppe  1-5,text,true,,419,129,100,100,http://localhost:7000/randomRequest,618,0,0
1676158059292,613,HTTP Request,200,,Thread-Gruppe  1-28,text,true,,492,129,100,100,http://localhost:7000/randomRequest,613,0,0
1676158059192,713,HTTP Request,200,,Thread-Gruppe  1-71,text,true,,419,129,100,100,http://localhost:7000/randomRequest,713,0,0
1676158058993,919,HTTP Request,200,,Thread-Gruppe  1-64,text,true,,538,129,100,100,http://localhost:7000/randomRequest,919,0,0
1676158058826,1099,HTTP Request,200,,Thread-Gruppe  1-44,text,true,,645,129,100,100,http://localhost:7000/randomRequest,1099,0,0
1676158059135,790,HTTP Request,200,,Thread-Gruppe  1-25,text,true,,647,129,100,100,http://localhost:7000/randomRequest,790,0,0
1676158058758,1187,HTTP Request,200,,Thread-Gruppe  1-84,text,true,,539,129,100,100,http://localhost:7000/randomRequest,1187,0,0
1676158059344,621,HTTP Request,200,,Thread-Gruppe  1-68,text,true,,492,129,100,100,http://localhost:7000/randomRequest,621,0,1
1676158059433,536,HTTP Request,200,,Thread-Gruppe  1-52,text,true,,417,129,100,100,http://localhost:7000/randomRequest,536,0,0
1676158059256,713,HTTP Request,200,,Thread-Gruppe  1-18,text,true,,492,129,100,100,http://localhost:7000/randomRequest,713,0,1
1676158059252,717,HTTP Request,200,,Thread-Gruppe  1-17,text,true,,485,129,100,100,http://localhost:7000/randomRequest,717,0,0
1676158059284,719,HTTP Request,200,,Thread-Gruppe  1-58,text,true,,418,129,100,100,http://localhost:7000/randomRequest,719,0,0
1676158059103,902,HTTP Request,200,,Thread-Gruppe  1-65,text,true,,643,129,100,100,http://localhost:7000/randomRequest,902,0,0
1676158059385,620,HTTP Request,200,,Thread-Gruppe  1-62,text,true,,560,129,100,100,http://localhost:7000/randomRequest,620,0,0
1676158058975,1030,HTTP Request,200,,Thread-Gruppe  1-92,text,true,,549,129,100,100,http://localhost:7000/randomRequest,1030,0,0
1676158058626,1398,HTTP Request,200,,Thread-Gruppe  1-22,text,true,,527,129,100,100,http://localhost:7000/randomRequest,1398,0,0
1676158059412,613,HTTP Request,200,,Thread-Gruppe  1-33,text,true,,419,129,100,100,http://localhost:7000/randomRequest,613,0,0
1676158058902,1123,HTTP Request,200,,Thread-Gruppe  1-40,text,true,,485,129,100,100,http://localhost:7000/randomRequest,1123,0,0
1676158058282,1743,HTTP Request,200,,Thread-Gruppe  1-77,text,true,,633,129,100,100,http://localhost:7000/randomRequest,1743,0,1
1676158058270,1766,HTTP Request,200,,Thread-Gruppe  1-43,text,true,,565,129,100,100,http://localhost:7000/randomRequest,1766,0,0
1676158058215,1830,HTTP Request,200,,Thread-Gruppe  1-23,text,true,,647,129,100,100,http://localhost:7000/randomRequest,1830,0,1
1676158059561,514,HTTP Request,200,,Thread-Gruppe  1-10,text,true,,418,129,100,100,http://localhost:7000/randomRequest,514,0,0
1676158059162,919,HTTP Request,200,,Thread-Gruppe  1-24,text,true,,490,129,100,100,http://localhost:7000/randomRequest,919,0,0
1676158059097,1009,HTTP Request,200,,Thread-Gruppe  1-78,text,true,,527,129,100,100,http://localhost:7000/randomRequest,1009,0,0
1676158059409,720,HTTP Request,200,,Thread-Gruppe  1-93,text,true,,566,129,100,100,http://localhost:7000/randomRequest,720,0,0
1676158058944,1205,HTTP Request,200,,Thread-Gruppe  1-63,text,true,,633,129,100,100,http://localhost:7000/randomRequest,1205,0,1
1676158059648,510,HTTP Request,200,,Thread-Gruppe  1-86,text,true,,419,129,100,100,http://localhost:7000/randomRequest,510,0,0
1676158059552,617,HTTP Request,200,,Thread-Gruppe  1-45,text,true,,489,129,100,100,http://localhost:7000/randomRequest,617,0,0
1676158059384,790,HTTP Request,200,,Thread-Gruppe  1-46,text,true,,633,129,100,100,http://localhost:7000/randomRequest,790,0,1
1676158059467,713,HTTP Request,200,,Thread-Gruppe  1-11,text,true,,559,129,100,100,http://localhost:7000/randomRequest,713,0,0
1676158059340,840,HTTP Request,200,,Thread-Gruppe  1-20,text,true,,417,129,100,100,http://localhost:7000/randomRequest,840,0,0
1676158058266,1940,HTTP Request,200,,Thread-Gruppe  1-38,text,true,,541,129,100,100,http://localhost:7000/randomRequest,1940,0,0
1676158059217,997,HTTP Request,200,,Thread-Gruppe  1-26,text,true,,633,129,100,100,http://localhost:7000/randomRequest,997,0,0
1676158059505,713,HTTP Request,200,,Thread-Gruppe  1-12,text,true,,563,129,100,100,http://localhost:7000/randomRequest,713,0,0
1676158059616,615,HTTP Request,200,,Thread-Gruppe  1-54,text,true,,419,129,100,100,http://localhost:7000/randomRequest,615,0,0
1676158058830,1429,HTTP Request,200,,Thread-Gruppe  1-49,text,true,,492,129,100,100,http://localhost:7000/randomRequest,1429,0,0
1676158059548,711,HTTP Request,200,,Thread-Gruppe  1-91,text,true,,564,129,100,100,http://localhost:7000/randomRequest,711,0,0
1676158059353,916,HTTP Request,200,,Thread-Gruppe  1-88,text,true,,492,129,100,100,http://localhost:7000/randomRequest,916,0,0
1676158059552,717,HTTP Request,200,,Thread-Gruppe  1-97,text,true,,492,129,100,100,http://localhost:7000/randomRequest,717,0,0
1676158059208,1127,HTTP Request,200,,Thread-Gruppe  1-81,text,true,,481,129,100,100,http://localhost:7000/randomRequest,1127,0,1
1676158058834,1501,HTTP Request,200,,Thread-Gruppe  1-21,text,true,,537,129,100,100,http://localhost:7000/randomRequest,1501,0,0
1676158059619,727,HTTP Request,200,,Thread-Gruppe  1-75,text,true,,485,129,100,100,http://localhost:7000/randomRequest,727,0,0
1676158059544,818,HTTP Request,200,,Thread-Gruppe  1-50,text,true,,492,129,100,100,http://localhost:7000/randomRequest,818,0,0
1676158059412,950,HTTP Request,200,,Thread-Gruppe  1-9,text,true,,474,129,100,100,http://localhost:7000/randomRequest,950,0,0
1676158059761,614,HTTP Request,200,,Thread-Gruppe  1-60,text,true,,403,129,100,100,http://localhost:7000/randomRequest,614,0,0
1676158059765,614,HTTP Request,200,,Thread-Gruppe  1-8,text,true,,490,129,100,100,http://localhost:7000/randomRequest,614,0,0
1676158059262,1125,HTTP Request,200,,Thread-Gruppe  1-56,text,true,,530,129,100,100,http://localhost:7000/randomRequest,1125,0,1
1676158059565,822,HTTP Request,200,,Thread-Gruppe  1-89,text,true,,492,129,100,100,http://localhost:7000/randomRequest,822,0,0
1676158058975,1418,HTTP Request,200,,Thread-Gruppe  1-57,text,true,,535,129,100,100,http://localhost:7000/randomRequest,1418,0,0
1676158059778,615,HTTP Request,200,,Thread-Gruppe  1-70,text,true,,419,129,100,100,http://localhost:7000/randomRequest,615,0,0
1676158059774,619,HTTP Request,200,,Thread-Gruppe  1-39,text,true,,419,129,100,100,http://localhost:7000/randomRequest,619,0,1
1676158059798,614,HTTP Request,200,,Thread-Gruppe  1-61,text,true,,563,129,100,100,http://localhost:7000/randomRequest,614,0,0
1676158059387,1025,HTTP Request,200,,Thread-Gruppe  1-99,text,true,,485,129,100,100,http://localhost:7000/randomRequest,1025,0,0
1676158060005,407,HTTP Request,200,,Thread-Gruppe  1-62,text,true,,551,129,100,100,http://localhost:7000/randomRequest,407,0,0
1676158059793,619,HTTP Request,200,,Thread-Gruppe  1-47,text,true,,416,129,100,100,http://localhost:7000/randomRequest,619,0,0
1676158059820,620,HTTP Request,200,,Thread-Gruppe  1-51,text,true,,419,129,100,100,http://localhost:7000/randomRequest,620,0,0
1676158059616,824,HTTP Request,200,,Thread-Gruppe  1-27,text,true,,418,129,100,100,http://localhost:7000/randomRequest,824,0,0
1676158058631,1809,HTTP Request,200,,Thread-Gruppe  1-83,text,true,,527,129,100,100,http://localhost:7000/randomRequest,1809,0,0
1676158059831,621,HTTP Request,200,,Thread-Gruppe  1-7,text,true,,492,129,100,100,http://localhost:7000/randomRequest,621,0,1
1676158059034,1418,HTTP Request,200,,Thread-Gruppe  1-35,text,true,,537,129,100,100,http://localhost:7000/randomRequest,1418,0,0
1676158059625,829,HTTP Request,200,,Thread-Gruppe  1-19,text,true,,488,129,100,100,http://localhost:7000/randomRequest,829,0,1
1676158059755,710,HTTP Request,200,,Thread-Gruppe  1-42,text,true,,419,129,100,100,http://localhost:7000/randomRequest,710,0,1
1676158059753,712,HTTP Request,200,,Thread-Gruppe  1-94,text,true,,488,129,100,100,http://localhost:7000/randomRequest,712,0,0
1676158059746,719,HTTP Request,200,,Thread-Gruppe  1-80,text,true,,419,129,100,100,http://localhost:7000/randomRequest,719,0,0
1676158059761,718,HTTP Request,200,,Thread-Gruppe  1-69,text,true,,555,129,100,100,http://localhost:7000/randomRequest,718,0,0
1676158059965,514,HTTP Request,200,,Thread-Gruppe  1-68,text,true,,417,129,100,100,http://localhost:7000/randomRequest,514,0,0
1676158059761,718,HTTP Request,200,,Thread-Gruppe  1-90,text,true,,489,129,100,100,http://localhost:7000/randomRequest,718,0,0
1676158059765,716,HTTP Request,200,,Thread-Gruppe  1-14,text,true,,550,129,100,100,http://localhost:7000/randomRequest,716,0,0
1676158059561,931,HTTP Request,200,,Thread-Gruppe  1-37,text,true,,419,129,100,100,http://localhost:7000/randomRequest,931,0,0
1676158059770,723,HTTP Request,200,,Thread-Gruppe  1-82,text,true,,492,129,100,100,http://localhost:7000/randomRequest,723,0,0
1676158059402,1104,HTTP Request,200,,Thread-Gruppe  1-87,text,true,,523,129,100,100,http://localhost:7000/randomRequest,1104,0,1
1676158059484,1031,HTTP Request,200,,Thread-Gruppe  1-2,text,true,,492,129,100,100,http://localhost:7000/randomRequest,1031,0,1
1676158059902,613,HTTP Request,200,,Thread-Gruppe  1-5,text,true,,419,129,100,100,http://localhost:7000/randomRequest,613,0,0
1676158059567,948,HTTP Request,200,,Thread-Gruppe  1-59,text,true,,417,129,100,100,http://localhost:7000/randomRequest,948,0,0
1676158059804,718,HTTP Request,200,,Thread-Gruppe  1-98,text,true,,552,129,100,100,http://localhost:7000/randomRequest,718,0,0
1676158059905,617,HTTP Request,200,,Thread-Gruppe  1-28,text,true,,481,129,100,100,http://localhost:7000/randomRequest,617,0,0
1676158060025,518,HTTP Request,200,,Thread-Gruppe  1-40,text,true,,549,129,100,100,http://localhost:7000/randomRequest,518,0,0
1676158060024,519,HTTP Request,200,,Thread-Gruppe  1-22,text,true,,419,129,100,100,http://localhost:7000/randomRequest,519,0,0
1676158060025,518,HTTP Request,200,,Thread-Gruppe  1-33,text,true,,419,129,100,100,http://localhost:7000/randomRequest,518,0,0
1676158059548,1021,HTTP Request,200,,Thread-Gruppe  1-95,text,true,,486,129,100,100,http://localhost:7000/randomRequest,1021,0,0
1676158059759,827,HTTP Request,200,,Thread-Gruppe  1-55,text,true,,485,129,100,100,http://localhost:7000/randomRequest,827,0,0
1676158059761,825,HTTP Request,200,,Thread-Gruppe  1-76,text,true,,419,129,100,100,http://localhost:7000/randomRequest,825,0,0
1676158060081,521,HTTP Request,200,,Thread-Gruppe  1-24,text,true,,416,129,100,100,http://localhost:7000/randomRequest,521,0,0
1676158060005,628,HTTP Request,200,,Thread-Gruppe  1-92,text,true,,555,129,100,100,http://localhost:7000/randomRequest,628,0,0
1676158059408,1225,HTTP Request,200,,Thread-Gruppe  1-30,text,true,,633,129,100,100,http://localhost:7000/randomRequest,1225,0,1
1676158059912,727,HTTP Request,200,,Thread-Gruppe  1-64,text,true,,492,129,100,100,http://localhost:7000/randomRequest,727,0,1
1676158059235,1413,HTTP Request,200,,Thread-Gruppe  1-34,text,true,,527,129,100,100,http://localhost:7000/randomRequest,1413,0,0
1676158059925,727,HTTP Request,200,,Thread-Gruppe  1-44,text,true,,403,129,100,100,http://localhost:7000/randomRequest,727,0,0
1676158060046,612,HTTP Request,200,,Thread-Gruppe  1-23,text,true,,419,129,100,100,http://localhost:7000/randomRequest,612,0,0
1676158059544,1114,HTTP Request,200,,Thread-Gruppe  1-3,text,true,,647,129,100,100,http://localhost:7000/randomRequest,1114,0,0
1676158059832,826,HTTP Request,200,,Thread-Gruppe  1-79,text,true,,490,129,100,100,http://localhost:7000/randomRequest,826,0,0
1676158059945,713,HTTP Request,200,,Thread-Gruppe  1-84,text,true,,492,129,100,100,http://localhost:7000/randomRequest,713,0,0
1676158060075,621,HTTP Request,200,,Thread-Gruppe  1-10,text,true,,557,129,100,100,http://localhost:7000/randomRequest,621,0,0
1676158060174,522,HTTP Request,200,,Thread-Gruppe  1-46,text,true,,419,129,100,100,http://localhost:7000/randomRequest,522,0,0
1676158059905,820,HTTP Request,200,,Thread-Gruppe  1-71,text,true,,558,129,100,100,http://localhost:7000/randomRequest,820,0,0
1676158059822,927,HTTP Request,200,,Thread-Gruppe  1-32,text,true,,554,129,100,100,http://localhost:7000/randomRequest,927,0,1
1676158059852,919,HTTP Request,200,,Thread-Gruppe  1-36,text,true,,492,129,100,100,http://localhost:7000/randomRequest,919,0,1
1676158058971,1804,HTTP Request,200,,Thread-Gruppe  1-72,text,true,,525,129,100,100,http://localhost:7000/randomRequest,1804,0,0
1676158059969,831,HTTP Request,200,,Thread-Gruppe  1-18,text,true,,492,129,100,100,http://localhost:7000/randomRequest,831,0,0
1676158060335,520,HTTP Request,200,,Thread-Gruppe  1-21,text,true,,492,129,100,100,http://localhost:7000/randomRequest,520,0,0
1676158060025,830,HTTP Request,200,,Thread-Gruppe  1-77,text,true,,492,129,100,100,http://localhost:7000/randomRequest,830,0,0
1676158060149,715,HTTP Request,200,,Thread-Gruppe  1-63,text,true,,492,129,100,100,http://localhost:7000/randomRequest,715,0,1
1676158060259,612,HTTP Request,200,,Thread-Gruppe  1-49,text,true,,492,129,100,100,http://localhost:7000/randomRequest,612,0,0
1676158060269,627,HTTP Request,200,,Thread-Gruppe  1-88,text,true,,548,129,100,100,http://localhost:7000/randomRequest,627,0,0
1676158060269,629,HTTP Request,200,,Thread-Gruppe  1-97,text,true,,419,129,100,100,http://localhost:7000/randomRequest,629,0,0
1676158060180,722,HTTP Request,200,,Thread-Gruppe  1-11,text,true,,492,129,100,100,http://localhost:7000/randomRequest,722,0,0
1676158060492,413,HTTP Request,200,,Thread-Gruppe  1-37,text,true,,543,129,100,100,http://localhost:7000/randomRequest,413,0,0
1676158060393,516,HTTP Request,200,,Thread-Gruppe  1-57,text,true,,419,129,100,100,http://localhost:7000/randomRequest,516,0,0
1676158060003,922,HTTP Request,200,,Thread-Gruppe  1-58,text,true,,492,129,100,100,http://localhost:7000/randomRequest,922,0,0
1676158060106,819,HTTP Request,200,,Thread-Gruppe  1-78,text,true,,562,129,100,100,http://localhost:7000/randomRequest,819,0,0
1676158060214,716,HTTP Request,200,,Thread-Gruppe  1-26,text,true,,564,129,100,100,http://localhost:7000/randomRequest,716,0,1
1676158060335,620,HTTP Request,200,,Thread-Gruppe  1-81,text,true,,565,129,100,100,http://localhost:7000/randomRequest,620,0,0
1676158059585,1417,HTTP Request,200,,Thread-Gruppe  1-67,text,true,,647,129,100,100,http://localhost:7000/randomRequest,1417,0,0
1676158060543,515,HTTP Request,200,,Thread-Gruppe  1-33,text,true,,419,129,100,100,http://localhost:7000/randomRequest,515,0,1
1676158060440,618,HTTP Request,200,,Thread-Gruppe  1-51,text,true,,490,129,100,100,http://localhost:7000/randomRequest,618,0,0
1676158060259,799,HTTP Request,200,,Thread-Gruppe  1-91,text,true,,481,129,100,100,http://localhost:7000/randomRequest,799,0,0
1676158059969,1133,HTTP Request,200,,Thread-Gruppe  1-17,text,true,,633,129,100,100,http://localhost:7000/randomRequest,1133,0,0
1676158060481,621,HTTP Request,200,,Thread-Gruppe  1-14,text,true,,485,129,100,100,http://localhost:7000/randomRequest,621,0,0
1676158060465,641,HTTP Request,200,,Thread-Gruppe  1-94,text,true,,542,129,100,100,http://localhost:7000/randomRequest,641,0,0
1676158060005,1101,HTTP Request,200,,Thread-Gruppe  1-65,text,true,,540,129,100,100,http://localhost:7000/randomRequest,1101,0,0
1676158060387,721,HTTP Request,200,,Thread-Gruppe  1-89,text,true,,492,129,100,100,http://localhost:7000/randomRequest,721,0,0
1676158060696,419,HTTP Request,200,,Thread-Gruppe  1-46,text,true,,483,129,100,100,http://localhost:7000/randomRequest,419,0,1
1676158060206,919,HTTP Request,200,,Thread-Gruppe  1-38,text,true,,403,129,100,100,http://localhost:7000/randomRequest,919,0,0
1676158060412,717,HTTP Request,200,,Thread-Gruppe  1-99,text,true,,418,129,100,100,http://localhost:7000/randomRequest,717,0,1
1676158060602,536,HTTP Request,200,,Thread-Gruppe  1-24,text,true,,548,129,100,100,http://localhost:7000/randomRequest,536,0,1
1676158060749,413,HTTP Request,200,,Thread-Gruppe  1-32,text,true,,485,129,100,100,http://localhost:7000/randomRequest,413,0,1
1676158060543,619,HTTP Request,200,,Thread-Gruppe  1-22,text,true,,557,129,100,100,http://localhost:7000/randomRequest,619,0,1
1676158060180,993,HTTP Request,200,,Thread-Gruppe  1-20,text,true,,527,129,100,100,http://localhost:7000/randomRequest,993,0,0
1676158060037,1136,HTTP Request,200,,Thread-Gruppe  1-43,text,true,,485,129,100,100,http://localhost:7000/randomRequest,1136,0,0
1676158060452,721,HTTP Request,200,,Thread-Gruppe  1-35,text,true,,555,129,100,100,http://localhost:7000/randomRequest,721,0,0
1676158060865,310,HTTP Request,200,,Thread-Gruppe  1-63,text,true,,551,129,100,100,http://localhost:7000/randomRequest,310,0,0
1676158060159,1017,HTTP Request,200,,Thread-Gruppe  1-86,text,true,,488,129,100,100,http://localhost:7000/randomRequest,1017,0,0
1676158060362,814,HTTP Request,200,,Thread-Gruppe  1-50,text,true,,418,129,100,100,http://localhost:7000/randomRequest,814,0,0
1676158059770,1406,HTTP Request,200,,Thread-Gruppe  1-31,text,true,,537,129,100,100,http://localhost:7000/randomRequest,1406,0,0
1676158060522,696,HTTP Request,200,,Thread-Gruppe  1-98,text,true,,640,129,100,100,http://localhost:7000/randomRequest,696,0,0
1676158060393,825,HTTP Request,200,,Thread-Gruppe  1-39,text,true,,485,129,100,100,http://localhost:7000/randomRequest,825,0,0
1676158060412,822,HTTP Request,200,,Thread-Gruppe  1-62,text,true,,419,129,100,100,http://localhost:7000/randomRequest,822,0,1
1676158060218,1034,HTTP Request,200,,Thread-Gruppe  1-12,text,true,,490,129,100,100,http://localhost:7000/randomRequest,1034,0,1
1676158060129,1136,HTTP Request,200,,Thread-Gruppe  1-93,text,true,,492,129,100,100,http://localhost:7000/randomRequest,1136,0,0
1676158060231,1034,HTTP Request,200,,Thread-Gruppe  1-54,text,true,,543,129,100,100,http://localhost:7000/randomRequest,1034,0,1
1676158060652,617,HTTP Request,200,,Thread-Gruppe  1-44,text,true,,549,129,100,100,http://localhost:7000/randomRequest,617,0,1
1676158060346,923,HTTP Request,200,,Thread-Gruppe  1-75,text,true,,564,129,100,100,http://localhost:7000/randomRequest,923,0,1
1676158060658,618,HTTP Request,200,,Thread-Gruppe  1-3,text,true,,490,129,100,100,http://localhost:7000/randomRequest,618,0,0
1676158060465,816,HTTP Request,200,,Thread-Gruppe  1-42,text,true,,547,129,100,100,http://localhost:7000/randomRequest,816,0,0
1676158060897,413,HTTP Request,200,,Thread-Gruppe  1-88,text,true,,548,129,100,100,http://localhost:7000/randomRequest,413,0,0
1676158060479,831,HTTP Request,200,,Thread-Gruppe  1-90,text,true,,561,129,100,100,http://localhost:7000/randomRequest,831,0,0
1676158060800,514,HTTP Request,200,,Thread-Gruppe  1-18,text,true,,555,129,100,100,http://localhost:7000/randomRequest,514,0,0
1676158060494,824,HTTP Request,200,,Thread-Gruppe  1-82,text,true,,419,129,100,100,http://localhost:7000/randomRequest,824,0,0
1676158060379,942,HTTP Request,200,,Thread-Gruppe  1-8,text,true,,417,129,100,100,http://localhost:7000/randomRequest,942,0,0
1676158060506,820,HTTP Request,200,,Thread-Gruppe  1-87,text,true,,418,129,100,100,http://localhost:7000/randomRequest,820,0,0
1676158059925,1410,HTTP Request,200,,Thread-Gruppe  1-25,text,true,,537,129,100,100,http://localhost:7000/randomRequest,1410,0,0
1676158060522,820,HTTP Request,200,,Thread-Gruppe  1-28,text,true,,492,129,100,100,http://localhost:7000/randomRequest,820,0,0
1676158060515,848,HTTP Request,200,,Thread-Gruppe  1-59,text,true,,415,129,100,100,http://localhost:7000/randomRequest,848,0,0
1676158059855,1514,HTTP Request,200,,Thread-Gruppe  1-6,text,true,,541,129,100,100,http://localhost:7000/randomRequest,1514,0,0
1676158060452,917,HTTP Request,200,,Thread-Gruppe  1-7,text,true,,486,129,100,100,http://localhost:7000/randomRequest,917,0,0
1676158060658,719,HTTP Request,200,,Thread-Gruppe  1-79,text,true,,562,129,100,100,http://localhost:7000/randomRequest,719,0,0
1676158060465,920,HTTP Request,200,,Thread-Gruppe  1-80,text,true,,488,129,100,100,http://localhost:7000/randomRequest,920,0,0
1676158060362,1023,HTTP Request,200,,Thread-Gruppe  1-9,text,true,,490,129,100,100,http://localhost:7000/randomRequest,1023,0,0
1676158060586,826,HTTP Request,200,,Thread-Gruppe  1-55,text,true,,485,129,100,100,http://localhost:7000/randomRequest,826,0,0
1676158061106,312,HTTP Request,200,,Thread-Gruppe  1-94,text,true,,419,129,100,100,http://localhost:7000/randomRequest,312,0,0
1676158060375,1044,HTTP Request,200,,Thread-Gruppe  1-60,text,true,,573,129,100,100,http://localhost:7000/randomRequest,1044,0,0
1676158060515,920,HTTP Request,200,,Thread-Gruppe  1-5,text,true,,492,129,100,100,http://localhost:7000/randomRequest,920,0,0
1676158060633,827,HTTP Request,200,,Thread-Gruppe  1-92,text,true,,553,129,100,100,http://localhost:7000/randomRequest,827,0,0
1676158060440,1030,HTTP Request,200,,Thread-Gruppe  1-27,text,true,,492,129,100,100,http://localhost:7000/randomRequest,1030,0,0
1676158059969,1501,HTTP Request,200,,Thread-Gruppe  1-52,text,true,,541,129,100,100,http://localhost:7000/randomRequest,1501,0,0
1676158060658,823,HTTP Request,200,,Thread-Gruppe  1-84,text,true,,403,129,100,100,http://localhost:7000/randomRequest,823,0,0
1676158060586,927,HTTP Request,200,,Thread-Gruppe  1-76,text,true,,492,129,100,100,http://localhost:7000/randomRequest,927,0,0
1676158060696,848,HTTP Request,200,,Thread-Gruppe  1-10,text,true,,417,129,100,100,http://localhost:7000/randomRequest,848,0,1
1676158060543,1005,HTTP Request,200,,Thread-Gruppe  1-40,text,true,,539,129,100,100,http://localhost:7000/randomRequest,1005,0,1
1676158060930,621,HTTP Request,200,,Thread-Gruppe  1-26,text,true,,492,129,100,100,http://localhost:7000/randomRequest,621,0,1
1676158060387,1205,HTTP Request,200,,Thread-Gruppe  1-56,text,true,,527,129,100,100,http://localhost:7000/randomRequest,1205,0,0
1676158060775,817,HTTP Request,200,,Thread-Gruppe  1-72,text,true,,419,129,100,100,http://localhost:7000/randomRequest,817,0,0
1676158060905,718,HTTP Request,200,,Thread-Gruppe  1-37,text,true,,403,129,100,100,http://localhost:7000/randomRequest,718,0,0
1676158061115,510,HTTP Request,200,,Thread-Gruppe  1-46,text,true,,418,129,100,100,http://localhost:7000/randomRequest,510,0,0
1676158060440,1215,HTTP Request,200,,Thread-Gruppe  1-83,text,true,,539,129,100,100,http://localhost:7000/randomRequest,1215,0,0
1676158060855,820,HTTP Request,200,,Thread-Gruppe  1-21,text,true,,492,129,100,100,http://localhost:7000/randomRequest,820,0,0
1676158061058,617,HTTP Request,200,,Thread-Gruppe  1-91,text,true,,565,129,100,100,http://localhost:7000/randomRequest,617,0,1
1676158061163,512,HTTP Request,200,,Thread-Gruppe  1-22,text,true,,562,129,100,100,http://localhost:7000/randomRequest,512,0,0
1676158060955,720,HTTP Request,200,,Thread-Gruppe  1-81,text,true,,490,129,100,100,http://localhost:7000/randomRequest,720,0,0
1676158060658,1027,HTTP Request,200,,Thread-Gruppe  1-23,text,true,,485,129,100,100,http://localhost:7000/randomRequest,1027,0,0
1676158061173,521,HTTP Request,200,,Thread-Gruppe  1-43,text,true,,415,129,100,100,http://localhost:7000/randomRequest,521,0,1
1676158060169,1549,HTTP Request,200,,Thread-Gruppe  1-45,text,true,,490,129,100,100,http://localhost:7000/randomRequest,1549,0,0
1676158060902,822,HTTP Request,200,,Thread-Gruppe  1-11,text,true,,490,129,100,100,http://localhost:7000/randomRequest,822,0,0
1676158061319,411,HTTP Request,200,,Thread-Gruppe  1-82,text,true,,419,129,100,100,http://localhost:7000/randomRequest,411,0,0
1676158060412,1323,HTTP Request,200,,Thread-Gruppe  1-47,text,true,,491,129,100,100,http://localhost:7000/randomRequest,1323,0,1
1676158060412,1323,HTTP Request,200,,Thread-Gruppe  1-61,text,true,,537,129,100,100,http://localhost:7000/randomRequest,1323,0,1
1676158061126,626,HTTP Request,200,,Thread-Gruppe  1-38,text,true,,553,129,100,100,http://localhost:7000/randomRequest,626,0,0
1676158061234,518,HTTP Request,200,,Thread-Gruppe  1-62,text,true,,485,129,100,100,http://localhost:7000/randomRequest,518,0,0
1676158060925,827,HTTP Request,200,,Thread-Gruppe  1-78,text,true,,419,129,100,100,http://localhost:7000/randomRequest,827,0,0
1676158060726,1027,HTTP Request,200,,Thread-Gruppe  1-71,text,true,,488,129,100,100,http://localhost:7000/randomRequest,1027,0,0
1676158061369,407,HTTP Request,200,,Thread-Gruppe  1-6,text,true,,419,129,100,100,http://localhost:7000/randomRequest,407,0,0
1676158061163,613,HTTP Request,200,,Thread-Gruppe  1-32,text,true,,490,129,100,100,http://localhost:7000/randomRequest,613,0,0
1676158061265,511,HTTP Request,200,,Thread-Gruppe  1-93,text,true,,419,129,100,100,http://localhost:7000/randomRequest,511,0,1
1676158061058,718,HTTP Request,200,,Thread-Gruppe  1-33,text,true,,403,129,100,100,http://localhost:7000/randomRequest,718,0,1
1676158060455,1321,HTTP Request,200,,Thread-Gruppe  1-19,text,true,,492,129,100,100,http://localhost:7000/randomRequest,1321,0,0
1676158061176,622,HTTP Request,200,,Thread-Gruppe  1-50,text,true,,490,129,100,100,http://localhost:7000/randomRequest,622,0,0
1676158061173,625,HTTP Request,200,,Thread-Gruppe  1-20,text,true,,546,129,100,100,http://localhost:7000/randomRequest,625,0,1
1676158061102,720,HTTP Request,200,,Thread-Gruppe  1-14,text,true,,403,129,100,100,http://localhost:7000/randomRequest,720,0,0
1676158061106,718,HTTP Request,200,,Thread-Gruppe  1-65,text,true,,418,129,100,100,http://localhost:7000/randomRequest,718,0,0
1676158061108,716,HTTP Request,200,,Thread-Gruppe  1-89,text,true,,418,129,100,100,http://localhost:7000/randomRequest,716,0,0
1676158060909,921,HTTP Request,200,,Thread-Gruppe  1-57,text,true,,2664,129,100,100,http://localhost:7000/randomRequest,921,0,0
1676158061335,517,HTTP Request,200,,Thread-Gruppe  1-25,text,true,,416,129,100,100,http://localhost:7000/randomRequest,517,0,0
1676158061269,611,HTTP Request,200,,Thread-Gruppe  1-44,text,true,,419,129,100,100,http://localhost:7000/randomRequest,611,0,0
1676158060855,1025,HTTP Request,200,,Thread-Gruppe  1-77,text,true,,565,129,100,100,http://localhost:7000/randomRequest,1025,0,0
1676158061176,727,HTTP Request,200,,Thread-Gruppe  1-86,text,true,,555,129,100,100,http://localhost:7000/randomRequest,727,0,0
1676158061173,730,HTTP Request,200,,Thread-Gruppe  1-35,text,true,,418,129,100,100,http://localhost:7000/randomRequest,730,0,1
1676158061176,727,HTTP Request,200,,Thread-Gruppe  1-31,text,true,,545,129,100,100,http://localhost:7000/randomRequest,727,0,0
1676158061385,518,HTTP Request,200,,Thread-Gruppe  1-9,text,true,,418,129,100,100,http://localhost:7000/randomRequest,518,0,1
1676158061175,728,HTTP Request,200,,Thread-Gruppe  1-63,text,true,,419,129,100,100,http://localhost:7000/randomRequest,728,0,0
1676158060515,1414,HTTP Request,200,,Thread-Gruppe  1-2,text,true,,645,129,100,100,http://localhost:7000/randomRequest,1414,0,0
1676158061314,615,HTTP Request,200,,Thread-Gruppe  1-18,text,true,,554,129,100,100,http://localhost:7000/randomRequest,615,0,1
1676158060569,1360,HTTP Request,200,,Thread-Gruppe  1-95,text,true,,675,129,100,100,http://localhost:7000/randomRequest,1360,0,0
1676158061219,712,HTTP Request,200,,Thread-Gruppe  1-98,text,true,,571,129,100,100,http://localhost:7000/randomRequest,712,0,0
1676158061219,712,HTTP Request,200,,Thread-Gruppe  1-39,text,true,,481,129,100,100,http://localhost:7000/randomRequest,712,0,0
1676158061321,610,HTTP Request,200,,Thread-Gruppe  1-8,text,true,,559,129,100,100,http://localhost:7000/randomRequest,610,0,0
1676158061326,614,HTTP Request,200,,Thread-Gruppe  1-87,text,true,,867,129,100,100,http://localhost:7000/randomRequest,614,0,0
1676158060639,1316,HTTP Request,200,,Thread-Gruppe  1-64,text,true,,527,129,100,100,http://localhost:7000/randomRequest,1316,0,1
1676158061460,515,HTTP Request,200,,Thread-Gruppe  1-92,text,true,,419,129,100,100,http://localhost:7000/randomRequest,515,0,0
1676158061364,617,HTTP Request,200,,Thread-Gruppe  1-59,text,true,,551,129,100,100,http://localhost:7000/randomRequest,617,0,0
1676158061269,712,HTTP Request,200,,Thread-Gruppe  1-75,text,true,,403,129,100,100,http://localhost:7000/randomRequest,712,0,0
1676158061265,716,HTTP Request,200,,Thread-Gruppe  1-54,text,true,,548,129,100,100,http://localhost:7000/randomRequest,716,0,1
1676158060393,1611,HTTP Request,200,,Thread-Gruppe  1-70,text,true,,537,129,100,100,http://localhost:7000/randomRequest,1611,0,0
1676158061481,523,HTTP Request,200,,Thread-Gruppe  1-84,text,true,,418,129,100,100,http://localhost:7000/randomRequest,523,0,0
1676158061412,611,HTTP Request,200,,Thread-Gruppe  1-55,text,true,,565,129,100,100,http://localhost:7000/randomRequest,611,0,1
1676158061002,1021,HTTP Request,200,,Thread-Gruppe  1-67,text,true,,492,129,100,100,http://localhost:7000/randomRequest,1021,0,0
1676158060648,1403,HTTP Request,200,,Thread-Gruppe  1-34,text,true,,647,129,100,100,http://localhost:7000/randomRequest,1403,0,0
1676158061436,622,HTTP Request,200,,Thread-Gruppe  1-5,text,true,,492,129,100,100,http://localhost:7000/randomRequest,622,0,0
1676158061545,513,HTTP Request,200,,Thread-Gruppe  1-10,text,true,,488,129,100,100,http://localhost:7000/randomRequest,513,0,0
1676158061129,929,HTTP Request,200,,Thread-Gruppe  1-99,text,true,,492,129,100,100,http://localhost:7000/randomRequest,929,0,1
1676158060925,1133,HTTP Request,200,,Thread-Gruppe  1-58,text,true,,492,129,100,100,http://localhost:7000/randomRequest,1133,0,0
1676158061551,507,HTTP Request,200,,Thread-Gruppe  1-26,text,true,,561,129,100,100,http://localhost:7000/randomRequest,507,0,0
1676158061470,613,HTTP Request,200,,Thread-Gruppe  1-27,text,true,,554,129,100,100,http://localhost:7000/randomRequest,613,0,0
1676158060871,1212,HTTP Request,200,,Thread-Gruppe  1-49,text,true,,643,129,100,100,http://localhost:7000/randomRequest,1212,0,1
1676158060771,1312,HTTP Request,200,,Thread-Gruppe  1-36,text,true,,537,129,100,100,http://localhost:7000/randomRequest,1312,0,1
1676158061369,714,HTTP Request,200,,Thread-Gruppe  1-7,text,true,,419,129,100,100,http://localhost:7000/randomRequest,714,0,0
1676158061385,720,HTTP Request,200,,Thread-Gruppe  1-80,text,true,,563,129,100,100,http://localhost:7000/randomRequest,720,0,1
1676158061592,513,HTTP Request,200,,Thread-Gruppe  1-72,text,true,,419,129,100,100,http://localhost:7000/randomRequest,513,0,0
1676158061277,828,HTTP Request,200,,Thread-Gruppe  1-3,text,true,,492,129,100,100,http://localhost:7000/randomRequest,828,0,0
1676158061310,814,HTTP Request,200,,Thread-Gruppe  1-90,text,true,,489,129,100,100,http://localhost:7000/randomRequest,814,0,1
1676158061419,712,HTTP Request,200,,Thread-Gruppe  1-60,text,true,,567,129,100,100,http://localhost:7000/randomRequest,712,0,0
1676158061252,890,HTTP Request,200,,Thread-Gruppe  1-12,text,true,,647,129,100,100,http://localhost:7000/randomRequest,890,0,0
1676158061342,816,HTTP Request,200,,Thread-Gruppe  1-28,text,true,,492,129,100,100,http://localhost:7000/randomRequest,816,0,0
1676158061675,517,HTTP Request,200,,Thread-Gruppe  1-81,text,true,,419,129,100,100,http://localhost:7000/randomRequest,517,0,0
1676158061419,791,HTTP Request,200,,Thread-Gruppe  1-94,text,true,,633,129,100,100,http://localhost:7000/randomRequest,791,0,0
1676158061799,411,HTTP Request,200,,Thread-Gruppe  1-20,text,true,,419,129,100,100,http://localhost:7000/randomRequest,411,0,0
1676158061310,900,HTTP Request,200,,Thread-Gruppe  1-88,text,true,,633,129,100,100,http://localhost:7000/randomRequest,900,0,1
1676158061724,509,HTTP Request,200,,Thread-Gruppe  1-11,text,true,,545,129,100,100,http://localhost:7000/randomRequest,509,0,0
1676158061625,616,HTTP Request,200,,Thread-Gruppe  1-46,text,true,,552,129,100,100,http://localhost:7000/randomRequest,616,0,0
1676158061735,508,HTTP Request,200,,Thread-Gruppe  1-61,text,true,,414,129,100,100,http://localhost:7000/randomRequest,508,0,1
1676158061548,714,HTTP Request,200,,Thread-Gruppe  1-40,text,true,,492,129,100,100,http://localhost:7000/randomRequest,714,0,0
1676158061752,510,HTTP Request,200,,Thread-Gruppe  1-38,text,true,,419,129,100,100,http://localhost:7000/randomRequest,510,0,0
1676158061753,509,HTTP Request,200,,Thread-Gruppe  1-71,text,true,,418,129,100,100,http://localhost:7000/randomRequest,509,0,1
1676158061058,1204,HTTP Request,200,,Thread-Gruppe  1-51,text,true,,541,129,100,100,http://localhost:7000/randomRequest,1204,0,1
1676158061281,990,HTTP Request,200,,Thread-Gruppe  1-42,text,true,,647,129,100,100,http://localhost:7000/randomRequest,990,0,0
1676158060479,1812,HTTP Request,200,,Thread-Gruppe  1-68,text,true,,540,129,100,100,http://localhost:7000/randomRequest,1812,0,0
1676158061470,821,HTTP Request,200,,Thread-Gruppe  1-52,text,true,,418,129,100,100,http://localhost:7000/randomRequest,821,0,0
1676158060898,1417,HTTP Request,200,,Thread-Gruppe  1-97,text,true,,537,129,100,100,http://localhost:7000/randomRequest,1417,0,0
1676158061592,723,HTTP Request,200,,Thread-Gruppe  1-56,text,true,,492,129,100,100,http://localhost:7000/randomRequest,723,0,0
1676158061719,607,HTTP Request,200,,Thread-Gruppe  1-45,text,true,,519,129,100,100,http://localhost:7000/randomRequest,607,0,0
1676158061752,613,HTTP Request,200,,Thread-Gruppe  1-62,text,true,,415,129,100,100,http://localhost:7000/randomRequest,613,0,1
1676158061685,723,HTTP Request,200,,Thread-Gruppe  1-23,text,true,,492,129,100,100,http://localhost:7000/randomRequest,723,0,1
1676158061694,726,HTTP Request,200,,Thread-Gruppe  1-43,text,true,,551,129,100,100,http://localhost:7000/randomRequest,726,0,1
1676158061903,517,HTTP Request,200,,Thread-Gruppe  1-86,text,true,,492,129,100,100,http://localhost:7000/randomRequest,517,0,1
1676158061929,512,HTTP Request,200,,Thread-Gruppe  1-18,text,true,,553,129,100,100,http://localhost:7000/randomRequest,512,0,0
1676158061830,622,HTTP Request,200,,Thread-Gruppe  1-57,text,true,,492,129,100,100,http://localhost:7000/randomRequest,622,0,1
1676158061931,521,HTTP Request,200,,Thread-Gruppe  1-39,text,true,,419,129,100,100,http://localhost:7000/randomRequest,521,0,0
1676158061940,513,HTTP Request,200,,Thread-Gruppe  1-87,text,true,,416,129,100,100,http://localhost:7000/randomRequest,513,0,1
1676158061377,1091,HTTP Request,200,,Thread-Gruppe  1-79,text,true,,645,129,100,100,http://localhost:7000/randomRequest,1091,0,0
1676158061975,511,HTTP Request,200,,Thread-Gruppe  1-92,text,true,,418,129,100,100,http://localhost:7000/randomRequest,511,0,0
1676158061981,517,HTTP Request,200,,Thread-Gruppe  1-75,text,true,,413,129,100,100,http://localhost:7000/randomRequest,517,0,0
1676158061675,827,HTTP Request,200,,Thread-Gruppe  1-22,text,true,,492,129,100,100,http://localhost:7000/randomRequest,827,0,0
1676158061903,617,HTTP Request,200,,Thread-Gruppe  1-35,text,true,,418,129,100,100,http://localhost:7000/randomRequest,617,0,1
1676158062004,516,HTTP Request,200,,Thread-Gruppe  1-84,text,true,,419,129,100,100,http://localhost:7000/randomRequest,516,0,1
1676158062105,416,HTTP Request,200,,Thread-Gruppe  1-3,text,true,,559,129,100,100,http://localhost:7000/randomRequest,415,0,1
1676158061513,1018,HTTP Request,200,,Thread-Gruppe  1-76,text,true,,489,129,100,100,http://localhost:7000/randomRequest,1018,0,1
1676158062004,542,HTTP Request,200,,Thread-Gruppe  1-70,text,true,,561,129,100,100,http://localhost:7000/randomRequest,542,0,1
1676158061824,722,HTTP Request,200,,Thread-Gruppe  1-89,text,true,,419,129,100,100,http://localhost:7000/randomRequest,722,0,0
1676158061931,623,HTTP Request,200,,Thread-Gruppe  1-8,text,true,,488,129,100,100,http://localhost:7000/randomRequest,623,0,0
1676158060633,1936,HTTP Request,200,,Thread-Gruppe  1-30,text,true,,527,129,100,100,http://localhost:7000/randomRequest,1936,0,0
1676158061955,614,HTTP Request,200,,Thread-Gruppe  1-64,text,true,,490,129,100,100,http://localhost:7000/randomRequest,614,0,0
1676158062051,529,HTTP Request,200,,Thread-Gruppe  1-34,text,true,,561,129,100,100,http://localhost:7000/randomRequest,529,0,0
1676158061777,826,HTTP Request,200,,Thread-Gruppe  1-33,text,true,,403,129,100,100,http://localhost:7000/randomRequest,826,0,0
1676158061824,824,HTTP Request,200,,Thread-Gruppe  1-65,text,true,,557,129,100,100,http://localhost:7000/randomRequest,824,0,0
1676158062158,516,HTTP Request,200,,Thread-Gruppe  1-28,text,true,,559,129,100,100,http://localhost:7000/randomRequest,516,0,1
1676158061102,1603,HTTP Request,200,,Thread-Gruppe  1-17,text,true,,535,129,100,100,http://localhost:7000/randomRequest,1603,0,0
1676158061903,818,HTTP Request,200,,Thread-Gruppe  1-9,text,true,,548,129,100,100,http://localhost:7000/randomRequest,818,0,1
1676158061138,1599,HTTP Request,200,,Thread-Gruppe  1-24,text,true,,541,129,100,100,http://localhost:7000/randomRequest,1599,0,0
1676158061929,823,HTTP Request,200,,Thread-Gruppe  1-95,text,true,,492,129,100,100,http://localhost:7000/randomRequest,823,0,0
1676158061752,1022,HTTP Request,200,,Thread-Gruppe  1-78,text,true,,485,129,100,100,http://localhost:7000/randomRequest,1022,0,1
1676158062058,719,HTTP Request,200,,Thread-Gruppe  1-10,text,true,,486,129,100,100,http://localhost:7000/randomRequest,719,0,1
1676158062058,719,HTTP Request,200,,Thread-Gruppe  1-26,text,true,,416,129,100,100,http://localhost:7000/randomRequest,719,0,1
1676158061675,1118,HTTP Request,200,,Thread-Gruppe  1-21,text,true,,495,129,100,100,http://localhost:7000/randomRequest,1118,0,0
1676158061853,940,HTTP Request,200,,Thread-Gruppe  1-25,text,true,,670,129,100,100,http://localhost:7000/randomRequest,940,0,0
1676158062084,721,HTTP Request,200,,Thread-Gruppe  1-36,text,true,,555,129,100,100,http://localhost:7000/randomRequest,721,0,0
1676158062084,721,HTTP Request,200,,Thread-Gruppe  1-27,text,true,,555,129,100,100,http://localhost:7000/randomRequest,721,0,0
1676158061981,824,HTTP Request,200,,Thread-Gruppe  1-59,text,true,,485,129,100,100,http://localhost:7000/randomRequest,824,0,0
1676158061777,1028,HTTP Request,200,,Thread-Gruppe  1-6,text,true,,492,129,100,100,http://localhost:7000/randomRequest,1028,0,0
1676158061903,918,HTTP Request,200,,Thread-Gruppe  1-63,text,true,,492,129,100,100,http://localhost:7000/randomRequest,918,0,1
1676158061735,1086,HTTP Request,200,,Thread-Gruppe  1-47,text,true,,647,129,100,100,http://localhost:7000/randomRequest,1086,0,1
1676158061730,1091,HTTP Request,200,,Thread-Gruppe  1-82,text,true,,527,129,100,100,http://localhost:7000/randomRequest,1091,0,0
1676158062210,611,HTTP Request,200,,Thread-Gruppe  1-94,text,true,,554,129,100,100,http://localhost:7000/randomRequest,611,0,0
1676158061799,1022,HTTP Request,200,,Thread-Gruppe  1-50,text,true,,485,129,100,100,http://localhost:7000/randomRequest,1022,0,0
1676158062124,716,HTTP Request,200,,Thread-Gruppe  1-90,text,true,,416,129,100,100,http://localhost:7000/randomRequest,716,0,0
1676158061903,937,HTTP Request,200,,Thread-Gruppe  1-31,text,true,,666,129,100,100,http://localhost:7000/randomRequest,937,0,1
1676158061929,925,HTTP Request,200,,Thread-Gruppe  1-2,text,true,,492,129,100,100,http://localhost:7000/randomRequest,925,0,0
1676158062058,823,HTTP Request,200,,Thread-Gruppe  1-99,text,true,,549,129,100,100,http://localhost:7000/randomRequest,823,0,1
1676158062105,784,HTTP Request,200,,Thread-Gruppe  1-80,text,true,,645,129,100,100,http://localhost:7000/randomRequest,784,0,1
1676158061777,1128,HTTP Request,200,,Thread-Gruppe  1-93,text,true,,492,129,100,100,http://localhost:7000/randomRequest,1128,0,0
1676158062084,821,HTTP Request,200,,Thread-Gruppe  1-49,text,true,,418,129,100,100,http://localhost:7000/randomRequest,821,0,0
1676158062420,512,HTTP Request,200,,Thread-Gruppe  1-43,text,true,,568,129,100,100,http://localhost:7000/randomRequest,512,0,0
1676158062441,515,HTTP Request,200,,Thread-Gruppe  1-18,text,true,,488,129,100,100,http://localhost:7000/randomRequest,515,0,1
1676158061675,1306,HTTP Request,200,,Thread-Gruppe  1-91,text,true,,633,129,100,100,http://localhost:7000/randomRequest,1306,0,0
1676158061881,1125,HTTP Request,200,,Thread-Gruppe  1-44,text,true,,490,129,100,100,http://localhost:7000/randomRequest,1125,0,0
1676158062192,822,HTTP Request,200,,Thread-Gruppe  1-81,text,true,,419,129,100,100,http://localhost:7000/randomRequest,822,0,0
1676158062105,921,HTTP Request,200,,Thread-Gruppe  1-72,text,true,,403,129,100,100,http://localhost:7000/randomRequest,921,0,1
1676158062084,942,HTTP Request,200,,Thread-Gruppe  1-7,text,true,,474,129,100,100,http://localhost:7000/randomRequest,942,0,0
1676158061623,1403,HTTP Request,200,,Thread-Gruppe  1-37,text,true,,541,129,100,100,http://localhost:7000/randomRequest,1403,0,0
1676158062210,816,HTTP Request,200,,Thread-Gruppe  1-88,text,true,,564,129,100,100,http://localhost:7000/randomRequest,816,0,0
1676158062315,717,HTTP Request,200,,Thread-Gruppe  1-97,text,true,,418,129,100,100,http://localhost:7000/randomRequest,717,0,0
1676158062420,612,HTTP Request,200,,Thread-Gruppe  1-86,text,true,,418,129,100,100,http://localhost:7000/randomRequest,612,0,0
1676158062315,717,HTTP Request,200,,Thread-Gruppe  1-56,text,true,,565,129,100,100,http://localhost:7000/randomRequest,717,0,0
1676158062521,511,HTTP Request,200,,Thread-Gruppe  1-35,text,true,,418,129,100,100,http://localhost:7000/randomRequest,511,0,0
1676158062131,929,HTTP Request,200,,Thread-Gruppe  1-60,text,true,,492,129,100,100,http://localhost:7000/randomRequest,929,0,0
1676158062142,922,HTTP Request,200,,Thread-Gruppe  1-12,text,true,,403,129,100,100,http://localhost:7000/randomRequest,922,0,1
1676158062452,612,HTTP Request,200,,Thread-Gruppe  1-57,text,true,,492,129,100,100,http://localhost:7000/randomRequest,612,0,0
1676158062569,516,HTTP Request,200,,Thread-Gruppe  1-30,text,true,,543,129,100,100,http://localhost:7000/randomRequest,516,0,1
1676158062271,814,HTTP Request,200,,Thread-Gruppe  1-42,text,true,,403,129,100,100,http://localhost:7000/randomRequest,814,0,0
1676158061822,1303,HTTP Request,200,,Thread-Gruppe  1-14,text,true,,526,129,100,100,http://localhost:7000/randomRequest,1303,0,1
1676158062737,408,HTTP Request,200,,Thread-Gruppe  1-24,text,true,,418,129,100,100,http://localhost:7000/randomRequest,408,0,0
1676158062648,512,HTTP Request,200,,Thread-Gruppe  1-65,text,true,,492,129,100,100,http://localhost:7000/randomRequest,512,0,0
1676158062452,716,HTTP Request,200,,Thread-Gruppe  1-39,text,true,,419,129,100,100,http://localhost:7000/randomRequest,716,0,0
1676158062241,949,HTTP Request,200,,Thread-Gruppe  1-46,text,true,,681,129,100,100,http://localhost:7000/randomRequest,949,0,0
1676158062262,928,HTTP Request,200,,Thread-Gruppe  1-71,text,true,,1538,129,100,100,http://localhost:7000/randomRequest,928,0,0
1676158062262,928,HTTP Request,200,,Thread-Gruppe  1-38,text,true,,560,129,100,100,http://localhost:7000/randomRequest,928,0,0
1676158062291,920,HTTP Request,200,,Thread-Gruppe  1-68,text,true,,418,129,100,100,http://localhost:7000/randomRequest,920,0,1
1676158062023,1200,HTTP Request,200,,Thread-Gruppe  1-55,text,true,,633,129,100,100,http://localhost:7000/randomRequest,1200,0,1
1676158062210,1020,HTTP Request,200,,Thread-Gruppe  1-20,text,true,,367,129,100,100,http://localhost:7000/randomRequest,1020,0,0
1676158062821,409,HTTP Request,200,,Thread-Gruppe  1-50,text,true,,419,129,100,100,http://localhost:7000/randomRequest,409,0,1
1676158062365,881,HTTP Request,200,,Thread-Gruppe  1-62,text,true,,643,129,100,100,http://localhost:7000/randomRequest,881,0,0
1676158062554,719,HTTP Request,200,,Thread-Gruppe  1-8,text,true,,489,129,100,100,http://localhost:7000/randomRequest,719,0,0
1676158061655,1618,HTTP Request,200,,Thread-Gruppe  1-83,text,true,,541,129,100,100,http://localhost:7000/randomRequest,1618,0,0
1676158062674,622,HTTP Request,200,,Thread-Gruppe  1-28,text,true,,565,129,100,100,http://localhost:7000/randomRequest,621,0,0
1676158062774,522,HTTP Request,200,,Thread-Gruppe  1-78,text,true,,418,129,100,100,http://localhost:7000/randomRequest,522,0,0
1676158062469,827,HTTP Request,200,,Thread-Gruppe  1-79,text,true,,419,129,100,100,http://localhost:7000/randomRequest,827,0,0
1676158061777,1533,HTTP Request,200,,Thread-Gruppe  1-32,text,true,,539,129,100,100,http://localhost:7000/randomRequest,1533,0,0
1676158062793,517,HTTP Request,200,,Thread-Gruppe  1-21,text,true,,568,129,100,100,http://localhost:7000/randomRequest,517,0,1
1676158062499,811,HTTP Request,200,,Thread-Gruppe  1-75,text,true,,492,129,100,100,http://localhost:7000/randomRequest,811,0,0
1676158062805,509,HTTP Request,200,,Thread-Gruppe  1-27,text,true,,419,129,100,100,http://localhost:7000/randomRequest,509,0,0
1676158062805,509,HTTP Request,200,,Thread-Gruppe  1-59,text,true,,564,129,100,100,http://localhost:7000/randomRequest,509,0,0
1676158062805,509,HTTP Request,200,,Thread-Gruppe  1-6,text,true,,547,129,100,100,http://localhost:7000/randomRequest,509,0,0
1676158062502,821,HTTP Request,200,,Thread-Gruppe  1-22,text,true,,547,129,100,100,http://localhost:7000/randomRequest,821,0,0
1676158062408,944,HTTP Request,200,,Thread-Gruppe  1-23,text,true,,415,129,100,100,http://localhost:7000/randomRequest,944,0,0
1676158062058,1315,HTTP Request,200,,Thread-Gruppe  1-58,text,true,,541,129,100,100,http://localhost:7000/randomRequest,1315,0,1
1676158062291,1102,HTTP Request,200,,Thread-Gruppe  1-52,text,true,,541,129,100,100,http://localhost:7000/randomRequest,1102,0,1
1676158062881,521,HTTP Request,200,,Thread-Gruppe  1-99,text,true,,419,129,100,100,http://localhost:7000/randomRequest,521,0,0
1676158061881,1551,HTTP Request,200,,Thread-Gruppe  1-77,text,true,,578,129,100,100,http://localhost:7000/randomRequest,1551,0,0
1676158063026,406,HTTP Request,200,,Thread-Gruppe  1-37,text,true,,555,129,100,100,http://localhost:7000/randomRequest,406,0,0
1676158063065,409,HTTP Request,200,,Thread-Gruppe  1-12,text,true,,554,129,100,100,http://localhost:7000/randomRequest,409,0,0
1676158062890,612,HTTP Request,200,,Thread-Gruppe  1-80,text,true,,561,129,100,100,http://localhost:7000/randomRequest,612,0,0
1676158062905,613,HTTP Request,200,,Thread-Gruppe  1-49,text,true,,403,129,100,100,http://localhost:7000/randomRequest,613,0,1
1676158063014,514,HTTP Request,200,,Thread-Gruppe  1-81,text,true,,418,129,100,100,http://localhost:7000/randomRequest,514,0,1
1676158062821,715,HTTP Request,200,,Thread-Gruppe  1-47,text,true,,530,129,100,100,http://localhost:7000/randomRequest,715,0,1
1676158062243,1293,HTTP Request,200,,Thread-Gruppe  1-61,text,true,,536,129,100,100,http://localhost:7000/randomRequest,1293,0,1
1676158062821,715,HTTP Request,200,,Thread-Gruppe  1-63,text,true,,492,129,100,100,http://localhost:7000/randomRequest,715,0,1
1676158062821,715,HTTP Request,200,,Thread-Gruppe  1-94,text,true,,545,129,100,100,http://localhost:7000/randomRequest,715,0,1
1676158063032,512,HTTP Request,200,,Thread-Gruppe  1-86,text,true,,403,129,100,100,http://localhost:7000/randomRequest,512,0,0
1676158062840,716,HTTP Request,200,,Thread-Gruppe  1-90,text,true,,492,129,100,100,http://localhost:7000/randomRequest,716,0,1
1676158062531,1043,HTTP Request,200,,Thread-Gruppe  1-76,text,true,,671,129,100,100,http://localhost:7000/randomRequest,1043,0,0
1676158062546,1028,HTTP Request,200,,Thread-Gruppe  1-70,text,true,,481,129,100,100,http://localhost:7000/randomRequest,1028,0,0
1676158062777,825,HTTP Request,200,,Thread-Gruppe  1-26,text,true,,543,129,100,100,http://localhost:7000/randomRequest,825,0,0
1676158062981,626,HTTP Request,200,,Thread-Gruppe  1-91,text,true,,492,129,100,100,http://localhost:7000/randomRequest,626,0,1
1676158063032,616,HTTP Request,200,,Thread-Gruppe  1-56,text,true,,419,129,100,100,http://localhost:7000/randomRequest,616,0,0
1676158062752,937,HTTP Request,200,,Thread-Gruppe  1-95,text,true,,492,129,100,100,http://localhost:7000/randomRequest,937,0,0
1676158062705,999,HTTP Request,200,,Thread-Gruppe  1-17,text,true,,645,129,100,100,http://localhost:7000/randomRequest,999,0,0
1676158063273,434,HTTP Request,200,,Thread-Gruppe  1-83,text,true,,417,129,100,100,http://localhost:7000/randomRequest,434,0,1
1676158063085,622,HTTP Request,200,,Thread-Gruppe  1-42,text,true,,419,129,100,100,http://localhost:7000/randomRequest,622,0,1
1676158062262,1456,HTTP Request,200,,Thread-Gruppe  1-51,text,true,,719,129,100,100,http://localhost:7000/randomRequest,1456,0,0
1676158062233,1496,HTTP Request,200,,Thread-Gruppe  1-11,text,true,,647,129,100,100,http://localhost:7000/randomRequest,1496,0,0
1676158063323,409,HTTP Request,200,,Thread-Gruppe  1-22,text,true,,419,129,100,100,http://localhost:7000/randomRequest,409,0,1
1676158063026,713,HTTP Request,200,,Thread-Gruppe  1-7,text,true,,415,129,100,100,http://localhost:7000/randomRequest,713,0,0
1676158062821,921,HTTP Request,200,,Thread-Gruppe  1-82,text,true,,492,129,100,100,http://localhost:7000/randomRequest,921,0,1
1676158062603,1139,HTTP Request,200,,Thread-Gruppe  1-33,text,true,,567,129,100,100,http://localhost:7000/randomRequest,1139,0,1
1676158062932,820,HTTP Request,200,,Thread-Gruppe  1-43,text,true,,492,129,100,100,http://localhost:7000/randomRequest,820,0,0
1676158062521,1231,HTTP Request,200,,Thread-Gruppe  1-3,text,true,,492,129,100,100,http://localhost:7000/randomRequest,1231,0,0
1676158063032,720,HTTP Request,200,,Thread-Gruppe  1-35,text,true,,403,129,100,100,http://localhost:7000/randomRequest,720,0,0
1676158062058,1699,HTTP Request,200,,Thread-Gruppe  1-5,text,true,,537,129,100,100,http://localhost:7000/randomRequest,1699,0,1
1676158063060,716,HTTP Request,200,,Thread-Gruppe  1-60,text,true,,488,129,100,100,http://localhost:7000/randomRequest,716,0,0
1676158061777,2029,HTTP Request,200,,Thread-Gruppe  1-19,text,true,,526,129,100,100,http://localhost:7000/randomRequest,2029,0,0
1676158062326,1498,HTTP Request,200,,Thread-Gruppe  1-45,text,true,,537,129,100,100,http://localhost:7000/randomRequest,1498,0,1
1676158062805,1019,HTTP Request,200,,Thread-Gruppe  1-36,text,true,,492,129,100,100,http://localhost:7000/randomRequest,1019,0,0
1676158063211,613,HTTP Request,200,,Thread-Gruppe  1-68,text,true,,415,129,100,100,http://localhost:7000/randomRequest,613,0,0
1676158062854,986,HTTP Request,200,,Thread-Gruppe  1-2,text,true,,541,129,100,100,http://localhost:7000/randomRequest,986,0,0
1676158063230,610,HTTP Request,200,,Thread-Gruppe  1-20,text,true,,557,129,100,100,http://localhost:7000/randomRequest,610,0,1
1676158063032,822,HTTP Request,200,,Thread-Gruppe  1-97,text,true,,554,129,100,100,http://localhost:7000/randomRequest,822,0,0
1676158062840,1024,HTTP Request,200,,Thread-Gruppe  1-31,text,true,,492,129,100,100,http://localhost:7000/randomRequest,1024,0,1
1676158063373,503,HTTP Request,200,,Thread-Gruppe  1-58,text,true,,419,129,100,100,http://localhost:7000/randomRequest,503,0,1
1676158061981,1926,HTTP Request,200,,Thread-Gruppe  1-54,text,true,,537,129,100,100,http://localhost:7000/randomRequest,1926,0,0
1676158062905,1002,HTTP Request,200,,Thread-Gruppe  1-93,text,true,,633,129,100,100,http://localhost:7000/randomRequest,1002,0,1
1676158063085,822,HTTP Request,200,,Thread-Gruppe  1-30,text,true,,485,129,100,100,http://localhost:7000/randomRequest,822,0,1
1676158063223,717,HTTP Request,200,,Thread-Gruppe  1-55,text,true,,488,129,100,100,http://localhost:7000/randomRequest,717,0,0
1676158061931,2018,HTTP Request,200,,Thread-Gruppe  1-98,text,true,,541,129,100,100,http://localhost:7000/randomRequest,2018,0,0
1676158063230,722,HTTP Request,200,,Thread-Gruppe  1-50,text,true,,552,129,100,100,http://localhost:7000/randomRequest,722,0,1
1676158063160,817,HTTP Request,200,,Thread-Gruppe  1-65,text,true,,481,129,100,100,http://localhost:7000/randomRequest,817,0,1
1676158063065,912,HTTP Request,200,,Thread-Gruppe  1-57,text,true,,490,129,100,100,http://localhost:7000/randomRequest,912,0,0
1676158063393,614,HTTP Request,200,,Thread-Gruppe  1-52,text,true,,418,129,100,100,http://localhost:7000/randomRequest,614,0,0
1676158063296,711,HTTP Request,200,,Thread-Gruppe  1-78,text,true,,403,129,100,100,http://localhost:7000/randomRequest,711,0,1
1676158063125,882,HTTP Request,200,,Thread-Gruppe  1-14,text,true,,633,129,100,100,http://localhost:7000/randomRequest,882,0,0
1676158063296,726,HTTP Request,200,,Thread-Gruppe  1-28,text,true,,419,129,100,100,http://localhost:7000/randomRequest,726,0,1
1676158063315,709,HTTP Request,200,,Thread-Gruppe  1-27,text,true,,492,129,100,100,http://localhost:7000/randomRequest,709,0,0
1676158063310,714,HTTP Request,200,,Thread-Gruppe  1-21,text,true,,492,129,100,100,http://localhost:7000/randomRequest,714,0,1
1676158062777,1247,HTTP Request,200,,Thread-Gruppe  1-10,text,true,,587,129,100,100,http://localhost:7000/randomRequest,1247,0,0
1676158063190,834,HTTP Request,200,,Thread-Gruppe  1-38,text,true,,556,129,100,100,http://localhost:7000/randomRequest,834,0,1
1676158063310,714,HTTP Request,200,,Thread-Gruppe  1-75,text,true,,490,129,100,100,http://localhost:7000/randomRequest,714,0,1
1676158063006,1018,HTTP Request,200,,Thread-Gruppe  1-44,text,true,,540,129,100,100,http://localhost:7000/randomRequest,1018,0,0
1676158063315,709,HTTP Request,200,,Thread-Gruppe  1-59,text,true,,481,129,100,100,http://localhost:7000/randomRequest,709,0,0
1676158063145,894,HTTP Request,200,,Thread-Gruppe  1-24,text,true,,525,129,100,100,http://localhost:7000/randomRequest,894,0,0
1676158063433,619,HTTP Request,200,,Thread-Gruppe  1-77,text,true,,492,129,100,100,http://localhost:7000/randomRequest,619,0,0
1676158063246,809,HTTP Request,200,,Thread-Gruppe  1-62,text,true,,633,129,100,100,http://localhost:7000/randomRequest,809,0,1
1676158063536,519,HTTP Request,200,,Thread-Gruppe  1-94,text,true,,555,129,100,100,http://localhost:7000/randomRequest,519,0,0
1676158062453,1616,HTTP Request,200,,Thread-Gruppe  1-87,text,true,,535,129,100,100,http://localhost:7000/randomRequest,1616,0,0
1676158062262,1809,HTTP Request,200,,Thread-Gruppe  1-40,text,true,,527,129,100,100,http://localhost:7000/randomRequest,1809,0,0
1676158062793,1288,HTTP Request,200,,Thread-Gruppe  1-25,text,true,,540,129,100,100,http://localhost:7000/randomRequest,1288,0,0
1676158062580,1501,HTTP Request,200,,Thread-Gruppe  1-34,text,true,,640,129,100,100,http://localhost:7000/randomRequest,1501,0,0
1676158063190,891,HTTP Request,200,,Thread-Gruppe  1-46,text,true,,647,129,100,100,http://localhost:7000/randomRequest,891,0,1
1676158063575,509,HTTP Request,200,,Thread-Gruppe  1-76,text,true,,492,129,100,100,http://localhost:7000/randomRequest,509,0,0
1676158063273,824,HTTP Request,200,,Thread-Gruppe  1-8,text,true,,552,129,100,100,http://localhost:7000/randomRequest,824,0,1
1676158063557,540,HTTP Request,200,,Thread-Gruppe  1-90,text,true,,566,129,100,100,http://localhost:7000/randomRequest,540,0,0
1676158062521,1607,HTTP Request,200,,Thread-Gruppe  1-84,text,true,,643,129,100,100,http://localhost:7000/randomRequest,1607,0,0
1676158063528,614,HTTP Request,200,,Thread-Gruppe  1-81,text,true,,561,129,100,100,http://localhost:7000/randomRequest,614,0,0
1676158062487,1655,HTTP Request,200,,Thread-Gruppe  1-92,text,true,,665,129,100,100,http://localhost:7000/randomRequest,1655,0,0
1676158063536,621,HTTP Request,200,,Thread-Gruppe  1-63,text,true,,554,129,100,100,http://localhost:7000/randomRequest,621,0,0
1676158063315,842,HTTP Request,200,,Thread-Gruppe  1-6,text,true,,563,129,100,100,http://localhost:7000/randomRequest,842,0,0
1676158063544,613,HTTP Request,200,,Thread-Gruppe  1-86,text,true,,570,129,100,100,http://localhost:7000/randomRequest,613,0,0
1676158063689,516,HTTP Request,200,,Thread-Gruppe  1-95,text,true,,538,129,100,100,http://localhost:7000/randomRequest,516,0,1
1676158063807,405,HTTP Request,200,,Thread-Gruppe  1-19,text,true,,417,129,100,100,http://localhost:7000/randomRequest,405,0,0
1676158063607,623,HTTP Request,200,,Thread-Gruppe  1-91,text,true,,492,129,100,100,http://localhost:7000/randomRequest,623,0,0
1676158063310,923,HTTP Request,200,,Thread-Gruppe  1-32,text,true,,539,129,100,100,http://localhost:7000/randomRequest,923,0,1
1676158063518,727,HTTP Request,200,,Thread-Gruppe  1-49,text,true,,481,129,100,100,http://localhost:7000/randomRequest,727,0,1
1676158063297,952,HTTP Request,200,,Thread-Gruppe  1-79,text,true,,417,129,100,100,http://localhost:7000/randomRequest,952,0,0
1676158062956,1301,HTTP Request,200,,Thread-Gruppe  1-18,text,true,,633,129,100,100,http://localhost:7000/randomRequest,1301,0,0
1676158063743,514,HTTP Request,200,,Thread-Gruppe  1-82,text,true,,558,129,100,100,http://localhost:7000/randomRequest,514,0,0
1676158063536,721,HTTP Request,200,,Thread-Gruppe  1-47,text,true,,486,129,100,100,http://localhost:7000/randomRequest,721,0,0
1676158063648,609,HTTP Request,200,,Thread-Gruppe  1-56,text,true,,418,129,100,100,http://localhost:7000/randomRequest,609,0,0
1676158063752,505,HTTP Request,200,,Thread-Gruppe  1-35,text,true,,551,129,100,100,http://localhost:7000/randomRequest,505,0,0
1676158062569,1707,HTTP Request,200,,Thread-Gruppe  1-64,text,true,,541,129,100,100,http://localhost:7000/randomRequest,1707,0,1
1676158063575,707,HTTP Request,200,,Thread-Gruppe  1-70,text,true,,419,129,100,100,http://localhost:7000/randomRequest,707,0,0
1676158063877,408,HTTP Request,200,,Thread-Gruppe  1-58,text,true,,570,129,100,100,http://localhost:7000/randomRequest,408,0,0
1676158063352,951,HTTP Request,200,,Thread-Gruppe  1-23,text,true,,682,129,100,100,http://localhost:7000/randomRequest,951,0,1
1676158062721,1595,HTTP Request,200,,Thread-Gruppe  1-9,text,true,,537,129,100,100,http://localhost:7000/randomRequest,1595,0,0
1676158063502,814,HTTP Request,200,,Thread-Gruppe  1-80,text,true,,547,129,100,100,http://localhost:7000/randomRequest,814,0,0
1676158063907,409,HTTP Request,200,,Thread-Gruppe  1-30,text,true,,562,129,100,100,http://localhost:7000/randomRequest,409,0,1
1676158063602,714,HTTP Request,200,,Thread-Gruppe  1-26,text,true,,483,129,100,100,http://localhost:7000/randomRequest,714,0,0
1676158063707,612,HTTP Request,200,,Thread-Gruppe  1-83,text,true,,563,129,100,100,http://localhost:7000/randomRequest,612,0,0
1676158063707,612,HTTP Request,200,,Thread-Gruppe  1-42,text,true,,550,129,100,100,http://localhost:7000/randomRequest,612,0,0
1676158063719,613,HTTP Request,200,,Thread-Gruppe  1-51,text,true,,556,129,100,100,http://localhost:7000/randomRequest,613,0,0
1676158063824,510,HTTP Request,200,,Thread-Gruppe  1-36,text,true,,556,129,100,100,http://localhost:7000/randomRequest,510,0,0
1676158063732,620,HTTP Request,200,,Thread-Gruppe  1-22,text,true,,551,129,100,100,http://localhost:7000/randomRequest,620,0,0
1676158063743,618,HTTP Request,200,,Thread-Gruppe  1-33,text,true,,416,129,100,100,http://localhost:7000/randomRequest,618,0,0
1676158063752,609,HTTP Request,200,,Thread-Gruppe  1-3,text,true,,419,129,100,100,http://localhost:7000/randomRequest,609,0,0
1676158063168,1206,HTTP Request,200,,Thread-Gruppe  1-39,text,true,,541,129,100,100,http://localhost:7000/randomRequest,1206,0,1
1676158063865,509,HTTP Request,200,,Thread-Gruppe  1-31,text,true,,488,129,100,100,http://localhost:7000/randomRequest,509,0,0
1676158063474,916,HTTP Request,200,,Thread-Gruppe  1-12,text,true,,492,129,100,100,http://localhost:7000/randomRequest,916,0,0
1676158063824,610,HTTP Request,200,,Thread-Gruppe  1-68,text,true,,419,129,100,100,http://localhost:7000/randomRequest,610,0,0
1676158063026,1408,HTTP Request,200,,Thread-Gruppe  1-72,text,true,,541,129,100,100,http://localhost:7000/randomRequest,1408,0,0
1676158063729,717,HTTP Request,200,,Thread-Gruppe  1-11,text,true,,490,129,100,100,http://localhost:7000/randomRequest,717,0,0
1676158063739,716,HTTP Request,200,,Thread-Gruppe  1-7,text,true,,547,129,100,100,http://localhost:7000/randomRequest,716,0,1
1676158064007,512,HTTP Request,200,,Thread-Gruppe  1-14,text,true,,492,129,100,100,http://localhost:7000/randomRequest,512,0,1
1676158063704,815,HTTP Request,200,,Thread-Gruppe  1-17,text,true,,492,129,100,100,http://localhost:7000/randomRequest,815,0,1
1676158064024,510,HTTP Request,200,,Thread-Gruppe  1-59,text,true,,489,129,100,100,http://localhost:7000/randomRequest,510,0,1
1676158062546,2013,HTTP Request,200,,Thread-Gruppe  1-89,text,true,,541,129,100,100,http://localhost:7000/randomRequest,2013,0,0
1676158063840,719,HTTP Request,200,,Thread-Gruppe  1-20,text,true,,572,129,100,100,http://localhost:7000/randomRequest,719,0,1
1676158064055,514,HTTP Request,200,,Thread-Gruppe  1-94,text,true,,419,129,100,100,http://localhost:7000/randomRequest,514,0,0
1676158064157,412,HTTP Request,200,,Thread-Gruppe  1-63,text,true,,569,129,100,100,http://localhost:7000/randomRequest,412,0,0
1676158064157,412,HTTP Request,200,,Thread-Gruppe  1-6,text,true,,543,129,100,100,http://localhost:7000/randomRequest,412,0,1
1676158063952,617,HTTP Request,200,,Thread-Gruppe  1-50,text,true,,557,129,100,100,http://localhost:7000/randomRequest,617,0,0
1676158063752,846,HTTP Request,200,,Thread-Gruppe  1-43,text,true,,573,129,100,100,http://localhost:7000/randomRequest,846,0,0
1676158063776,822,HTTP Request,200,,Thread-Gruppe  1-60,text,true,,481,129,100,100,http://localhost:7000/randomRequest,822,0,0
1676158063907,713,HTTP Request,200,,Thread-Gruppe  1-54,text,true,,556,129,100,100,http://localhost:7000/randomRequest,713,0,1
1676158064316,309,HTTP Request,200,,Thread-Gruppe  1-9,text,true,,563,129,100,100,http://localhost:7000/randomRequest,309,0,1
1676158064319,306,HTTP Request,200,,Thread-Gruppe  1-42,text,true,,419,129,100,100,http://localhost:7000/randomRequest,306,0,0
1676158064024,615,HTTP Request,200,,Thread-Gruppe  1-44,text,true,,485,129,100,100,http://localhost:7000/randomRequest,615,0,1
1676158063824,815,HTTP Request,200,,Thread-Gruppe  1-45,text,true,,403,129,100,100,http://localhost:7000/randomRequest,815,0,0
1676158063026,1627,HTTP Request,200,,Thread-Gruppe  1-88,text,true,,647,129,100,100,http://localhost:7000/randomRequest,1627,0,0
1676158063190,1463,HTTP Request,200,,Thread-Gruppe  1-71,text,true,,541,129,100,100,http://localhost:7000/randomRequest,1463,0,1
1676158063840,823,HTTP Request,200,,Thread-Gruppe  1-2,text,true,,403,129,100,100,http://localhost:7000/randomRequest,823,0,1
1676158063433,1249,HTTP Request,200,,Thread-Gruppe  1-37,text,true,,567,129,100,100,http://localhost:7000/randomRequest,1249,0,0
1676158064071,611,HTTP Request,200,,Thread-Gruppe  1-40,text,true,,570,129,100,100,http://localhost:7000/randomRequest,611,0,0
1676158064081,630,HTTP Request,200,,Thread-Gruppe  1-25,text,true,,419,129,100,100,http://localhost:7000/randomRequest,630,0,1
1676158064097,621,HTTP Request,200,,Thread-Gruppe  1-8,text,true,,555,129,100,100,http://localhost:7000/randomRequest,621,0,0
1676158063402,1316,HTTP Request,200,,Thread-Gruppe  1-99,text,true,,537,129,100,100,http://localhost:7000/randomRequest,1316,0,0
1676158064024,715,HTTP Request,200,,Thread-Gruppe  1-27,text,true,,492,129,100,100,http://localhost:7000/randomRequest,715,0,1
1676158064024,715,HTTP Request,200,,Thread-Gruppe  1-10,text,true,,492,129,100,100,http://localhost:7000/randomRequest,715,0,1
1676158064022,717,HTTP Request,200,,Thread-Gruppe  1-28,text,true,,419,129,100,100,http://localhost:7000/randomRequest,717,0,0
1676158064052,714,HTTP Request,200,,Thread-Gruppe  1-77,text,true,,481,129,100,100,http://localhost:7000/randomRequest,714,0,0
1676158063949,823,HTTP Request,200,,Thread-Gruppe  1-98,text,true,,486,129,100,100,http://localhost:7000/randomRequest,823,0,0
1676158064069,714,HTTP Request,200,,Thread-Gruppe  1-87,text,true,,492,129,100,100,http://localhost:7000/randomRequest,714,0,0
1676158063977,825,HTTP Request,200,,Thread-Gruppe  1-65,text,true,,492,129,100,100,http://localhost:7000/randomRequest,825,0,0
1676158064534,307,HTTP Request,200,,Thread-Gruppe  1-59,text,true,,419,129,100,100,http://localhost:7000/randomRequest,307,0,0
1676158064025,816,HTTP Request,200,,Thread-Gruppe  1-75,text,true,,488,129,100,100,http://localhost:7000/randomRequest,816,0,0
1676158064205,636,HTTP Request,200,,Thread-Gruppe  1-95,text,true,,417,129,100,100,http://localhost:7000/randomRequest,636,0,1
1676158064128,713,HTTP Request,200,,Thread-Gruppe  1-84,text,true,,492,129,100,100,http://localhost:7000/randomRequest,713,0,1
1676158064024,817,HTTP Request,200,,Thread-Gruppe  1-21,text,true,,539,129,100,100,http://localhost:7000/randomRequest,817,0,1
1676158064559,314,HTTP Request,200,,Thread-Gruppe  1-89,text,true,,418,129,100,100,http://localhost:7000/randomRequest,314,0,1
1676158064258,618,HTTP Request,200,,Thread-Gruppe  1-56,text,true,,2794,129,100,100,http://localhost:7000/randomRequest,618,0,0
1676158064257,619,HTTP Request,200,,Thread-Gruppe  1-47,text,true,,551,129,100,100,http://localhost:7000/randomRequest,619,0,1
1676158063854,1022,HTTP Request,200,,Thread-Gruppe  1-97,text,true,,488,129,100,100,http://localhost:7000/randomRequest,1022,0,1
1676158063977,929,HTTP Request,200,,Thread-Gruppe  1-57,text,true,,876,129,100,100,http://localhost:7000/randomRequest,929,0,0
1676158064390,532,HTTP Request,200,,Thread-Gruppe  1-12,text,true,,563,129,100,100,http://localhost:7000/randomRequest,532,0,1
1676158064212,713,HTTP Request,200,,Thread-Gruppe  1-19,text,true,,550,129,100,100,http://localhost:7000/randomRequest,713,0,0
1676158064316,617,HTTP Request,200,,Thread-Gruppe  1-80,text,true,,419,129,100,100,http://localhost:7000/randomRequest,617,0,1
1676158064334,618,HTTP Request,200,,Thread-Gruppe  1-36,text,true,,419,129,100,100,http://localhost:7000/randomRequest,618,0,0
1676158063757,1204,HTTP Request,200,,Thread-Gruppe  1-5,text,true,,633,129,100,100,http://localhost:7000/randomRequest,1204,0,1
1676158064142,830,HTTP Request,200,,Thread-Gruppe  1-92,text,true,,488,129,100,100,http://localhost:7000/randomRequest,830,0,0
1676158064455,523,HTTP Request,200,,Thread-Gruppe  1-7,text,true,,492,129,100,100,http://localhost:7000/randomRequest,523,0,0
1676158064569,409,HTTP Request,200,,Thread-Gruppe  1-63,text,true,,481,129,100,100,http://localhost:7000/randomRequest,409,0,0
1676158064569,411,HTTP Request,200,,Thread-Gruppe  1-50,text,true,,419,129,100,100,http://localhost:7000/randomRequest,411,0,0
1676158064519,519,HTTP Request,200,,Thread-Gruppe  1-17,text,true,,419,129,100,100,http://localhost:7000/randomRequest,519,0,0
1676158064316,722,HTTP Request,200,,Thread-Gruppe  1-26,text,true,,482,129,100,100,http://localhost:7000/randomRequest,722,0,1
1676158064625,414,HTTP Request,200,,Thread-Gruppe  1-42,text,true,,414,129,100,100,http://localhost:7000/randomRequest,414,0,1
1676158064024,1021,HTTP Request,200,,Thread-Gruppe  1-38,text,true,,492,129,100,100,http://localhost:7000/randomRequest,1021,0,1
1676158064007,1041,HTTP Request,200,,Thread-Gruppe  1-78,text,true,,414,129,100,100,http://localhost:7000/randomRequest,1041,0,1
1676158064639,417,HTTP Request,200,,Thread-Gruppe  1-44,text,true,,485,129,100,100,http://localhost:7000/randomRequest,417,0,0
1676158063536,1529,HTTP Request,200,,Thread-Gruppe  1-61,text,true,,525,129,100,100,http://localhost:7000/randomRequest,1529,0,0
1676158063907,1158,HTTP Request,200,,Thread-Gruppe  1-93,text,true,,565,129,100,100,http://localhost:7000/randomRequest,1158,0,1
1676158064039,1026,HTTP Request,200,,Thread-Gruppe  1-24,text,true,,492,129,100,100,http://localhost:7000/randomRequest,1026,0,1
1676158064257,827,HTTP Request,200,,Thread-Gruppe  1-18,text,true,,561,129,100,100,http://localhost:7000/randomRequest,827,0,0
1676158064374,715,HTTP Request,200,,Thread-Gruppe  1-31,text,true,,554,129,100,100,http://localhost:7000/randomRequest,715,0,0
1676158064374,718,HTTP Request,200,,Thread-Gruppe  1-39,text,true,,419,129,100,100,http://localhost:7000/randomRequest,718,0,0
1676158064361,744,HTTP Request,200,,Thread-Gruppe  1-33,text,true,,572,129,100,100,http://localhost:7000/randomRequest,744,0,1
1676158064282,828,HTTP Request,200,,Thread-Gruppe  1-70,text,true,,492,129,96,96,http://localhost:7000/randomRequest,828,0,0
1676158064081,1030,HTTP Request,200,,Thread-Gruppe  1-46,text,true,,492,129,96,96,http://localhost:7000/randomRequest,1030,0,1
1676158064285,826,HTTP Request,200,,Thread-Gruppe  1-58,text,true,,418,129,96,96,http://localhost:7000/randomRequest,826,0,1
1676158064081,1030,HTTP Request,200,,Thread-Gruppe  1-34,text,true,,554,129,96,96,http://localhost:7000/randomRequest,1030,0,1
1676158064097,1032,HTTP Request,200,,Thread-Gruppe  1-90,text,true,,403,129,92,92,http://localhost:7000/randomRequest,1032,0,0
1676158064711,418,HTTP Request,200,,Thread-Gruppe  1-25,text,true,,419,129,92,92,http://localhost:7000/randomRequest,418,0,1
1676158063941,1199,HTTP Request,200,,Thread-Gruppe  1-55,text,true,,647,129,90,90,http://localhost:7000/randomRequest,1199,0,0
1676158064230,918,HTTP Request,200,,Thread-Gruppe  1-91,text,true,,481,129,89,89,http://localhost:7000/randomRequest,918,0,0
1676158064332,820,HTTP Request,200,,Thread-Gruppe  1-51,text,true,,552,129,88,88,http://localhost:7000/randomRequest,820,0,1
1676158064233,923,HTTP Request,200,,Thread-Gruppe  1-32,text,true,,485,129,87,87,http://localhost:7000/randomRequest,923,0,0
1676158064434,722,HTTP Request,200,,Thread-Gruppe  1-72,text,true,,417,129,87,87,http://localhost:7000/randomRequest,722,0,0
1676158064639,517,HTTP Request,200,,Thread-Gruppe  1-45,text,true,,488,129,87,87,http://localhost:7000/randomRequest,517,0,0
1676158064519,637,HTTP Request,200,,Thread-Gruppe  1-14,text,true,,417,129,87,87,http://localhost:7000/randomRequest,637,0,0
1676158064249,927,HTTP Request,200,,Thread-Gruppe  1-79,text,true,,488,129,83,83,http://localhost:7000/randomRequest,927,0,0
1676158064257,924,HTTP Request,200,,Thread-Gruppe  1-82,text,true,,489,129,82,82,http://localhost:7000/randomRequest,924,0,1
1676158064559,622,HTTP Request,200,,Thread-Gruppe  1-20,text,true,,541,129,82,82,http://localhost:7000/randomRequest,622,0,1
1676158064303,912,HTTP Request,200,,Thread-Gruppe  1-23,text,true,,541,129,80,80,http://localhost:7000/randomRequest,912,0,1
1676158064598,620,HTTP Request,200,,Thread-Gruppe  1-43,text,true,,419,129,79,79,http://localhost:7000/randomRequest,620,0,0
1676158064718,507,HTTP Request,200,,Thread-Gruppe  1-99,text,true,,553,129,78,78,http://localhost:7000/randomRequest,507,0,1
1676158064620,610,HTTP Request,200,,Thread-Gruppe  1-54,text,true,,572,129,77,77,http://localhost:7000/randomRequest,610,0,0
1676158064142,1137,HTTP Request,200,,Thread-Gruppe  1-81,text,true,,560,129,76,76,http://localhost:7000/randomRequest,1137,0,0
1676158064772,515,HTTP Request,200,,Thread-Gruppe  1-98,text,true,,561,129,75,75,http://localhost:7000/randomRequest,515,0,1
1676158064569,718,HTTP Request,200,,Thread-Gruppe  1-94,text,true,,418,129,75,75,http://localhost:7000/randomRequest,718,0,0
1676158064876,411,HTTP Request,200,,Thread-Gruppe  1-97,text,true,,550,129,75,75,http://localhost:7000/randomRequest,411,0,0
1676158064007,1316,HTTP Request,200,,Thread-Gruppe  1-52,text,true,,647,129,72,72,http://localhost:7000/randomRequest,1316,0,1
1676158064739,617,HTTP Request,200,,Thread-Gruppe  1-28,text,true,,560,129,71,71,http://localhost:7000/randomRequest,617,0,1
1676158064653,721,HTTP Request,200,,Thread-Gruppe  1-88,text,true,,418,129,70,70,http://localhost:7000/randomRequest,721,0,0
1676158064961,413,HTTP Request,200,,Thread-Gruppe  1-5,text,true,,546,129,70,70,http://localhost:7000/randomRequest,413,0,0
1676158064972,409,HTTP Request,200,,Thread-Gruppe  1-92,text,true,,570,129,68,68,http://localhost:7000/randomRequest,409,0,1
1676158064361,1034,HTTP Request,200,,Thread-Gruppe  1-3,text,true,,558,129,67,67,http://localhost:7000/randomRequest,1034,0,1
1676158064783,623,HTTP Request,200,,Thread-Gruppe  1-87,text,true,,419,129,66,66,http://localhost:7000/randomRequest,623,0,1
1676158064352,1060,HTTP Request,200,,Thread-Gruppe  1-22,text,true,,474,129,65,65,http://localhost:7000/randomRequest,1060,0,0
1676158064803,617,HTTP Request,200,,Thread-Gruppe  1-65,text,true,,416,129,64,64,http://localhost:7000/randomRequest,617,0,0
1676158064625,827,HTTP Request,200,,Thread-Gruppe  1-9,text,true,,482,129,63,63,http://localhost:7000/randomRequest,827,0,1
1676158064841,619,HTTP Request,200,,Thread-Gruppe  1-95,text,true,,419,129,62,62,http://localhost:7000/randomRequest,619,0,0
1676158064841,619,HTTP Request,200,,Thread-Gruppe  1-84,text,true,,579,129,62,62,http://localhost:7000/randomRequest,619,0,0
1676158064841,619,HTTP Request,200,,Thread-Gruppe  1-59,text,true,,492,129,62,62,http://localhost:7000/randomRequest,619,0,0
1676158064952,516,HTTP Request,200,,Thread-Gruppe  1-36,text,true,,419,129,59,59,http://localhost:7000/randomRequest,516,0,0
1676158065065,414,HTTP Request,200,,Thread-Gruppe  1-93,text,true,,555,129,58,58,http://localhost:7000/randomRequest,414,0,0
1676158064246,1235,HTTP Request,200,,Thread-Gruppe  1-49,text,true,,485,129,57,57,http://localhost:7000/randomRequest,1235,0,0
1676158064055,1437,HTTP Request,200,,Thread-Gruppe  1-62,text,true,,541,129,56,56,http://localhost:7000/randomRequest,1437,0,0
1676158064978,518,HTTP Request,200,,Thread-Gruppe  1-7,text,true,,548,129,55,55,http://localhost:7000/randomRequest,518,0,0
1676158064876,620,HTTP Request,200,,Thread-Gruppe  1-56,text,true,,488,129,55,55,http://localhost:7000/randomRequest,620,0,0
1676158064569,927,HTTP Request,200,,Thread-Gruppe  1-6,text,true,,485,129,55,55,http://localhost:7000/randomRequest,927,0,0
1676158064906,590,HTTP Request,200,,Thread-Gruppe  1-57,text,true,,491,129,55,55,http://localhost:7000/randomRequest,590,0,0
1676158064276,1237,HTTP Request,200,,Thread-Gruppe  1-64,text,true,,403,129,51,51,http://localhost:7000/randomRequest,1237,0,0
1676158064316,1209,HTTP Request,200,,Thread-Gruppe  1-30,text,true,,495,129,50,50,http://localhost:7000/randomRequest,1209,0,1
1676158064922,618,HTTP Request,200,,Thread-Gruppe  1-12,text,true,,417,129,49,49,http://localhost:7000/randomRequest,618,0,1
1676158064718,822,HTTP Request,200,,Thread-Gruppe  1-8,text,true,,485,129,49,49,http://localhost:7000/randomRequest,822,0,1
1676158064841,719,HTTP Request,200,,Thread-Gruppe  1-21,text,true,,419,129,47,47,http://localhost:7000/randomRequest,719,0,0
1676158065048,532,HTTP Request,200,,Thread-Gruppe  1-78,text,true,,673,129,46,46,http://localhost:7000/randomRequest,532,0,0
1676158064447,1133,HTTP Request,200,,Thread-Gruppe  1-11,text,true,,633,129,46,46,http://localhost:7000/randomRequest,1133,0,0
1676158065065,515,HTTP Request,200,,Thread-Gruppe  1-24,text,true,,558,129,46,46,http://localhost:7000/randomRequest,515,0,0
1676158064739,841,HTTP Request,200,,Thread-Gruppe  1-27,text,true,,417,129,46,46,http://localhost:7000/randomRequest,841,0,0
1676158064663,933,HTTP Request,200,,Thread-Gruppe  1-2,text,true,,419,129,42,42,http://localhost:7000/randomRequest,933,0,0
1676158064157,1441,HTTP Request,200,,Thread-Gruppe  1-86,text,true,,403,129,41,41,http://localhost:7000/randomRequest,1441,0,1
1676158064682,927,HTTP Request,200,,Thread-Gruppe  1-40,text,true,,492,129,40,40,http://localhost:7000/randomRequest,927,0,0
1676158065038,616,HTTP Request,200,,Thread-Gruppe  1-17,text,true,,403,129,39,39,http://localhost:7000/randomRequest,616,0,1
1676158064934,724,HTTP Request,200,,Thread-Gruppe  1-80,text,true,,492,129,38,38,http://localhost:7000/randomRequest,724,0,0
1676158064258,1403,HTTP Request,200,,Thread-Gruppe  1-35,text,true,,633,129,37,37,http://localhost:7000/randomRequest,1403,0,0
1676158065045,616,HTTP Request,200,,Thread-Gruppe  1-38,text,true,,416,129,37,37,http://localhost:7000/randomRequest,616,0,0
1676158065038,642,HTTP Request,200,,Thread-Gruppe  1-26,text,true,,558,129,35,35,http://localhost:7000/randomRequest,642,0,1
1676158064682,999,HTTP Request,200,,Thread-Gruppe  1-37,text,true,,537,129,34,34,http://localhost:7000/randomRequest,999,0,0
1676158065065,617,HTTP Request,200,,Thread-Gruppe  1-61,text,true,,564,129,33,33,http://localhost:7000/randomRequest,617,0,0
1676158064978,723,HTTP Request,200,,Thread-Gruppe  1-63,text,true,,481,129,32,32,http://localhost:7000/randomRequest,723,0,0
1676158064084,1647,HTTP Request,200,,Thread-Gruppe  1-76,text,true,,530,129,31,31,http://localhost:7000/randomRequest,1647,0,0
1676158064598,1133,HTTP Request,200,,Thread-Gruppe  1-60,text,true,,403,129,31,31,http://localhost:7000/randomRequest,1133,0,0
1676158064980,751,HTTP Request,200,,Thread-Gruppe  1-50,text,true,,417,129,31,31,http://localhost:7000/randomRequest,751,0,0
1676158064925,817,HTTP Request,200,,Thread-Gruppe  1-19,text,true,,481,129,28,28,http://localhost:7000/randomRequest,817,0,0
1676158065056,692,HTTP Request,200,,Thread-Gruppe  1-44,text,true,,535,129,27,27,http://localhost:7000/randomRequest,692,0,0
1676158064434,1322,HTTP Request,200,,Thread-Gruppe  1-68,text,true,,541,129,26,26,http://localhost:7000/randomRequest,1322,0,0
1676158065039,719,HTTP Request,200,,Thread-Gruppe  1-42,text,true,,487,129,25,25,http://localhost:7000/randomRequest,719,0,1
1676158064739,1021,HTTP Request,200,,Thread-Gruppe  1-10,text,true,,492,129,24,24,http://localhost:7000/randomRequest,1021,0,1
1676158064876,1030,HTTP Request,200,,Thread-Gruppe  1-47,text,true,,645,129,23,23,http://localhost:7000/randomRequest,1030,0,0
1676158064319,1611,HTTP Request,200,,Thread-Gruppe  1-83,text,true,,537,129,22,22,http://localhost:7000/randomRequest,1611,0,0
1676158064766,1198,HTTP Request,200,,Thread-Gruppe  1-77,text,true,,527,129,21,21,http://localhost:7000/randomRequest,1198,0,1
1676158064653,1315,HTTP Request,200,,Thread-Gruppe  1-71,text,true,,527,129,20,20,http://localhost:7000/randomRequest,1315,0,0
1676158064873,1095,HTTP Request,200,,Thread-Gruppe  1-89,text,true,,537,129,20,20,http://localhost:7000/randomRequest,1095,0,0
1676158064841,1192,HTTP Request,200,,Thread-Gruppe  1-75,text,true,,527,129,18,18,http://localhost:7000/randomRequest,1192,0,0
1676158036225,30079,HTTP Request,500,,Thread-Gruppe  1-15,text,false,,258,129,17,17,http://localhost:7000/randomRequest,30079,0,0
1676158037289,30092,HTTP Request,500,,Thread-Gruppe  1-96,text,false,,258,129,16,16,http://localhost:7000/randomRequest,30092,0,1
1676158038863,30068,HTTP Request,500,,Thread-Gruppe  1-53,text,false,,258,129,15,15,http://localhost:7000/randomRequest,30068,0,0
1676158044951,30057,HTTP Request,500,,Thread-Gruppe  1-66,text,false,,258,129,14,14,http://localhost:7000/randomRequest,30056,0,0
1676158047376,30067,HTTP Request,500,,Thread-Gruppe  1-4,text,false,,258,129,13,13,http://localhost:7000/randomRequest,30067,0,0
1676158048142,30069,HTTP Request,500,,Thread-Gruppe  1-41,text,false,,258,129,12,12,http://localhost:7000/randomRequest,30069,0,0
1676158048543,30079,HTTP Request,500,,Thread-Gruppe  1-73,text,false,,258,129,11,11,http://localhost:7000/randomRequest,30079,0,0
1676158048865,30067,HTTP Request,500,,Thread-Gruppe  1-48,text,false,,258,129,10,10,http://localhost:7000/randomRequest,30067,0,0
1676158048865,30067,HTTP Request,500,,Thread-Gruppe  1-1,text,false,,258,129,10,10,http://localhost:7000/randomRequest,30067,0,0
1676158048890,30089,HTTP Request,500,,Thread-Gruppe  1-29,text,false,,258,129,8,8,http://localhost:7000/randomRequest,30089,0,0
1676158050672,30024,HTTP Request,500,,Thread-Gruppe  1-13,text,false,,258,129,7,7,http://localhost:7000/randomRequest,30024,0,0
1676158051502,30012,HTTP Request,500,,Thread-Gruppe  1-74,text,false,,258,129,6,6,http://localhost:7000/randomRequest,30012,0,0
1676158052196,30035,HTTP Request,500,,Thread-Gruppe  1-85,text,false,,258,129,5,5,http://localhost:7000/randomRequest,30035,0,1
1676158055960,30069,HTTP Request,500,,Thread-Gruppe  1-100,text,false,,258,129,4,4,http://localhost:7000/randomRequest,30069,0,1
1676158058283,30072,HTTP Request,500,,Thread-Gruppe  1-16,text,false,,258,129,3,3,http://localhost:7000/randomRequest,30072,0,0
1676158060479,30096,HTTP Request,500,,Thread-Gruppe  1-69,text,false,,258,129,2,2,http://localhost:7000/randomRequest,30096,0,0
1676158062023,30018,HTTP Request,500,,Thread-Gruppe  1-67,text,false,,258,129,1,1,http://localhost:7000/randomRequest,30018,0,1
